SpeakerKey,Speaker,전체발언,발전,경계,발전경계,관련발언,관련비중,정당,지역,성별,당선횟수,당선방법
경제기획원장관장기영,경제기획원장관 장기영,2920,1460,18,79,1557,53.321917808219176,미상,미상,미상,미상,미상
고흥문위원,고흥문 위원,4342,1149,36,83,1268,29.20313219714417,민정당,서울 성북구병,남,5선,전국구
김대중위원,김대중 위원,4482,966,53,113,1132,25.256581883087907,민주당,전남 목포,남,6선,지역구
기타참석자,기타 참석자,2239,982,20,35,1037,46.31531933899062,미상,미상,미상,미상,미상
이충환위원,이충환 위원,2084,809,15,61,885,42.46641074856046,민정당,"충북 진천,음성군",남,6선,지역구
위원장양순직,위원장 양순직,3980,823,17,11,851,21.381909547738694,민주공화당,충남 논산,남,3선,지역구
김재광위원,김재광 위원,2625,735,30,81,846,32.22857142857143,민정당,서울 서대문구갑,남,8선,지역구
김은하위원,김은하 위원,2523,670,30,48,748,29.647245342845817,민정당,경기 인천시을,남,6선,지역구
상공부장관박충훈,상공부장관 박충훈,1115,644,7,82,733,65.73991031390135,미상,미상,미상,미상,미상
상공부장관김정렴,상공부장관 김정렴,1289,676,7,43,726,56.32273079906904,미상,미상,미상,미상,미상
출석정부위원,출석 정부위원,2622,714,4,3,721,27.49809305873379,미상,미상,미상,미상,미상
노재필위원,노재필 위원,2883,641,33,30,704,24.419007977800902,민주공화당,"경남 양산,동래군",남,재선,지역구
이중재위원,이중재 위원,1697,606,27,69,702,41.3671184443135,민정당,전남 보성군,남,6선,전국구
출석국무위원,출석 국무위원,2464,615,50,12,677,27.475649350649352,미상,미상,미상,미상,미상
의장이효상,의장 이효상,5371,579,77,20,676,12.586110593930366,민주공화당,"경북 대구시,남구",남,5선,지역구
박찬위원,박찬 위원,1447,517,29,80,626,43.26192121630961,민정당,충남 공주,남,3선,지역구
피감사기관참석자,피감사기관 참석자,1101,565,22,17,604,54.85921889191644,미상,미상,미상,미상,미상
위원장정태성,위원장 정태성,2495,566,21,14,601,24.08817635270541,민주공화당,충북 청주,남,재선,지역구
위원장권오훈,위원장 권오훈,3323,528,35,10,573,17.24345470959976,민주공화당,경북 안동,남,초선,지역구
이병옥위원,이병옥 위원,1581,511,19,32,562,35.547122074636306,민주공화당,전북 부안군,남,4선,지역구
위원장김주인,위원장 김주인,2526,517,12,10,539,21.338083927157562,민주공화당,경남 거제,남,4선,지역구
경제기획원장관박충훈,경제기획원장관 박충훈,725,437,6,51,494,68.13793103448276,미상,미상,미상,미상,미상
위원장김봉환,위원장 김봉환,3337,443,36,13,492,14.743781839976025,민주공화당,"경북 군위,선산",남,4선,지역구
위원장김택수,위원장 김택수,1702,474,11,6,491,28.84841363102233,민주공화당,경남 김해,남,3선,지역구
장치훈위원,장치훈 위원,875,439,8,41,488,55.77142857142857,신민당,미상,남,초선,전국구
김형일위원,김형일 위원,1232,437,9,29,475,38.5551948051948,신민당,경기 화성,남,4선,지역구
정래정위원,정래정 위원,853,415,8,45,468,54.86518171160609,민주공화당,전남 광주을,남,재선,지역구
양극필위원,양극필 위원,2768,412,17,20,449,16.221098265895954,민주공화당,경남 동래,남,초선,지역구
위원장김성곤,위원장 김성곤,2435,426,13,5,444,18.234086242299792,민주공화당,"경북 달성,고령군",남,4선,지역구
건설부차관최종성,건설부차관 최종성,760,377,5,61,443,58.28947368421053,미상,미상,미상,미상,미상
위원장김재순,위원장 김재순,1734,415,10,13,438,25.259515570934255,민주공화당,"강원 철원,화천,양구",남,7선,지역구
교통부장관안경모,교통부장관 안경모,1061,394,12,30,436,41.0933081998115,미상,미상,미상,미상,미상
신관우위원,신관우 위원,1403,391,19,25,435,31.004989308624374,민주공화당,충북 청원군,남,초선,지역구
전문위원이정식,전문위원 이정식,1476,377,19,24,420,28.455284552845526,미상,미상,미상,미상,미상
정명섭위원,정명섭 위원,1078,364,19,36,419,38.868274582560296,자유민주당,전남 나주,남,3선,지역구
류청위원,류청 위원,1752,317,48,44,409,23.34474885844749,미상,미상,미상,미상,미상
양회수위원,양회수 위원,1224,362,8,20,390,31.862745098039213,민정당,"전남 곡성,화순군",남,재선,지역구
최영근위원,최영근 위원,1969,311,48,26,385,19.553072625698324,민주당,경남 울산시울주구,남,3선,지역구
건설부장관주원,건설부장관 주원,639,360,2,20,382,59.780907668231606,미상,미상,미상,미상,미상
상공부차관김정렴,상공부차관 김정렴,778,363,4,12,379,48.714652956298195,미상,미상,미상,미상,미상
위원장정헌조,위원장 정헌조,2086,334,23,15,372,17.833173537871524,민주공화당,"전남 함평,영광군",남,재선,지역구
김익기위원,김익기 위원,2101,308,40,8,356,16.94431223227035,신민당,미상,남,5선,전국구
홍영기위원,홍영기 위원,3292,275,45,35,355,10.783718104495748,민중당,서울 서대문구을,남,5선,지역구
이종근위원,이종근 위원,1275,278,32,45,355,27.84313725490196,민주공화당,충북 충주시중원,남,6선,전국구
국무총리정일권,국무총리 정일권,577,233,13,107,353,61.178509532062385,미상,미상,미상,미상,미상
김성철위원,김성철 위원,1182,320,7,20,347,29.357021996615906,민주공화당,"전북 이리시,익산군",남,재선,지역구
소선규위원,소선규 위원,1068,298,20,29,347,32.49063670411985,무소속,미상,남,4선,전국구
국방부장관김성은,국방부장관 김성은,688,184,37,121,342,49.7093023255814,미상,미상,미상,미상,미상
상공부차관이철승,상공부차관 이철승,645,328,5,8,341,52.86821705426357,미상,미상,미상,미상,미상
李敏雨위원,李敏雨 위원,812,291,13,32,336,41.37931034482759,미상,미상,미상,미상,미상
위원장최영두,위원장 최영두,2594,313,17,3,333,12.837316885119506,민주공화당,전북 완주,남,초선,지역구
경제기획원장관김학렬,경제기획원장관 김학렬,496,315,2,14,331,66.73387096774194,미상,미상,미상,미상,미상
재무부장관황종률,재무부장관 황종률,678,307,6,13,326,48.08259587020649,미상,미상,미상,미상,미상
위원장현오봉,위원장 현오봉,2440,297,18,9,324,13.278688524590162,민주공화당,제주 남제주군,남,6선,지역구
진형하위원,진형하 위원,1546,258,44,20,322,20.827943078913325,신민당,충남 대전,남,3선,지역구
이백일위원,이백일 위원,988,275,12,31,318,32.18623481781376,민주공화당,"경기 여주,양평군",남,재선,지역구
박삼준위원,박삼준 위원,763,258,15,45,318,41.67758846657929,신민당,미상,남,초선,전국구
의장정일권,의장 정일권,1963,304,6,6,316,16.09780947529292,민주공화당,"강원 속초,고성,양양,인제",남,3선,지역구
이만섭위원,이만섭 위원,1531,255,39,21,315,20.574787720444153,민주공화당,"경북 대구시,중구",남,8선,전국구
민영남위원,민영남 위원,928,279,13,22,314,33.83620689655172,무소속,전남 해남군,남,재선,지역구
이남준위원,이남준 위원,609,276,10,24,310,50.90311986863711,민주공화당,전남 진도,남,재선,지역구
총무처장관이석제,총무처장관 이석제,612,275,3,31,309,50.49019607843137,미상,미상,미상,미상,미상
진기배위원,진기배 위원,837,267,16,23,306,36.55913978494624,신민당,"경북 영양,울진군",남,초선,지역구
김봉환위원,김봉환 위원,1883,248,33,21,302,16.038236856080722,민주공화당,"경북 군위,선산",남,4선,지역구
재무부장관남덕우,재무부장관 남덕우,521,276,5,21,302,57.965451055662186,미상,미상,미상,미상,미상
농림부장관조시형,농림부장관 조시형,526,263,7,31,301,57.22433460076045,미상,미상,미상,미상,미상
김상현위원,김상현 위원,1041,204,21,72,297,28.530259365994237,민중당,서울 서대문구갑,남,6선,지역구
송원영위원,송원영 위원,1003,249,10,38,297,29.611166500498502,신민당,서울 동대문구갑,남,5선,지역구
이상철위원,이상철 위원,867,276,8,11,295,34.02537485582468,국민의당,"충남 청양,홍성군",남,3선,지역구
전문위원오정근,전문위원 오정근,677,249,29,13,291,42.98375184638109,미상,미상,미상,미상,미상
외무부장관최규하,외무부장관 최규하,636,137,50,104,291,45.75471698113208,미상,미상,미상,미상,미상
조창대위원,조창대 위원,1471,262,21,7,290,19.714479945615228,민주공화당,"경남 진해,창원시",남,재선,전국구
농림부장관차균희,농림부장관 차균희,531,233,17,38,288,54.23728813559322,미상,미상,미상,미상,미상
박한상위원,박한상 위원,1846,210,45,31,286,15.492957746478872,민정당,서울 영등포구을,남,6선,지역구
이재형위원,이재형 위원,1167,247,22,16,285,24.42159383033419,신민당,미상,남,7선,전국구
내무부장관박경원,내무부장관 박경원,607,221,18,46,285,46.952224052718286,미상,미상,미상,미상,미상
위원장김장섭,위원장 김장섭,4266,246,35,2,283,6.63384903891233,민주공화당,"경북 포항시,영일,울릉군",남,4선,지역구
김수한위원,김수한 위원,942,204,25,53,282,29.936305732484076,신민당,서울 영등포구을,남,6선,전국구
위원장김용순,위원장 김용순,2969,249,29,3,281,9.464466150218929,민주공화당,"경남 사천,하동,삼천포",남,재선,지역구
건설부장관이한림,건설부장관 이한림,409,255,3,22,280,68.45965770171149,미상,미상,미상,미상,미상
공보부장관홍종철,공보부장관 홍종철,869,212,13,52,277,31.875719217491373,미상,미상,미상,미상,미상
사무총장배영호,사무총장 배영호,693,247,12,18,277,39.97113997113997,미상,미상,미상,미상,미상
강문봉위원,강문봉 위원,1391,208,38,30,276,19.841840402588065,민정당,미상,남,재선,전국구
위원장전휴상,위원장 전휴상,1657,264,5,4,273,16.47555823777912,민주공화당,"전북 진안,무주,장수",남,4선,지역구
육인수위원,육인수 위원,770,225,18,29,272,35.324675324675326,민주공화당,"충북 보은,옥천군",남,5선,지역구
김상흠위원,김상흠 위원,729,254,3,13,270,37.03703703703704,신민당,전북 고창군,남,재선,지역구
박종태위원,박종태 위원,872,239,13,17,269,30.84862385321101,민주공화당,전남 광산,남,3선,지역구
이호범위원,이호범 위원,552,251,6,8,265,48.007246376811594,민주공화당,전남 나주군,남,초선,지역구
농림부장관이계순,농림부장관 이계순,406,248,4,13,265,65.27093596059113,미상,미상,미상,미상,미상
이희승위원,이희승 위원,1692,207,39,14,260,15.36643026004728,자유민주당,충북 충주시중원,남,초선,지역구
전문위원남정근,전문위원 남정근,658,238,7,13,258,39.209726443769,미상,미상,미상,미상,미상
김우영위원,김우영 위원,1113,225,14,18,257,23.090745732255165,민주공화당,"강원 춘천,춘성",남,초선,지역구
김임식위원,김임식 위원,576,226,3,28,257,44.61805555555556,민주공화당,부산 진구갑,남,4선,지역구
송한철위원,송한철 위원,490,234,5,17,256,52.244897959183675,민주공화당,"경북 성주,칠곡군",남,재선,지역구
위원장박승규,위원장 박승규,1384,222,15,17,254,18.352601156069365,민주공화당,"전남 담양,장성군",남,초선,지역구
김원만위원,김원만 위원,830,217,6,30,253,30.481927710843376,신민당,서울 용산구,남,5선,지역구
부의장장경순,부의장 장경순,2038,236,15,0,251,12.315996074582925,민주공화당,전북 김제군,남,5선,지역구
전문위원한문수,전문위원 한문수,1040,223,12,16,251,24.134615384615383,미상,미상,미상,미상,미상
전문위원한중건,전문위원 한중건,426,232,0,18,250,58.68544600938967,미상,미상,미상,미상,미상
보건사회부장관오원선,보건사회부장관 오원선,944,196,19,34,249,26.3771186440678,미상,미상,미상,미상,미상
재무부장관서봉균,재무부장관 서봉균,403,224,1,23,248,61.53846153846154,미상,미상,미상,미상,미상
경제기획원차관김학렬,경제기획원차관 김학렬,431,241,0,4,245,56.8445475638051,미상,미상,미상,미상,미상
류진위원,류진 위원,1153,207,16,19,242,20.9887250650477,신민당,미상,남,재선,전국구
전문위원박응구,전문위원 박응구,599,236,1,3,240,40.06677796327212,미상,미상,미상,미상,미상
차형근위원,차형근 위원,1172,218,6,15,239,20.392491467576793,민주공화당,"전북 군산시,옥구",남,초선,지역구
위원장구태회,위원장 구태회,1002,226,9,4,239,23.852295409181636,민주공화당,"경남 진주,진양",남,6선,지역구
서울특별시장김현옥,서울특별시장 김현옥,401,198,5,35,238,59.35162094763092,미상,미상,미상,미상,미상
길전식위원,길전식 위원,964,214,13,10,237,24.5850622406639,민주공화당,전남 장흥군,남,5선,지역구
최석림위원,최석림 위원,629,221,5,10,236,37.51987281399046,민주공화당,"경남 충무,통영,고성군",남,4선,지역구
이현재위원,이현재 위원,457,209,0,26,235,51.42231947483589,민주공화당,"전남 광양,구례군",남,초선,지역구
보건사회부장관정희섭,보건사회부장관 정희섭,455,186,6,43,235,51.64835164835166,미상,미상,미상,미상,미상
고형곤위원,고형곤 위원,1040,207,9,15,231,22.21153846153846,민정당,"전북 군산시,옥구",남,초선,지역구
이우헌위원,이우헌 위원,442,173,13,41,227,51.35746606334841,민주공화당,"전남 여수시,여천군",남,재선,지역구
출석위원,출석 위원,2559,13,212,0,225,8.792497069167643,미상,미상,미상,미상,미상
김현기위원,김현기 위원,569,173,13,39,225,39.54305799648506,신민당,"전북 이리시,익산군",남,4선,전국구
류창열위원,류창열 위원,496,202,1,22,225,45.36290322580645,미상,미상,미상,미상,미상
신형식위원,신형식 위원,1068,186,15,23,224,20.973782771535582,민주공화당,전남 고흥,남,4선,지역구
함덕용위원,함덕용 위원,737,207,6,11,224,30.39348710990502,신민당,미상,남,초선,전국구
옥조남위원,옥조남 위원,768,196,13,14,223,29.036458333333332,민주공화당,"경기 시흥,부천,옹진군",남,초선,지역구
조일환위원,조일환 위원,494,189,5,29,223,45.1417004048583,신민당,"경북 대구시,북,서구",남,4선,지역구
이종극위원,이종극 위원,1589,202,14,4,220,13.845185651353054,민주공화당,미상,남,초선,전국구
김주인위원,김주인 위원,469,202,3,14,219,46.695095948827294,민주공화당,경남 거제,남,4선,지역구
박영록위원,박영록 위원,396,186,6,27,219,55.3030303030303,신민당,강원 원주시원성군,남,4선,지역구
류광현위원,류광현 위원,448,188,3,25,216,48.214285714285715,미상,미상,미상,미상,미상
이상돈위원,이상돈 위원,2215,159,35,19,213,9.616252821670429,신민당,"충남 천안,천원군",남,3선,지역구
국무총리및,국무총리 및,315,164,17,32,213,67.61904761904762,미상,미상,미상,미상,미상
위원장서상린,위원장 서상린,1204,206,3,3,212,17.60797342192691,민주공화당,"경기 용인,안성",남,5선,지역구
최수룡위원,최수룡 위원,707,167,11,30,208,29.42008486562942,신민당,"경남 진해,창원시",남,초선,지역구
경제기획원차관장예준,경제기획원차관 장예준,337,198,0,6,204,60.534124629080125,미상,미상,미상,미상,미상
위원장최치환,위원장 최치환,1221,182,17,4,203,16.625716625716624,민주공화당,경남 남해군,남,5선,지역구
위원장길재호,위원장 길재호,1132,183,15,3,201,17.75618374558304,민주공화당,충남 금산군,남,3선,지역구
한상준위원,한상준 위원,407,152,13,33,198,48.64864864864865,민주공화당,"전북 임실군,순창군",남,3선,지역구
최정기위원,최정기 위원,848,180,5,10,195,22.995283018867923,민주공화당,미상,남,초선,전국구
농림부차관진봉현,농림부차관 진봉현,423,188,1,5,194,45.8628841607565,미상,미상,미상,미상,미상
농림부장관박동묘,농림부장관 박동묘,318,174,4,16,194,61.0062893081761,미상,미상,미상,미상,미상
문교부장관문홍주,문교부장관 문홍주,345,163,4,26,193,55.94202898550724,미상,미상,미상,미상,미상
신영주위원,신영주 위원,633,153,19,20,192,30.33175355450237,민주공화당,경남 창녕,남,재선,지역구
한건수위원,한건수 위원,709,137,17,37,191,26.939351198871652,국민의당,충남 예산군,남,4선,지역구
고재필위원,고재필 위원,586,170,9,10,189,32.25255972696246,민주공화당,"전남 담양,장성군",남,4선,지역구
류진산위원,류진산 위원,1117,103,59,26,188,16.83079677708147,신민당,미상,남,재선,전국구
방일홍위원,방일홍 위원,3162,135,23,28,186,5.88235294117647,신민당,미상,남,초선,전국구
정운갑위원,정운갑 위원,610,138,12,36,186,30.491803278688522,신민당,서울 성동구병,남,5선,전국구
이원만위원,이원만 위원,442,149,6,31,186,42.081447963800905,민주공화당,"경북 대구시,동구",남,3선,지역구
이우태위원,이우태 위원,661,160,5,18,183,27.685325264750375,신민당,미상,남,초선,전국구
배길도위원,배길도 위원,415,163,7,13,183,44.096385542168676,민주공화당,전남 무안군,남,재선,지역구
정태성위원,정태성 위원,398,166,3,13,182,45.7286432160804,민주공화당,충북 청주,남,재선,지역구
재무부장관김정렴,재무부장관 김정렴,384,171,4,7,182,47.39583333333333,미상,미상,미상,미상,미상
문교부장관권오병,문교부장관 권오병,534,132,16,33,181,33.89513108614232,미상,미상,미상,미상,미상
농림부장관김영준,농림부장관 김영준,251,144,3,33,180,71.71314741035857,미상,미상,미상,미상,미상
김호칠위원,김호칠 위원,403,161,2,16,179,44.41687344913151,민주공화당,미상,남,초선,전국구
위원장정래정,위원장 정래정,1099,161,12,4,177,16.10555050045496,민주공화당,전남 광주을,남,재선,지역구
이상무위원,이상무 위원,848,141,14,22,177,20.87264150943396,민주공화당,"경북 경주,월성군",남,재선,지역구
이상희위원,이상희 위원,617,160,10,7,177,28.687196110210696,민주공화당,충남 서산,남,재선,지역구
경제기획원차관김태동,경제기획원차관 김태동,314,165,2,10,177,56.36942675159236,미상,미상,미상,미상,미상
김병순위원,김병순 위원,304,141,3,33,177,58.223684210526315,민주공화당,전남 해남,남,4선,지역구
위원장백남억,위원장 백남억,1524,161,14,1,176,11.548556430446194,민주공화당,경북 김천시금릉,남,5선,지역구
위원장김동환,위원장 김동환,1158,141,27,7,175,15.112262521588946,민주공화당,미상,남,재선,전국구
원호처장박기석,원호처장 박기석,361,120,12,43,175,48.476454293628805,미상,미상,미상,미상,미상
외무부장관이동원,외무부장관 이동원,547,102,33,34,169,30.895795246800734,미상,미상,미상,미상,미상
박병배위원,박병배 위원,432,110,9,50,169,39.120370370370374,신민당,충남 대전,남,5선,지역구
위원장대리이충환,위원장대리 이충환,469,165,1,1,167,35.60767590618337,민정당,"충북 진천,음성군",남,6선,지역구
내무부장관양찬우,내무부장관 양찬우,288,135,8,24,167,57.986111111111114,미상,미상,미상,미상,미상
정해영위원,정해영 위원,447,153,5,8,166,37.13646532438479,신민당,부산 진구을,남,7선,전국구
김재순위원,김재순 위원,387,135,13,18,166,42.89405684754522,민주공화당,"강원 철원,화천,양구",남,7선,지역구
건설부장관전예용,건설부장관 전예용,240,144,1,21,166,69.16666666666667,미상,미상,미상,미상,미상
위원,위원,628,155,3,7,165,26.273885350318473,미상,미상,미상,미상,미상
김중한위원,김중한 위원,482,147,5,13,165,34.232365145228215,민주공화당,"경북 청송,영덕",남,초선,지역구
노동청장이승택,노동청장 이승택,235,134,0,31,165,70.2127659574468,미상,미상,미상,미상,미상
전문위원조영선,전문위원 조영선,623,131,11,21,163,26.163723916532906,미상,미상,미상,미상,미상
이성수위원,이성수 위원,479,147,6,10,163,34.029227557411275,민주공화당,미상,남,재선,전국구
위원장대리김주인,위원장대리 김주인,725,160,1,1,162,22.344827586206897,민주공화당,경남 거제,남,4선,지역구
한통숙위원,한통숙 위원,327,105,17,38,160,48.92966360856269,민주당,서울 영등포구갑,남,3선,지역구
김정근위원,김정근 위원,479,127,6,26,159,33.194154488517746,민주공화당,경북 상주,남,재선,지역구
방성출위원,방성출 위원,384,138,3,14,155,40.36458333333333,민주공화당,"경남 의령,함안군",남,초선,지역구
철도청장이훈섭,철도청장 이훈섭,266,142,1,12,155,58.27067669172933,미상,미상,미상,미상,미상
위원장이우헌,위원장 이우헌,1132,139,10,5,154,13.604240282685511,민주공화당,"전남 여수시,여천군",남,재선,지역구
김성용위원,김성용 위원,740,121,23,10,154,20.81081081081081,민주당,미상,남,3선,전국구
최희송위원,최희송 위원,705,139,11,4,154,21.843971631205676,민주당,미상,남,4선,전국구
전문위원이태성,전문위원 이태성,242,144,2,8,154,63.63636363636363,미상,미상,미상,미상,미상
윤인식위원,윤인식 위원,280,118,3,31,152,54.285714285714285,민주공화당,"전남 함평,영광군",남,4선,지역구
한태연위원,한태연 위원,1738,108,35,8,151,8.688147295742233,민주공화당,미상,남,3선,전국구
전문위원이진수,전문위원 이진수,320,135,1,15,151,47.1875,미상,미상,미상,미상,미상
강승구위원,강승구 위원,358,117,5,28,150,41.899441340782126,신민당,"경기 의정부시,양주군",남,3선,지역구
류치송위원,류치송 위원,1449,111,16,21,148,10.213940648723257,미상,미상,미상,미상,미상
최치환위원,최치환 위원,298,122,7,19,148,49.664429530201346,민주공화당,경남 남해군,남,5선,지역구
최서일위원,최서일 위원,266,134,3,11,148,55.639097744360896,민주공화당,전남 완도,남,초선,지역구
류승원위원,류승원 위원,601,117,13,17,147,24.459234608985025,미상,미상,미상,미상,미상
전문위원이창규,전문위원 이창규,339,138,1,8,147,43.36283185840708,미상,미상,미상,미상,미상
오학진위원,오학진 위원,362,136,1,9,146,40.331491712707184,민주공화당,"경기 시흥,부천,옹진군",남,4선,지역구
장승태위원,장승태 위원,309,122,2,20,144,46.601941747572816,민주공화당,"강원 영월,정선군",남,4선,지역구
김용순위원,김용순 위원,413,132,3,8,143,34.624697336561745,민주공화당,"경남 사천,하동,삼천포",남,재선,지역구
민병권위원,민병권 위원,400,121,7,15,143,35.75,민주공화당,"경남 함양,거창군",남,4선,지역구
신인우위원,신인우 위원,433,123,6,13,142,32.79445727482679,신민당,서울 중구,남,재선,지역구
김창욱위원,김창욱 위원,672,128,3,10,141,20.982142857142858,민주공화당,"경남 의령,함안군",남,초선,지역구
황호현위원,황호현 위원,568,116,19,6,141,24.823943661971832,민주공화당,"강원 횡성,평창군",남,3선,지역구
철도청장김진식,철도청장 김진식,521,141,0,0,141,27.06333973128599,미상,미상,미상,미상,미상
우홍구위원,우홍구 위원,436,113,7,21,141,32.3394495412844,신민당,경북 의성군,남,재선,지역구
체신부기획관리실장임남수,체신부기획관리실장 임남수,428,139,1,1,141,32.94392523364486,미상,미상,미상,미상,미상
외무부차관김영주,외무부차관 김영주,397,87,18,36,141,35.51637279596977,미상,미상,미상,미상,미상
이기택위원,이기택 위원,353,96,5,38,139,39.376770538243626,신민당,부산 동래구을,남,7선,전국구
류범수위원,류범수 위원,202,96,12,30,138,68.31683168316832,미상,미상,미상,미상,미상
최두고위원,최두고 위원,301,111,4,22,137,45.51495016611295,민주공화당,부산 진구을,남,재선,지역구
위원장육인수,위원장 육인수,595,127,6,3,136,22.857142857142858,민주공화당,"충북 보은,옥천군",남,5선,지역구
오치성위원,오치성 위원,935,118,11,6,135,14.43850267379679,민주공화당,"경기 연천,포천,가평군",남,4선,전국구
김영복위원,김영복 위원,431,121,9,5,135,31.322505800464036,민주공화당,미상,남,초선,전국구
김삼위원,김삼 위원,928,107,7,18,132,14.224137931034484,자유민주당,"강원 강릉,명주",남,초선,지역구
김동환위원,김동환 위원,426,93,23,13,129,30.28169014084507,민주공화당,미상,남,재선,전국구
김진만위원,김진만 위원,397,110,7,11,128,32.241813602015114,민주공화당,강원 삼척군,남,7선,지역구
정진동위원,정진동 위원,395,109,6,13,128,32.40506329113924,민주공화당,경북 예천군,남,재선,지역구
전문위원최선,전문위원 최선,306,118,3,7,128,41.830065359477125,미상,미상,미상,미상,미상
전매청장박정훈,전매청장 박정훈,303,112,4,12,128,42.244224422442244,미상,미상,미상,미상,미상
문교부장관홍종철,문교부장관 홍종철,252,117,4,7,128,50.79365079365079,미상,미상,미상,미상,미상
위원장노재필,위원장 노재필,1076,120,5,2,127,11.802973977695167,민주공화당,"경남 양산,동래군",남,재선,지역구
내무부장관이호,내무부장관 이호,274,83,13,31,127,46.35036496350365,미상,미상,미상,미상,미상
문교부차관성동준,문교부차관 성동준,298,113,7,6,126,42.281879194630875,미상,미상,미상,미상,미상
상공부장관이낙선,상공부장관 이낙선,203,106,1,19,126,62.06896551724138,미상,미상,미상,미상,미상
위원장민병권,위원장 민병권,1186,93,30,2,125,10.539629005059021,민주공화당,"경남 함양,거창군",남,4선,지역구
위원장예춘호,위원장 예춘호,695,117,7,1,125,17.985611510791365,민주공화당,부산 영도구,남,3선,지역구
정일형위원,정일형 위원,457,54,40,31,125,27.35229759299781,신민당,서울 중구,남,8선,지역구
전문위원정인호,전문위원 정인호,402,107,6,12,125,31.094527363184078,미상,미상,미상,미상,미상
김응주위원,김응주 위원,303,95,5,25,125,41.254125412541256,신민당,부산 중구,남,4선,지역구
재무부장관이정환,재무부장관 이정환,294,113,0,12,125,42.517006802721085,미상,미상,미상,미상,미상
내무부장관엄민영,내무부장관 엄민영,264,87,16,21,124,46.96969696969697,미상,미상,미상,미상,미상
위원장이종근,위원장 이종근,655,115,6,2,123,18.778625954198475,민주공화당,충북 충주시중원,남,6선,지역구
이정래위원,이정래 위원,248,87,10,26,123,49.596774193548384,신민당,전남 보성군,남,3선,지역구
문교부장관윤천주,문교부장관 윤천주,452,99,9,14,122,26.991150442477874,미상,미상,미상,미상,미상
정운근위원,정운근 위원,394,75,16,31,122,30.96446700507614,신민당,미상,남,초선,전국구
신동준위원,신동준 위원,277,113,1,6,120,43.32129963898917,민주공화당,미상,남,초선,전국구
유성권위원,유성권 위원,506,86,20,13,119,23.517786561264824,신민당,서울 성동구갑,남,3선,지역구
이돈해위원,이돈해 위원,500,102,5,11,118,23.599999999999998,민주공화당,"경기 김포,강화",남,초선,지역구
국무총리김종필,국무총리 김종필,141,59,11,48,118,83.68794326241135,민주공화당,미상,남,9선,전국구
위원장오치성,위원장 오치성,1140,112,3,2,117,10.263157894736842,민주공화당,"경기 연천,포천,가평군",남,4선,지역구
위원장정진동,위원장 정진동,839,114,0,3,117,13.945172824791419,민주공화당,경북 예천,남,재선,지역구
계광순위원,계광순 위원,390,89,15,13,117,30.0,신민당,미상,남,3선,전국구
노동청장이찬우,노동청장 이찬우,262,111,0,4,115,43.89312977099237,미상,미상,미상,미상,미상
변종봉위원,변종봉 위원,501,83,21,9,113,22.55489021956088,민주공화당,"경남 산청,합천군",남,초선,지역구
교통부장관강서룡,교통부장관 강서룡,264,92,7,14,113,42.803030303030305,미상,미상,미상,미상,미상
위원장김성철,위원장 김성철,980,104,6,2,112,11.428571428571429,민주공화당,"전북 이리시,익산군",남,재선,지역구
위원장김종갑,위원장 김종갑,811,80,27,5,112,13.81011097410604,민주공화당,"충남 보령시,서천군",남,초선,지역구
박병선위원,박병선 위원,220,90,6,16,112,50.90909090909091,민주공화당,충남 예산군,남,재선,지역구
송관수위원,송관수 위원,516,99,4,8,111,21.511627906976745,민주공화당,"경북 대구시,중구",남,재선,지역구
전문위원이호진,전문위원 이호진,350,88,16,7,111,31.71428571428571,미상,미상,미상,미상,미상
정성태위원,정성태 위원,323,83,11,17,111,34.36532507739938,민정당,전남 광주갑,남,6선,지역구
김두현위원,김두현 위원,386,102,3,5,110,28.497409326424872,민주공화당,충남 당진,남,초선,지역구
서울특별시장양택식,서울특별시장 양택식,250,89,3,18,110,44.0,미상,미상,미상,미상,미상
전휴상위원,전휴상 위원,278,91,4,14,109,39.20863309352518,민주공화당,"전북 진안,무주,장수",남,4선,지역구
전매청장신관섭,전매청장 신관섭,234,105,3,1,109,46.58119658119658,미상,미상,미상,미상,미상
김익준위원,김익준 위원,352,82,7,19,108,30.681818181818183,민주공화당,미상,남,재선,전국구
신동욱위원,신동욱 위원,201,79,2,27,108,53.73134328358209,민주공화당,미상,남,초선,전국구
김재소위원,김재소 위원,199,91,4,13,108,54.2713567839196,민주공화당,"경기 김포,강화",남,초선,지역구
김재위위원,김재위 위원,242,99,4,4,107,44.214876033057855,신민당,미상,남,재선,전국구
과학기술처장관김기형,과학기술처장관 김기형,191,98,2,7,107,56.02094240837696,미상,미상,미상,미상,미상
위원장최두고,위원장 최두고,360,99,3,4,106,29.444444444444446,민주공화당,부산 진구을,남,재선,지역구
이정석위원,이정석 위원,252,80,1,24,105,41.66666666666667,민주공화당,"충북 진천,음성군",남,4선,전국구
위원장대리신관우,위원장대리 신관우,869,91,8,5,104,11.967779056386652,민주공화당,충북 청원군,남,초선,지역구
외무부차관문덕주,외무부차관 문덕주,369,89,4,11,104,28.184281842818425,미상,미상,미상,미상,미상
이병주위원,이병주 위원,265,76,7,21,104,39.24528301886793,민주공화당,미상,남,3선,전국구
재무부장관홍승희,재무부장관 홍승희,250,89,2,13,104,41.6,미상,미상,미상,미상,미상
이윤용위원,이윤용 위원,237,87,5,12,104,43.88185654008439,민주공화당,경기 평택,남,초선,지역구
김장섭위원,김장섭 위원,377,93,5,5,103,27.320954907161806,민주공화당,"경북 포항시,영일,울릉군",남,4선,지역구
한국수자원개발공사사장안경모,한국수자원개발공사사장 안경모,179,98,1,4,103,57.54189944134078,미상,미상,미상,미상,미상
위원장이돈해,위원장 이돈해,967,92,7,3,102,10.548086866597725,민주공화당,"경기 김포,강화",남,초선,지역구
전문위원이상선,전문위원 이상선,345,74,16,12,102,29.565217391304348,미상,미상,미상,미상,미상
보건사회부차관강봉수,보건사회부차관 강봉수,341,86,10,6,102,29.91202346041056,미상,미상,미상,미상,미상
김창근위원,김창근 위원,323,91,4,6,101,31.269349845201237,민주공화당,"경북 영주,봉화군",남,4선,지역구
정간용위원,정간용 위원,231,77,4,20,101,43.722943722943725,민주공화당,전남 완도군,남,재선,지역구
건설부차관김원기,건설부차관 김원기,184,91,1,8,100,54.347826086956516,미상,미상,미상,미상,미상
김용진위원,김용진 위원,335,82,7,10,99,29.55223880597015,민주공화당,전북 전주,남,초선,지역구
김선주위원,김선주 위원,324,86,5,8,99,30.555555555555557,민주공화당,"전남 광양,구례군",남,초선,지역구
양순직위원,양순직 위원,244,85,5,9,99,40.57377049180328,민주공화당,충남 논산,남,3선,지역구
재무부장관김학렬,재무부장관 김학렬,219,93,4,2,99,45.20547945205479,미상,미상,미상,미상,미상
체신부장관김보현,체신부장관 김보현,180,91,4,4,99,55.00000000000001,미상,미상,미상,미상,미상
반장김재순,반장 김재순,540,89,7,2,98,18.14814814814815,민주공화당,"강원 철원,화천,양구",남,7선,지역구
위원장안동준,위원장 안동준,481,94,3,1,98,20.374220374220375,민주공화당,충북 괴산,남,4선,지역구
김달수위원,김달수 위원,210,83,2,13,98,46.666666666666664,무소속,충남 공주,남,재선,지역구
재무부장관박동규,재무부장관 박동규,238,69,9,19,97,40.7563025210084,미상,미상,미상,미상,미상
반장최두고,반장 최두고,356,93,1,2,96,26.96629213483146,민주공화당,부산 진구을,남,재선,지역구
보건사회부장관김태동,보건사회부장관 김태동,204,73,2,21,96,47.05882352941176,미상,미상,미상,미상,미상
문화공보부장관신범식,문화공보부장관 신범식,177,73,7,16,96,54.23728813559322,미상,미상,미상,미상,미상
서범석위원,서범석 위원,349,65,14,16,95,27.22063037249284,신민당,서울 성북구을,남,6선,지역구
재무부기획관리실장최각규,재무부기획관리실장 최각규,168,91,1,3,95,56.547619047619044,미상,미상,미상,미상,미상
보건사회부차관손정선,보건사회부차관 손정선,447,82,7,5,94,21.02908277404922,미상,미상,미상,미상,미상
박준규위원,박준규 위원,406,59,21,14,94,23.15270935960591,민주공화당,서울 성동구을,남,9선,지역구
체신부장관김병삼,체신부장관 김병삼,201,80,3,11,94,46.766169154228855,미상,미상,미상,미상,미상
농림부차관김영준,농림부차관 김영준,178,86,5,3,94,52.80898876404494,미상,미상,미상,미상,미상
김대중의원,김대중 의원,159,61,2,31,94,59.11949685534591,민주당,전남 목포,남,6선,지역구
위원장이상무,위원장 이상무,578,86,7,0,93,16.089965397923876,민주공화당,"경북 경주,월성군",남,재선,지역구
김우경위원,김우경 위원,151,84,2,7,93,61.58940397350994,민주공화당,"전남 순천시,승주군",남,재선,지역구
위원장길전식,위원장 길전식,481,89,1,2,92,19.12681912681913,민주공화당,전남 장흥군,남,5선,지역구
손창규위원,손창규 위원,478,80,6,6,92,19.246861924686193,자유민주당,미상,남,초선,전국구
위원장대리이병옥,위원장대리 이병옥,408,90,0,2,92,22.54901960784314,민주공화당,전북 부안군,남,4선,지역구
국방부차관강서룡,국방부차관 강서룡,228,49,17,26,92,40.35087719298245,미상,미상,미상,미상,미상
박기출위원,박기출 위원,151,63,12,17,92,60.9271523178808,신민당,부산 동구,남,초선,지역구
체신부장관김태동,체신부장관 김태동,144,76,2,14,92,63.888888888888886,미상,미상,미상,미상,미상
의장백두진,의장 백두진,723,85,3,3,91,12.586445366528354,민주공화당,미상,남,5선,전국구
교통부장관백선엽,교통부장관 백선엽,186,69,4,18,91,48.924731182795696,미상,미상,미상,미상,미상
한국전력주식회사사장박영준,한국전력주식회사사장 박영준,161,86,0,4,90,55.90062111801242,미상,미상,미상,미상,미상
전문위원신순우,전문위원 신순우,267,81,3,5,89,33.33333333333333,미상,미상,미상,미상,미상
정상구위원,정상구 위원,292,68,9,11,88,30.136986301369863,신민당,부산 진구갑,남,5선,지역구
이재만위원,이재만 위원,219,77,2,9,88,40.182648401826484,민주공화당,경남 밀양,남,초선,지역구
오원선위원,오원선 위원,217,80,4,4,88,40.55299539170507,민주공화당,"충북 진천,음성군",남,초선,지역구
건설부수자원국장이문혁,건설부수자원국장 이문혁,199,80,2,6,88,44.221105527638194,미상,미상,미상,미상,미상
농림부차관한국진,농림부차관 한국진,223,69,4,14,87,39.01345291479821,미상,미상,미상,미상,미상
건설부차관안경모,건설부차관 안경모,133,80,0,7,87,65.41353383458647,미상,미상,미상,미상,미상
상공부차관김규민,상공부차관 김규민,123,70,2,15,87,70.73170731707317,미상,미상,미상,미상,미상
오상직위원,오상직 위원,306,81,1,4,86,28.104575163398692,민주공화당,경북 의성,남,재선,지역구
재무부차관정소영,재무부차관 정소영,202,80,3,3,86,42.57425742574257,미상,미상,미상,미상,미상
총무처장관서일교,총무처장관 서일교,163,78,2,6,86,52.760736196319016,미상,미상,미상,미상,미상
국방부장관정래혁,국방부장관 정래혁,160,33,20,33,86,53.75,미상,미상,미상,미상,미상
현오봉위원,현오봉 위원,354,62,19,4,85,24.01129943502825,민주공화당,제주 남제주군,남,6선,지역구
편용호위원,편용호 위원,200,77,1,7,85,42.5,신민당,미상,남,재선,전국구
임병수위원,임병수 위원,524,57,17,10,84,16.030534351145036,민주공화당,"제주 제주,북제주군",남,초선,지역구
홍익표위원,홍익표 위원,347,75,5,4,84,24.207492795389047,민주당,"경기 연천,포천,가평군",남,6선,지역구
재무부차관이호범,재무부차관 이호범,195,81,1,2,84,43.07692307692308,미상,미상,미상,미상,미상
전문위원이원국,전문위원 이원국,113,74,0,10,84,74.33628318584071,미상,미상,미상,미상,미상
양찬우위원,양찬우 위원,282,64,0,19,83,29.432624113475175,민주공화당,미상,남,4선,전국구
이승춘위원,이승춘 위원,157,71,1,11,83,52.86624203821656,민주공화당,"강원 홍천,인제군",남,재선,지역구
법무부장관민복기,법무부장관 민복기,355,59,17,6,82,23.098591549295776,미상,미상,미상,미상,미상
전문위원류성렬,전문위원 류성렬,293,71,3,6,80,27.303754266211605,미상,미상,미상,미상,미상
최영두위원,최영두 위원,280,74,1,5,80,28.57142857142857,민주공화당,전북 완주,남,초선,지역구
엄정주위원,엄정주 위원,166,76,1,3,80,48.19277108433735,민주공화당,"강원 영월,정선군",남,초선,지역구
위원장인태식,위원장 인태식,399,74,5,0,79,19.799498746867165,민주공화당,충남 당진,남,3선,지역구
서민호위원,서민호 위원,228,58,9,12,79,34.64912280701755,자유민주당,서울 용산구,남,4선,지역구
서인석위원,서인석 위원,306,56,13,9,78,25.49019607843137,민주공화당,미상,남,재선,전국구
건설부국토보전국장서정우,건설부국토보전국장 서정우,176,78,0,0,78,44.31818181818182,미상,미상,미상,미상,미상
의안,의안,1633,73,3,1,77,4.715248009797918,미상,미상,미상,미상,미상
이석제위원,이석제 위원,858,70,7,0,77,8.974358974358974,미상,미상,미상,미상,미상
출석위원(12인),출석 위원(12인),219,20,57,0,77,35.15981735159817,미상,미상,미상,미상,미상
조시형위원,조시형 위원,588,70,1,5,76,12.925170068027212,민주공화당,부산 중구,남,초선,지역구
위원장한상준,위원장 한상준,464,73,1,2,76,16.379310344827587,민주공화당,"전북 임실군,순창군",남,3선,지역구
국세청장이낙선,국세청장 이낙선,212,61,11,4,76,35.84905660377358,미상,미상,미상,미상,미상
상공부장관이병호,상공부장관 이병호,120,59,2,15,76,63.33333333333333,미상,미상,미상,미상,미상
유양수위원,유양수 위원,551,70,3,2,75,13.611615245009073,미상,미상,미상,미상,미상
이종순위원,이종순 위원,203,68,3,4,75,36.94581280788177,민주공화당,부산 동구,남,초선,지역구
권오석위원,권오석 위원,393,63,2,9,74,18.829516539440203,민주공화당,경기 화성,남,재선,지역구
박주현위원,박주현 위원,373,63,1,10,74,19.839142091152816,민주공화당,"경북 경산시,청도군",남,재선,지역구
교통부차관김태동,교통부차관 김태동,229,69,1,4,74,32.314410480349345,미상,미상,미상,미상,미상
교통부장관김윤기,교통부장관 김윤기,195,63,3,8,74,37.94871794871795,미상,미상,미상,미상,미상
전문위원백운길,전문위원 백운길,122,66,0,7,73,59.83606557377049,미상,미상,미상,미상,미상
서상린위원,서상린 위원,156,63,1,8,72,46.15384615384615,민주공화당,"경기 용인,안성",남,5선,지역구
농림부기획관리실장김영진,농림부기획관리실장 김영진,128,69,0,3,72,56.25,미상,미상,미상,미상,미상
이병희위원,이병희 위원,681,45,21,5,71,10.425844346549193,민주공화당,경기 수원,남,7선,지역구
차지철위원,차지철 위원,215,35,24,12,71,33.02325581395349,민주공화당,"경기 광주,이천",남,4선,전국구
김삼상위원,김삼상 위원,160,66,1,4,71,44.375,민주공화당,"경남 산청,합천군",남,초선,지역구
한태일위원,한태일 위원,147,63,1,7,71,48.29931972789115,민주공화당,경남 마산,남,초선,지역구
상공부광공전차관보이우룡,상공부광공전차관보 이우룡,140,70,1,0,71,50.71428571428571,미상,미상,미상,미상,미상
이충환의원,이충환 의원,97,57,0,14,71,73.19587628865979,민정당,"충북 진천,음성군",남,6선,지역구
위원장이병희,위원장 이병희,411,58,3,9,70,17.0316301703163,민주공화당,경기 수원,남,7선,지역구
전문위원김봉호,전문위원 김봉호,302,63,3,4,70,23.178807947019866,미상,미상,미상,미상,미상
성낙현위원,성낙현 위원,174,59,0,11,70,40.229885057471265,신민당,경남 창녕군,남,재선,지역구
경제기획원장관김유택,경제기획원장관 김유택,131,66,2,2,70,53.43511450381679,미상,미상,미상,미상,미상
국무총리최규하,국무총리 최규하,76,26,0,44,70,92.10526315789474,미상,미상,미상,미상,미상
위원장조시형,위원장 조시형,1129,58,10,1,69,6.111603188662533,민주공화당,부산 중구,남,초선,지역구
김종무위원,김종무 위원,644,57,6,6,69,10.714285714285714,민주공화당,충북 제천시단양군,남,초선,지역구
위원장차지철,위원장 차지철,486,41,25,3,69,14.19753086419753,민주공화당,"경기 광주,이천",남,4선,지역구
김종호위원,김종호 위원,293,58,4,7,69,23.549488054607508,민주공화당,"강원 속초시,고성,양양",남,재선,지역구
법무부장관이호,법무부장관 이호,184,48,10,11,69,37.5,미상,미상,미상,미상,미상
위원장민기식,위원장 민기식,603,66,2,0,68,11.276948590381426,민주공화당,충북 청원군,남,3선,지역구
조달청장김원희,조달청장 김원희,190,65,0,3,68,35.78947368421053,미상,미상,미상,미상,미상
농림부장관김보현,농림부장관 김보현,120,60,3,5,68,56.666666666666664,미상,미상,미상,미상,미상
김유탁위원,김유탁 위원,157,57,5,5,67,42.675159235668794,민주공화당,경기 고양,남,4선,전국구
국방부장관임충식,국방부장관 임충식,138,53,6,8,67,48.55072463768116,미상,미상,미상,미상,미상
박재우위원,박재우 위원,231,49,4,13,66,28.57142857142857,통일사회당,미상,남,초선,전국구
경제기획원예산국장진봉현,경제기획원예산국장 진봉현,132,66,0,0,66,50.0,미상,미상,미상,미상,미상
공정식위원,공정식 위원,110,55,3,8,66,60.0,민주공화당,경남 밀양,남,초선,지역구
위원장대리조창대,위원장대리 조창대,638,64,1,0,65,10.18808777429467,민주공화당,"경남 진해,창원시",남,재선,전국구
외무부차관정일영,외무부차관 정일영,313,42,7,16,65,20.766773162939298,미상,미상,미상,미상,미상
반장최치환,반장 최치환,262,64,0,1,65,24.80916030534351,민주공화당,경남 남해군,남,5선,지역구
문화재관리국장하갑청,문화재관리국장 하갑청,211,60,2,3,65,30.80568720379147,미상,미상,미상,미상,미상
이진용위원,이진용 위원,140,42,3,20,65,46.42857142857143,민주공화당,"경기 의정부시,양주군",남,재선,지역구
상공부차관김우근,상공부차관 김우근,127,61,0,4,65,51.181102362204726,미상,미상,미상,미상,미상
황인원위원,황인원 위원,219,46,7,11,64,29.22374429223744,신민당,"경기 파주,고양군",남,재선,지역구
오홍석위원,오홍석 위원,190,57,1,6,64,33.68421052631579,신민당,미상,남,3선,전국구
김정렬위원,김정렬 위원,223,50,2,11,63,28.251121076233183,미상,미상,미상,미상,미상
장준하위원,장준하 위원,136,48,1,14,63,46.32352941176471,무소속,서울 동대문구을,남,초선,지역구
조한백위원,조한백 위원,122,57,1,5,63,51.63934426229508,신민당,서울 성동구갑,남,4선,지역구
전라남도지사김재식,전라남도지사 김재식,114,47,1,15,63,55.26315789473685,미상,미상,미상,미상,미상
보건사회부보건국장차윤근,보건사회부보건국장 차윤근,329,43,9,10,62,18.84498480243161,미상,미상,미상,미상,미상
류홍위원,류홍 위원,312,55,2,5,62,19.871794871794872,신민당,미상,남,3선,전국구
홍창섭위원,홍창섭 위원,132,58,0,4,62,46.96969696969697,신민당,"강원 춘천,춘성",남,4선,지역구
부산직할시장김현옥,부산직할시장 김현옥,131,50,5,7,62,47.32824427480916,미상,미상,미상,미상,미상
수산청장오정근,수산청장 오정근,102,56,0,6,62,60.78431372549019,미상,미상,미상,미상,미상
위원장송관수,위원장 송관수,2625,49,12,0,61,2.323809523809524,민주공화당,"경북 대구시,중구",남,재선,지역구
위원장이상희,위원장 이상희,620,51,9,1,61,9.838709677419356,민주공화당,충남 서산,남,재선,지역구
재무부사세국장김동수,재무부사세국장 김동수,168,56,1,4,61,36.30952380952381,미상,미상,미상,미상,미상
이동진위원,이동진 위원,162,40,8,13,61,37.65432098765432,민주공화당,충북 영동군,남,3선,지역구
재무부차관민영훈,재무부차관 민영훈,145,59,0,2,61,42.06896551724138,미상,미상,미상,미상,미상
외무부차관진필식,외무부차관 진필식,139,43,8,10,61,43.884892086330936,미상,미상,미상,미상,미상
임갑수위원,임갑수 위원,112,41,0,20,61,54.46428571428571,민주공화당,부산 동래구,남,초선,지역구
위원장대리김봉환,위원장대리 김봉환,396,57,3,0,60,15.151515151515152,민주공화당,"경북 군위,선산",남,4선,지역구
정헌조위원,정헌조 위원,209,55,3,2,60,28.708133971291865,민주공화당,"전남 함평,영광군",남,재선,지역구
보건사회부장관박주병,보건사회부장관 박주병,163,52,3,4,59,36.19631901840491,미상,미상,미상,미상,미상
이영준위원,이영준 위원,297,53,1,4,58,19.52861952861953,신민당,서울 동대문구을,남,4선,지역구
박규상위원,박규상 위원,149,54,0,4,58,38.92617449664429,민주공화당,미상,남,초선,전국구
문교부기획관리실장신능순,문교부기획관리실장 신능순,135,55,0,3,58,42.96296296296296,미상,미상,미상,미상,미상
장영순위원,장영순 위원,120,46,4,8,58,48.333333333333336,민주공화당,"충남 청양,홍성군",남,4선,지역구
감사원장이주일,감사원장 이주일,108,50,3,5,58,53.70370370370371,미상,미상,미상,미상,미상
안동준위원,안동준 위원,104,49,1,8,58,55.769230769230774,민주공화당,충북 괴산군,남,4선,지역구
윤재명위원,윤재명 위원,86,47,2,9,58,67.44186046511628,민주공화당,"전남 영암,당진군",남,3선,지역구
체신부장관홍헌표,체신부장관 홍헌표,170,51,3,3,57,33.52941176470588,미상,미상,미상,미상,미상
법원행정처장전우영,법원행정처장 전우영,146,53,1,3,57,39.04109589041096,미상,미상,미상,미상,미상
호남비료주식회사사장김윤근,호남비료주식회사사장 김윤근,134,55,0,2,57,42.53731343283582,미상,미상,미상,미상,미상
한국전력주식회사사장김상복,한국전력주식회사사장 김상복,143,51,0,5,56,39.16083916083916,미상,미상,미상,미상,미상
김녹영위원,김녹영 위원,122,51,0,5,56,45.90163934426229,신민당,전남 광주을,남,4선,지역구
교통부장관박경원,교통부장관 박경원,115,51,0,5,56,48.69565217391305,미상,미상,미상,미상,미상
김용호위원,김용호 위원,88,46,1,9,56,63.63636363636363,민주공화당,강원 원주시원성군,남,4선,전국구
양정규위원,양정규 위원,125,40,5,10,55,44.0,민주공화당,"제주 제주,북제주군",남,6선,지역구
위원장김종호,위원장 김종호,384,53,1,0,54,14.0625,민주공화당,"강원 속초시,고성,양양",남,재선,지역구
외무부기획관리실장문철순,외무부기획관리실장 문철순,330,49,3,2,54,16.363636363636363,미상,미상,미상,미상,미상
백두진위원,백두진 위원,320,33,14,7,54,16.875,민주공화당,미상,남,5선,전국구
김용채위원,김용채 위원,172,46,5,3,54,31.3953488372093,민주공화당,미상,남,5선,전국구
국세청장오정근,국세청장 오정근,116,51,0,3,54,46.55172413793103,미상,미상,미상,미상,미상
재무부장관직무대리서봉균,재무부장관직무대리 서봉균,109,52,1,1,54,49.54128440366973,미상,미상,미상,미상,미상
위원장변종봉,위원장 변종봉,551,29,18,6,53,9.618874773139746,민주공화당,"경남 산청,합천군",남,초선,지역구
李敏雨위원,李敏雨 위원,146,45,3,5,53,36.3013698630137,미상,미상,미상,미상,미상
서울특별시제2부시장김대만,서울특별시제2부시장 김대만,132,44,5,4,53,40.15151515151515,미상,미상,미상,미상,미상
한국도로공사사장허필은,한국도로공사사장 허필은,120,49,1,3,53,44.166666666666664,미상,미상,미상,미상,미상
박노선위원,박노선 위원,114,47,1,5,53,46.49122807017544,민주공화당,미상,남,초선,전국구
이원영위원,이원영 위원,106,41,1,11,53,50.0,민주공화당,미상,남,초선,전국구
의장대리장경순,의장대리 장경순,372,48,2,2,52,13.978494623655912,민주공화당,전북 김제군,남,5선,지역구
김정열위원,김정열 위원,262,41,4,7,52,19.84732824427481,신민당,경기 인천갑,남,초선,지역구
체신부차관이진복,체신부차관 이진복,212,47,4,1,52,24.528301886792452,미상,미상,미상,미상,미상
외무부장관김용식,외무부장관 김용식,116,21,13,18,52,44.827586206896555,미상,미상,미상,미상,미상
문교공보위원장최영두,문교공보위원장 최영두,103,48,1,3,52,50.48543689320388,민주공화당,전북 완주,남,초선,지역구
재정경제위원장대리이병옥,재정경제위원장대리 이병옥,68,48,0,4,52,76.47058823529412,민주공화당,전북 부안군,남,4선,지역구
조윤형위원,조윤형 위원,336,29,8,14,51,15.178571428571427,민정당,서울 성북구갑,남,6선,지역구
통보,통보,278,43,6,2,51,18.345323741007196,미상,미상,미상,미상,미상
문교부장관고광만,문교부장관 고광만,108,41,3,7,51,47.22222222222222,미상,미상,미상,미상,미상
김수한의원,김수한 의원,101,27,6,18,51,50.495049504950494,신민당,서울 영등포구을,남,6선,전국구
전문위원김희찬,전문위원 김희찬,84,32,9,10,51,60.71428571428571,미상,미상,미상,미상,미상
상공부기획관리실장오원철,상공부기획관리실장 오원철,80,51,0,0,51,63.74999999999999,미상,미상,미상,미상,미상
박병배의원,박병배 의원,78,15,5,31,51,65.38461538461539,신민당,충남 대전,남,5선,지역구
재정경제위원장대리김주인,재정경제위원장대리 김주인,58,39,0,12,51,87.93103448275862,민주공화당,경남 거제,남,4선,지역구
김준연위원,김준연 위원,153,24,17,9,50,32.6797385620915,자유민주당,전남 영암군강진군,남,5선,지역구
전매청장황이수,전매청장 황이수,140,48,2,0,50,35.714285714285715,미상,미상,미상,미상,미상
교통부차관이용,교통부차관 이용,125,42,1,7,50,40.0,미상,미상,미상,미상,미상
이영호위원,이영호 위원,105,44,1,5,50,47.61904761904761,민주공화당,미상,남,초선,전국구
박두선위원,박두선 위원,101,45,2,3,50,49.504950495049506,민주공화당,전북 정읍,남,초선,지역구
전문위원박영준,전문위원 박영준,84,38,5,7,50,59.523809523809526,미상,미상,미상,미상,미상
김재광의원,김재광 의원,62,31,0,19,50,80.64516129032258,민정당,서울 서대문구갑,남,8선,지역구
위원장박준규,위원장 박준규,437,33,15,1,49,11.212814645308924,민주공화당,서울 성동구을,남,9선,지역구
위원장대리오학진,위원장대리 오학진,324,48,0,1,49,15.123456790123457,민주공화당,미상,남,4선,전국구
중앙선거관리위원회상임위원윤영구,중앙선거관리위원회상임위원 윤영구,104,44,1,4,49,47.11538461538461,미상,미상,미상,미상,미상
위원장대리김재순,위원장대리 김재순,304,45,3,0,48,15.789473684210526,민주공화당,"강원 철원,화천,양구",남,7선,지역구
국방부장관최영희,국방부장관 최영희,115,29,3,16,48,41.73913043478261,민주공화당,미상,남,4선,전국구
내무부차관김득황,내무부차관 김득황,106,42,4,2,48,45.28301886792453,미상,미상,미상,미상,미상
오준석위원,오준석 위원,104,37,2,9,48,46.15384615384615,민주공화당,"경북 영양,울진군",남,4선,지역구
농림부장관원용석,농림부장관 원용석,97,44,2,2,48,49.48453608247423,미상,미상,미상,미상,미상
철도청장양택식,철도청장 양택식,97,42,3,3,48,49.48453608247423,미상,미상,미상,미상,미상
서울특별시장양탁식,서울특별시장 양탁식,89,41,2,5,48,53.93258426966292,미상,미상,미상,미상,미상
철도청장양탁식,철도청장 양탁식,86,46,0,2,48,55.81395348837209,미상,미상,미상,미상,미상
위원장대리류청,위원장대리 류청,347,32,14,1,47,13.544668587896252,미상,미상,미상,미상,미상
법무부장관권오병,법무부장관 권오병,144,41,2,4,47,32.63888888888889,미상,미상,미상,미상,미상
권오훈위원,권오훈 위원,87,38,0,9,47,54.02298850574713,민주공화당,경북 안동,남,초선,지역구
반장길전식,반장 길전식,438,46,0,0,46,10.50228310502283,민주공화당,전남 장흥군,남,5선,지역구
조재천위원,조재천 위원,437,35,8,3,46,10.526315789473683,민중당,미상,남,4선,전국구
민병기위원,민병기 위원,203,33,6,7,46,22.660098522167488,민주공화당,미상,남,초선,전국구
위원장대리차지철,위원장대리 차지철,178,30,13,3,46,25.842696629213485,민주공화당,"경기 광주,이천",남,4선,지역구
김승목위원,김승목 위원,131,42,1,3,46,35.11450381679389,신민당,부산 동구,남,3선,지역구
대한석탄공사총재하상용,대한석탄공사총재 하상용,115,46,0,0,46,40.0,미상,미상,미상,미상,미상
서울특별시장윤치영,서울특별시장 윤치영,114,38,4,4,46,40.35087719298245,미상,미상,미상,미상,미상
박해충위원,박해충 위원,106,40,0,6,46,43.39622641509434,신민당,경북 안동,남,5선,지역구
전문위원김행옥,전문위원 김행옥,85,42,1,3,46,54.11764705882353,미상,미상,미상,미상,미상
강선규위원,강선규 위원,82,41,1,4,46,56.09756097560976,신민당,경남 마산,남,초선,지역구
김동하위원,김동하 위원,375,43,1,1,45,12.0,미상,미상,미상,미상,미상
문태준위원,문태준 위원,123,42,0,3,45,36.58536585365854,민주공화당,"경북 청송,영덕",남,4선,지역구
임종기위원,임종기 위원,114,36,2,7,45,39.473684210526315,신민당,전남 무안군,남,4선,지역구
김이권위원,김이권 위원,97,39,2,4,45,46.391752577319586,신민당,경남 창녕,남,초선,지역구
김택수위원,김택수 위원,81,36,3,6,45,55.55555555555556,민주공화당,경남 김해,남,3선,지역구
재무부기획관리실장김원기,재무부기획관리실장 김원기,73,43,0,2,45,61.64383561643836,미상,미상,미상,미상,미상
농업협동조합중앙회장서봉균,농업협동조합중앙회장 서봉균,153,30,6,8,44,28.75816993464052,미상,미상,미상,미상,미상
원호처장김병삼,원호처장 김병삼,148,38,2,4,44,29.72972972972973,미상,미상,미상,미상,미상
전문위원김보환,전문위원 김보환,128,31,5,8,44,34.375,미상,미상,미상,미상,미상
농림부차관정남규,농림부차관 정남규,108,40,1,3,44,40.74074074074074,미상,미상,미상,미상,미상
정직래위원,정직래 위원,78,39,2,3,44,56.41025641025641,민주공화당,충북 영동군,남,초선,지역구
정구영위원,정구영 위원,347,32,10,1,43,12.39193083573487,민주공화당,미상,남,재선,전국구
인태식위원,인태식 위원,155,38,4,1,43,27.741935483870968,민주공화당,충남 당진,남,3선,지역구
이원우위원,이원우 위원,134,39,1,3,43,32.08955223880597,민주공화당,경북 영천,남,초선,지역구
경상남도지사정해식,경상남도지사 정해식,86,29,1,13,43,50.0,미상,미상,미상,미상,미상
부산직할시장박영수,부산직할시장 박영수,77,33,1,9,43,55.84415584415584,미상,미상,미상,미상,미상
체신부장관황종률,체신부장관 황종률,64,37,1,5,43,67.1875,미상,미상,미상,미상,미상
위원장대리이만섭,위원장대리 이만섭,307,40,2,0,42,13.680781758957655,민주공화당,"경북 대구시,중구",남,8선,지역구
전문위원류성열,전문위원 류성열,144,33,3,6,42,29.166666666666668,미상,미상,미상,미상,미상
반장김택수,반장 김택수,87,39,0,3,42,48.275862068965516,민주공화당,경남 김해,남,3선,지역구
임차주위원,임차주 위원,85,36,0,6,42,49.411764705882355,신민당,미상,남,3선,전국구
김윤덕위원,김윤덕 위원,84,32,0,10,42,50.0,신민당,미상,여,3선,전국구
경제기획원경제협력국장정문도,경제기획원경제협력국장 정문도,75,35,0,7,42,56.00000000000001,미상,미상,미상,미상,미상
한건수의원,한건수 의원,65,29,2,11,42,64.61538461538461,국민의당,충남 예산군,남,4선,지역구
재정경제위원장양순직,재정경제위원장 양순직,56,36,1,5,42,75.0,민주공화당,충남 논산,남,3선,지역구
재정경제위원장대리김유탁,재정경제위원장대리 김유탁,50,37,0,5,42,84.0,민주공화당,미상,남,4선,전국구
전문위원문상익,전문위원 문상익,601,30,7,4,41,6.821963394342761,미상,미상,미상,미상,미상
반장한상준,반장 한상준,279,40,0,1,41,14.695340501792115,민주공화당,"전북 임실군,순창군",남,3선,지역구
증인최창곤,증인 최창곤,190,36,1,4,41,21.578947368421055,미상,미상,미상,미상,미상
류갑종위원,류갑종 위원,160,25,5,11,41,25.624999999999996,신민당,전북 정읍,남,재선,지역구
김상진위원,김상진 위원,129,34,1,6,41,31.782945736434108,신민당,부산 영도구,남,3선,지역구
민관식위원,민관식 위원,101,39,0,2,41,40.5940594059406,민주공화당,서울 동대문구갑,남,5선,지역구
李敏祐위원,李敏祐 위원,61,36,0,5,41,67.21311475409836,미상,미상,미상,미상,미상
반장김주인,반장 김주인,171,39,1,0,40,23.391812865497073,민주공화당,경남 거제,남,4선,지역구
김도연위원,김도연 위원,99,36,2,2,40,40.4040404040404,자유민주당,미상,남,6선,전국구
농촌진흥청장김인환,농촌진흥청장 김인환,94,37,2,1,40,42.5531914893617,민주공화당,경북 상주,남,초선,지역구
김상현의원,김상현 의원,72,14,7,19,40,55.55555555555556,민중당,서울 서대문구갑,남,6선,지역구
출석한국무총리,출석한 국무총리,67,40,0,0,40,59.70149253731343,미상,미상,미상,미상,미상
위원장대리옥조남,위원장대리 옥조남,251,35,3,1,39,15.53784860557769,민주공화당,"경기 시흥,부천,옹진군",남,초선,지역구
위원장대리방성출,위원장대리 방성출,138,36,1,1,38,27.536231884057973,민주공화당,"경남 의령,함안군",남,초선,지역구
구태회위원,구태회 위원,133,33,3,2,38,28.57142857142857,민주공화당,"경남 진주,진양",남,6선,지역구
보건사회부사회국장김원규,보건사회부사회국장 김원규,85,34,1,3,38,44.70588235294118,미상,미상,미상,미상,미상
경상북도지사구자춘,경상북도지사 구자춘,81,35,0,3,38,46.913580246913575,미상,미상,미상,미상,미상
농림위원장권오훈,농림위원장 권오훈,46,30,2,6,38,82.6086956521739,민주공화당,경북 안동,남,초선,지역구
위원장김진만,위원장 김진만,741,28,8,1,37,4.993252361673414,민주공화당,강원 삼척군,남,7선,지역구
김성진위원,김성진 위원,243,27,6,4,37,15.22633744855967,민주공화당,미상,남,초선,전국구
반장오학진,반장 오학진,207,37,0,0,37,17.874396135265698,민주공화당,"경기 부천시,옹진군",남,4선,전국구
위원장대리오상직,위원장대리 오상직,167,37,0,0,37,22.15568862275449,민주공화당,경북 의성,남,재선,지역구
양해준위원,양해준 위원,74,36,0,1,37,50.0,신민당,전북 남원,남,재선,지역구
전진한위원,전진한 위원,161,35,0,1,36,22.36024844720497,신민당,서울 종로구,남,5선,지역구
전문위원유성열,전문위원 유성열,152,27,2,7,36,23.684210526315788,미상,미상,미상,미상,미상
김기섭위원,김기섭 위원,120,29,3,4,36,30.0,신민당,"경남 충무,통영군",남,초선,지역구
신용남위원,신용남 위원,103,30,5,1,36,34.95145631067961,민주공화당,전북 고창군,남,초선,지역구
서울특별시건설국장이상연,서울특별시건설국장 이상연,92,35,0,1,36,39.130434782608695,미상,미상,미상,미상,미상
충청남도지사김윤환,충청남도지사 김윤환,82,29,0,7,36,43.90243902439025,미상,미상,미상,미상,미상
한국은행총재김세련,한국은행총재 김세련,81,35,0,1,36,44.44444444444444,미상,미상,미상,미상,미상
산업은행총재이정환,산업은행총재 이정환,77,36,0,0,36,46.75324675324675,미상,미상,미상,미상,미상
한국전력주식회사부사장진의종,한국전력주식회사부사장 진의종,76,36,0,0,36,47.368421052631575,미상,미상,미상,미상,미상
대한항공공사사장신유협,대한항공공사사장 신유협,240,33,1,1,35,14.583333333333334,미상,미상,미상,미상,미상
위원장대리신영주,위원장대리 신영주,204,34,1,0,35,17.15686274509804,민주공화당,경남 창녕,남,재선,지역구
증인박양수,증인 박양수,193,30,2,3,35,18.134715025906736,미상,미상,미상,미상,미상
정규헌위원,정규헌 위원,135,23,4,8,35,25.925925925925924,신민당,미상,남,재선,전국구
김종환위원,김종환 위원,108,30,3,2,35,32.407407407407405,민주공화당,"경북 대구시,북,서구",남,초선,지역구
재무부차관오범식,재무부차관 오범식,98,31,3,1,35,35.714285714285715,미상,미상,미상,미상,미상
인천중공업주식회사사장안춘생,인천중공업주식회사사장 안춘생,82,32,1,2,35,42.68292682926829,미상,미상,미상,미상,미상
대한준설공사사장김재현,대한준설공사사장 김재현,77,30,1,4,35,45.45454545454545,미상,미상,미상,미상,미상
철도청장김준배,철도청장 김준배,63,30,0,5,35,55.55555555555556,미상,미상,미상,미상,미상
재무부기획관리실장민영훈,재무부기획관리실장 민영훈,61,33,1,1,35,57.377049180327866,미상,미상,미상,미상,미상
충청북도지사태종학,충청북도지사 태종학,59,32,0,3,35,59.32203389830508,미상,미상,미상,미상,미상
위원장대리김상흠,위원장대리 김상흠,314,30,4,0,34,10.828025477707007,신민당,전북 고창군,남,재선,지역구
반장양순직,반장 양순직,298,30,3,1,34,11.409395973154362,민주공화당,충남 논산,남,3선,지역구
보고서,보고서,219,33,1,0,34,15.52511415525114,미상,미상,미상,미상,미상
최형우위원,최형우 위원,169,31,0,3,34,20.118343195266274,신민당,경남 울산시울주구,남,6선,지역구
중앙정보부장김형욱,중앙정보부장 김형욱,81,21,4,9,34,41.9753086419753,미상,미상,미상,미상,미상
이동영위원,이동영 위원,70,31,1,2,34,48.57142857142857,미상,미상,미상,미상,미상
국방부재정국장황인성,국방부재정국장 황인성,66,28,0,6,34,51.515151515151516,미상,미상,미상,미상,미상
산림청장김영진,산림청장 김영진,59,32,0,2,34,57.6271186440678,미상,미상,미상,미상,미상
건설부장관정낙은,건설부장관 정낙은,44,33,0,1,34,77.27272727272727,미상,미상,미상,미상,미상
위원장오준석,위원장 오준석,345,26,1,6,33,9.565217391304348,민주공화당,"경북 영양,울진군",남,4선,지역구
류제연위원,류제연 위원,94,30,1,2,33,35.1063829787234,미상,미상,미상,미상,미상
전문위원우병규,전문위원 우병규,72,26,4,3,33,45.83333333333333,미상,미상,미상,미상,미상
재무부차관서봉균,재무부차관 서봉균,53,29,0,4,33,62.264150943396224,미상,미상,미상,미상,미상
박찬의원,박찬 의원,49,20,0,13,33,67.3469387755102,민정당,충남 공주,남,3선,지역구
위원장대리이재만,위원장대리 이재만,140,30,2,0,32,22.857142857142858,민주공화당,경남 밀양,남,초선,지역구
재무부세제국장남상진,재무부세제국장 남상진,126,28,3,1,32,25.396825396825395,미상,미상,미상,미상,미상
대한조선공사사장김두찬,대한조선공사사장 김두찬,117,27,4,1,32,27.350427350427353,미상,미상,미상,미상,미상
반장서상린,반장 서상린,91,31,0,1,32,35.16483516483517,민주공화당,"경기 용인,안성",남,5선,지역구
이우현위원,이우현 위원,86,28,3,1,32,37.2093023255814,민주공화당,"강원 횡성,평창군",남,재선,지역구
충주비료주식회사사장박진석,충주비료주식회사사장 박진석,83,30,2,0,32,38.55421686746988,미상,미상,미상,미상,미상
대한석유공사사장이성호,대한석유공사사장 이성호,80,27,3,2,32,40.0,미상,미상,미상,미상,미상
상공부광무국장송겸호,상공부광무국장 송겸호,77,31,0,1,32,41.55844155844156,미상,미상,미상,미상,미상
박승규위원,박승규 위원,66,27,0,5,32,48.484848484848484,민주공화당,"전남 담양,장성군",남,초선,지역구
김봉환의원,김봉환 의원,65,19,5,8,32,49.23076923076923,민주공화당,"경북 군위,선산",남,4선,지역구
김원만의원,김원만 의원,44,22,1,9,32,72.72727272727273,신민당,서울 용산구,남,5선,지역구
경제기획원장관남덕우,경제기획원장관 남덕우,32,20,0,12,32,100.0,미상,미상,미상,미상,미상
김윤근위원,김윤근 위원,374,29,1,1,31,8.288770053475936,미상,미상,미상,미상,미상
반장정진동,반장 정진동,330,26,4,1,31,9.393939393939393,민주공화당,경북 예천,남,재선,지역구
반장이종근,반장 이종근,224,28,1,2,31,13.839285714285715,민주공화당,충북 충주시중원,남,6선,지역구
유원식위원,유원식 위원,174,29,0,2,31,17.81609195402299,미상,미상,미상,미상,미상
김옥선위원,김옥선 위원,130,22,3,6,31,23.846153846153847,신민당,"충남 보령시,서천군",여,3선,지역구
진의종위원,진의종 위원,110,26,2,3,31,28.18181818181818,신민당,전북 고창군,남,4선,지역구
외무부아주국장강영규,외무부아주국장 강영규,96,11,10,10,31,32.29166666666667,미상,미상,미상,미상,미상
원자력원사무국장이동집,원자력원사무국장 이동집,91,31,0,0,31,34.065934065934066,미상,미상,미상,미상,미상
수산청장김재식,수산청장 김재식,78,26,0,5,31,39.743589743589745,미상,미상,미상,미상,미상
농림부차관장예준,농림부차관 장예준,77,27,0,4,31,40.25974025974026,미상,미상,미상,미상,미상
전문위원김인수,전문위원 김인수,74,29,0,2,31,41.891891891891895,민주공화당,경북 상주,남,초선,지역구
조흥만위원,조흥만 위원,73,25,2,4,31,42.465753424657535,신민당,미상,남,초선,전국구
수산청장김동수,수산청장 김동수,67,31,0,0,31,46.26865671641791,미상,미상,미상,미상,미상
윤천주위원,윤천주 위원,64,27,3,1,31,48.4375,민주공화당,미상,남,초선,전국구
경상남도지사김효영,경상남도지사 김효영,59,27,0,4,31,52.54237288135594,미상,미상,미상,미상,미상
이민우위원,이민우 위원,54,29,0,2,31,57.407407407407405,민주공화당,충남 아산,남,재선,지역구
한병채위원,한병채 위원,51,27,1,3,31,60.78431372549019,신민당,"경북 대구시,중구",남,4선,지역구
민영남의원,민영남 의원,50,19,4,8,31,62.0,무소속,전남 해남군,남,재선,지역구
최익규위원,최익규 위원,49,29,0,2,31,63.26530612244898,민주공화당,"강원 강릉,명주",남,초선,지역구
김대진위원,김대진 위원,43,28,1,2,31,72.09302325581395,민주공화당,경북 안동,남,초선,지역구
박영록의원,박영록 의원,39,23,0,8,31,79.48717948717949,민주당,강원 원주시원성군,남,4선,지역구
이중재의원,이중재 의원,34,20,0,11,31,91.17647058823529,신민당,전남 보성군,남,6선,지역구
반장전휴상,반장 전휴상,455,30,0,0,30,6.593406593406594,민주공화당,"전북 진안,무주,장수",남,4선,지역구
김영삼위원,김영삼 위원,111,19,5,6,30,27.027027027027028,민정당,부산 서구,남,9선,지역구
사무차장권경식,사무차장 권경식,95,30,0,0,30,31.57894736842105,미상,미상,미상,미상,미상
김경인위원,김경인 위원,92,28,1,1,30,32.608695652173914,신민당,전남 목포,남,재선,지역구
강원도지사엄병길,강원도지사 엄병길,80,26,0,4,30,37.5,미상,미상,미상,미상,미상
한국산업은행총재김영휘,한국산업은행총재 김영휘,67,27,1,2,30,44.776119402985074,미상,미상,미상,미상,미상
경상남도지사이계순,경상남도지사 이계순,61,26,1,3,30,49.18032786885246,미상,미상,미상,미상,미상
체신부차관임남수,체신부차관 임남수,60,30,0,0,30,50.0,미상,미상,미상,미상,미상
박한상의원,박한상 의원,58,14,5,11,30,51.724137931034484,민정당,서울 영등포구을,남,6선,지역구
부산직할시장최두열,부산직할시장 최두열,52,19,1,10,30,57.692307692307686,미상,미상,미상,미상,미상
위원장대리서상린,위원장대리 서상린,190,27,2,0,29,15.263157894736842,민주공화당,"경기 용인,안성",남,5선,지역구
출석위원(11인),출석 위원(11인),142,11,18,0,29,20.422535211267608,미상,미상,미상,미상,미상
전문위원조병완,전문위원 조병완,88,24,2,3,29,32.95454545454545,미상,미상,미상,미상,미상
교통부차관이창석,교통부차관 이창석,74,25,1,3,29,39.189189189189186,미상,미상,미상,미상,미상
김은하의원,김은하 의원,72,17,4,8,29,40.27777777777778,신민당,경기 인천시을,남,6선,지역구
도서관장강주진,도서관장 강주진,71,26,1,2,29,40.845070422535215,미상,미상,미상,미상,미상
한국산업은행총재이정환,한국산업은행총재 이정환,69,27,1,1,29,42.028985507246375,미상,미상,미상,미상,미상
홍영기의원,홍영기 의원,59,15,1,13,29,49.152542372881356,민중당,서울 서대문구을,남,5선,지역구
강원도지사최종완,강원도지사 최종완,53,23,1,5,29,54.71698113207547,미상,미상,미상,미상,미상
국방부장관유재흥,국방부장관 유재흥,48,13,5,11,29,60.416666666666664,미상,미상,미상,미상,미상
대한석탄공사총재이상규,대한석탄공사총재 이상규,47,27,0,2,29,61.702127659574465,미상,미상,미상,미상,미상
편정희위원,편정희 위원,43,14,1,14,29,67.44186046511628,민주공화당,미상,여,초선,전국구
경제기획원기획차관보진봉현,경제기획원기획차관보 진봉현,42,28,0,1,29,69.04761904761905,미상,미상,미상,미상,미상
경제기획원장관태완선,경제기획원장관 태완선,35,23,0,6,29,82.85714285714286,미상,미상,미상,미상,미상
위원장대리이상돈,위원장대리 이상돈,389,26,1,1,28,7.197943444730077,신민당,"충남 천안,천원군",남,3선,지역구
반장이상희,반장 이상희,278,19,8,1,28,10.071942446043165,민주공화당,충남 서산,남,재선,지역구
위원장대리한상준,위원장대리 한상준,277,19,8,1,28,10.108303249097473,민주공화당,"전북 임실군,순창군",남,3선,지역구
위원장오학진,위원장 오학진,159,28,0,0,28,17.61006289308176,민주공화당,"경기 부천시,옹진군",남,4선,지역구
전문위원김성진,전문위원 김성진,118,17,3,8,28,23.728813559322035,민주공화당,미상,남,초선,전국구
증인안영수,증인 안영수,112,26,0,2,28,25.0,미상,미상,미상,미상,미상
전문위원김종필,전문위원 김종필,108,22,1,5,28,25.925925925925924,민주공화당,충남 부여군,남,9선,지역구
이종남위원,이종남 위원,97,28,0,0,28,28.865979381443296,신민당,미상,남,3선,전국구
오정근위원,오정근 위원,95,28,0,0,28,29.47368421052631,미상,미상,미상,미상,미상
조남철위원,조남철 위원,90,28,0,0,28,31.11111111111111,민주공화당,미상,남,초선,전국구
천명기위원,천명기 위원,79,24,1,3,28,35.44303797468354,신민당,"경기 여주,양평군",남,3선,지역구
보건사회부차관김도창,보건사회부차관 김도창,75,22,1,5,28,37.333333333333336,미상,미상,미상,미상,미상
국제관광공사총재김일환,국제관광공사총재 김일환,74,20,3,5,28,37.83783783783784,미상,미상,미상,미상,미상
홍병철위원,홍병철 위원,73,26,1,1,28,38.35616438356164,민주공화당,"제주 제주,북제주군",남,재선,지역구
내무부차관양찬우,내무부차관 양찬우,69,26,0,2,28,40.57971014492754,미상,미상,미상,미상,미상
농업협동조합중앙회회장문방흠,농업협동조합중앙회회장 문방흠,63,15,6,7,28,44.44444444444444,미상,미상,미상,미상,미상
김천수위원,김천수 위원,60,18,1,9,28,46.666666666666664,민주공화당,경북 상주,남,초선,지역구
농림부식산차관보이성환,농림부식산차관보 이성환,49,27,0,1,28,57.14285714285714,미상,미상,미상,미상,미상
한국전력주식회사사장정래혁,한국전력주식회사사장 정래혁,48,27,0,1,28,58.333333333333336,미상,미상,미상,미상,미상
노동청차장우기도,노동청차장 우기도,47,27,0,1,28,59.57446808510638,미상,미상,미상,미상,미상
부산직할시장김대만,부산직할시장 김대만,47,24,0,4,28,59.57446808510638,미상,미상,미상,미상,미상
박종진위원,박종진 위원,39,21,1,6,28,71.7948717948718,민주공화당,전남 영광,남,초선,지역구
재무위원장대리최재구,재무위원장대리 최재구,38,23,1,4,28,73.68421052631578,민주공화당,경남 충무.통영.고성.거제,남,4선,지역구
위원장대리김용진,위원장대리 김용진,273,24,3,0,27,9.89010989010989,민주공화당,전북 전주,남,초선,지역구
대한무역진흥공사사장오범식,대한무역진흥공사사장 오범식,60,22,0,5,27,45.0,미상,미상,미상,미상,미상
오세응위원,오세응 위원,60,22,1,4,27,45.0,신민당,미상,남,7선,전국구
보건사회위원장대리신관우,보건사회위원장대리 신관우,52,20,1,6,27,51.92307692307693,민주공화당,충북 청원군,남,초선,지역구
상공부공업제1국장오원철,상공부공업제1국장 오원철,49,25,1,1,27,55.10204081632652,미상,미상,미상,미상,미상
전정구위원,전정구 위원,38,21,1,5,27,71.05263157894737,민주공화당,미상,남,재선,전국구
재정경제위원장대리김두현,재정경제위원장대리 김두현,34,23,1,3,27,79.41176470588235,민주공화당,충남 당진,남,초선,지역구
위원아닌,위원 아닌,1297,3,23,0,26,2.004626060138782,미상,미상,미상,미상,미상
위원장대리최서일,위원장대리 최서일,194,21,4,1,26,13.402061855670103,민주공화당,전남 완도,남,초선,지역구
위원장대리김장섭,위원장대리 김장섭,175,23,2,1,26,14.857142857142858,민주공화당,"경북 포항시,영일,울릉군",남,4선,지역구
위원장대리이백일,위원장대리 이백일,162,26,0,0,26,16.049382716049383,민주공화당,"경기 여주,양평군",남,재선,지역구
배석인원,배석 인원,146,26,0,0,26,17.80821917808219,미상,미상,미상,미상,미상
전문위원김성대,전문위원 김성대,126,24,0,2,26,20.634920634920633,미상,미상,미상,미상,미상
김준태위원,김준태 위원,124,21,3,2,26,20.967741935483872,민주공화당,"경북 경산시,청도군",남,3선,지역구
재무부세관국장백경복,재무부세관국장 백경복,67,23,2,1,26,38.80597014925373,미상,미상,미상,미상,미상
중앙정보부차장이병두,중앙정보부차장 이병두,58,22,3,1,26,44.827586206896555,미상,미상,미상,미상,미상
원자력원장윤일선,원자력원장 윤일선,56,24,0,2,26,46.42857142857143,미상,미상,미상,미상,미상
송원영의원,송원영 의원,49,14,2,10,26,53.06122448979592,신민당,서울 동대문구갑,남,5선,지역구
최용수위원,최용수 위원,31,20,1,5,26,83.87096774193549,민주공화당,미상,남,재선,전국구
국방부장관서종철,국방부장관 서종철,30,7,0,19,26,86.66666666666667,미상,미상,미상,미상,미상
내무위원장길재호,내무위원장 길재호,30,24,2,0,26,86.66666666666667,민주공화당,충남 금산군,남,3선,지역구
재무위원장대리정우식,재무위원장대리 정우식,30,13,4,9,26,86.66666666666667,민주공화당,"경남 산청,함양,거창군",남,재선,지역구
반장정우식,반장 정우식,241,22,0,3,25,10.37344398340249,민주공화당,경남 산청군,남,재선,지역구
출석위원(10인),출석 위원(10인),125,9,16,0,25,20.0,미상,미상,미상,미상,미상
외무부장관정일권,외무부장관 정일권,120,20,1,4,25,20.833333333333336,미상,미상,미상,미상,미상
신윤창위원,신윤창 위원,90,13,3,9,25,27.77777777777778,민주공화당,"경기 파주,고양군",남,재선,지역구
총무국장하재구,총무국장 하재구,87,25,0,0,25,28.735632183908045,미상,미상,미상,미상,미상
농림부농정차관보김봉관,농림부농정차관보 김봉관,64,22,1,2,25,39.0625,미상,미상,미상,미상,미상
경상북도지사김인,경상북도지사 김인,57,22,1,2,25,43.859649122807014,미상,미상,미상,미상,미상
수산청장구자춘,수산청장 구자춘,56,23,0,2,25,44.642857142857146,미상,미상,미상,미상,미상
총재김영휘,총재 김영휘,50,24,0,1,25,50.0,미상,미상,미상,미상,미상
신인우의원,신인우 의원,49,12,1,12,25,51.02040816326531,신민당,서울 중구,남,재선,지역구
법제사법위원장김봉환,법제사법위원장 김봉환,47,19,1,5,25,53.191489361702125,민주공화당,"경북 군위,선산",남,4선,지역구
건설부기획관리실장김득조,건설부기획관리실장 김득조,41,25,0,0,25,60.97560975609756,미상,미상,미상,미상,미상
시장김현옥,시장 김현옥,41,20,0,5,25,60.97560975609756,미상,미상,미상,미상,미상
재무부차관이재설,재무부차관 이재설,40,25,0,0,25,62.5,미상,미상,미상,미상,미상
위원장대리김삼상,위원장대리 김삼상,246,21,2,1,24,9.75609756097561,민주공화당,"경남 산청,합천군",남,초선,지역구
한국조폐공사사장신관섭,한국조폐공사사장 신관섭,93,24,0,0,24,25.806451612903224,미상,미상,미상,미상,미상
체신부장관김홍식,체신부장관 김홍식,65,23,1,0,24,36.92307692307693,미상,미상,미상,미상,미상
김규남위원,김규남 위원,58,12,3,9,24,41.37931034482759,민주공화당,미상,남,초선,전국구
전문위원김벽두,전문위원 김벽두,52,16,2,6,24,46.15384615384615,미상,미상,미상,미상,미상
경상북도지사김덕엽,경상북도지사 김덕엽,49,20,0,4,24,48.97959183673469,미상,미상,미상,미상,미상
경제기획원경제협력국공공차관과장황병태,경제기획원경제협력국공공차관과장 황병태,47,22,0,2,24,51.06382978723404,미상,미상,미상,미상,미상
이상신위원,이상신 위원,47,19,0,5,24,51.06382978723404,신민당,경남 합천,남,4선,지역구
이희승의원,이희승 의원,42,16,4,4,24,57.14285714285714,자유민주당,충북 충주시중원,남,초선,지역구
신영주의원,신영주 의원,40,21,0,3,24,60.0,민주공화당,경남 창녕,남,재선,지역구
박기출의원,박기출 의원,37,8,3,13,24,64.86486486486487,신민당,부산 동구,남,초선,지역구
농림위원장김주인,농림위원장 김주인,32,20,0,4,24,75.0,민주공화당,경남 거제,남,4선,지역구
의사국장권효섭,의사국장 권효섭,763,22,0,1,23,3.014416775884666,미상,미상,미상,미상,미상
위원장대리김우영,위원장대리 김우영,326,21,1,1,23,7.05521472392638,민주공화당,"강원 춘천,춘성",남,초선,지역구
위원장대리신윤창,위원장대리 신윤창,263,20,3,0,23,8.745247148288973,민주공화당,"경기 파주,고양군",남,재선,전국구
부의장김진만,부의장 김진만,226,21,1,1,23,10.176991150442479,유신정우회,미상,남,7선,통일주체국민회의
출석위원(8인),출석 위원(8인),203,2,21,0,23,11.330049261083744,미상,미상,미상,미상,미상
위원장대리김재광,위원장대리 김재광,186,22,1,0,23,12.365591397849462,민정당,서울 서대문구갑,남,8선,지역구
위원장대리김유탁,위원장대리 김유탁,128,22,1,0,23,17.96875,민주공화당,미상,남,4선,전국구
강상욱위원,강상욱 위원,91,23,0,0,23,25.274725274725274,민주공화당,미상,남,재선,전국구
대한통운주식회사사장조성근,대한통운주식회사사장 조성근,77,22,1,0,23,29.87012987012987,미상,미상,미상,미상,미상
대한중석광업주식회사사장김창규,대한중석광업주식회사사장 김창규,59,20,0,3,23,38.983050847457626,미상,미상,미상,미상,미상
김중태위원,김중태 위원,57,19,1,3,23,40.35087719298245,민주공화당,전남 여천,남,초선,지역구
외무부기획관리실장노신영,외무부기획관리실장 노신영,54,19,0,4,23,42.592592592592595,미상,미상,미상,미상,미상
보건사회부약정국장허용,보건사회부약정국장 허용,53,23,0,0,23,43.39622641509434,미상,미상,미상,미상,미상
체신부장관황종율,체신부장관 황종율,52,23,0,0,23,44.230769230769226,미상,미상,미상,미상,미상
공보부장관김동성,공보부장관 김동성,48,18,1,4,23,47.91666666666667,미상,미상,미상,미상,미상
소위원장최석림,소위원장 최석림,48,23,0,0,23,47.91666666666667,민주공화당,"경남 충무,통영,고성군",남,4선,지역구
국가안전보장회의사무국장송석하,국가안전보장회의사무국장 송석하,47,21,0,2,23,48.93617021276596,미상,미상,미상,미상,미상
김성곤위원,김성곤 위원,46,22,0,1,23,50.0,민주공화당,"경북 달성,고령군",남,4선,지역구
건설위원장대리차형근,건설위원장대리 차형근,44,22,0,1,23,52.27272727272727,민주공화당,"전북 군산시,옥구",남,초선,지역구
농업협동조합중앙회부회장정남규,농업협동조합중앙회부회장 정남규,44,9,2,12,23,52.27272727272727,미상,미상,미상,미상,미상
내무부차관박영수,내무부차관 박영수,39,15,3,5,23,58.97435897435898,미상,미상,미상,미상,미상
농림위원장전휴상,농림위원장 전휴상,37,19,2,2,23,62.16216216216216,민주공화당,"전북 진안,무주,장수",남,4선,지역구
포항종합제철주식회사사장박태준,포항종합제철주식회사사장 박태준,35,23,0,0,23,65.71428571428571,미상,미상,미상,미상,미상
상공부광공차관보이우룡,상공부광공차관보 이우룡,34,22,1,0,23,67.64705882352942,미상,미상,미상,미상,미상
전문위원김사달,전문위원 김사달,33,17,2,4,23,69.6969696969697,미상,미상,미상,미상,미상
함덕용의원,함덕용 의원,30,14,0,9,23,76.66666666666667,신민당,미상,남,초선,전국구
반장예춘호,반장 예춘호,467,20,0,2,22,4.710920770877944,민주공화당,부산 영도구,남,3선,지역구
한국주택은행장이상덕,한국주택은행장 이상덕,133,19,1,2,22,16.541353383458645,미상,미상,미상,미상,미상
위원장대리김대중,위원장대리 김대중,110,21,1,0,22,20.0,민주당,전남 목포,남,6선,지역구
문화재관리국장직무대리신능순,문화재관리국장직무대리 신능순,105,22,0,0,22,20.952380952380953,미상,미상,미상,미상,미상
반장최재구,반장 최재구,104,21,0,1,22,21.153846153846153,민주공화당,경남 고성군,남,4선,지역구
박순천위원,박순천 위원,103,19,1,2,22,21.35922330097087,민주당,서울 마포구,여,5선,지역구
전문위원유성렬,전문위원 유성렬,81,20,0,2,22,27.160493827160494,미상,미상,미상,미상,미상
공보부차관노석찬,공보부차관 노석찬,80,14,8,0,22,27.500000000000004,미상,미상,미상,미상,미상
보건사회부보건국장윤석우,보건사회부보건국장 윤석우,67,17,3,2,22,32.83582089552239,미상,미상,미상,미상,미상
한국은행총재서진수,한국은행총재 서진수,67,22,0,0,22,32.83582089552239,미상,미상,미상,미상,미상
경상남도건설국장추월민,경상남도건설국장 추월민,59,20,0,2,22,37.28813559322034,미상,미상,미상,미상,미상
전문위원임종기,전문위원 임종기,57,21,0,1,22,38.59649122807017,미상,미상,미상,미상,미상
한국광업제련공사사장전명섭,한국광업제련공사사장 전명섭,55,20,2,0,22,40.0,미상,미상,미상,미상,미상
김종철위원,김종철 위원,48,19,0,3,22,45.83333333333333,민주공화당,"충남 천안,천원군",남,6선,지역구
농어촌개발공사총재문방흠,농어촌개발공사총재 문방흠,48,19,2,1,22,45.83333333333333,미상,미상,미상,미상,미상
대한주택공사총재최주종,대한주택공사총재 최주종,44,15,2,5,22,50.0,미상,미상,미상,미상,미상
국립지질조사소장박인규,국립지질조사소장 박인규,42,17,0,5,22,52.38095238095239,미상,미상,미상,미상,미상
충청북도지사정해식,충청북도지사 정해식,42,16,1,5,22,52.38095238095239,미상,미상,미상,미상,미상
재정경제위원장대리이만섭,재정경제위원장대리 이만섭,36,13,1,8,22,61.111111111111114,민주공화당,"경북 대구시,중구",남,8선,지역구
철도청장이용,철도청장 이용,35,19,0,3,22,62.857142857142854,미상,미상,미상,미상,미상
경제기획원기획관리실장정재석,경제기획원기획관리실장 정재석,33,22,0,0,22,66.66666666666666,미상,미상,미상,미상,미상
류진산의원,류진산 의원,33,9,5,8,22,66.66666666666666,신민당,미상,남,재선,전국구
이교선위원,이교선 위원,33,21,0,1,22,66.66666666666666,민주공화당,"강원 홍천,인제군",남,재선,지역구
건설위원장대리류광현,건설위원장대리 류광현,23,22,0,0,22,95.65217391304348,미상,미상,미상,미상,미상
건설위원장대리신동관,건설위원장대리 신동관,22,20,0,2,22,100.0,민주공화당,"경남 남해,하동군",남,3선,지역구
부의장윤제술,부의장 윤제술,265,20,1,0,21,7.9245283018867925,신민당,서울 서대문구을,남,6선,지역구
이주일위원,이주일 위원,250,20,1,0,21,8.4,미상,미상,미상,미상,미상
반장노재필,반장 노재필,215,20,0,1,21,9.767441860465116,민주공화당,"경남 양산,동래군",남,재선,지역구
위원장대리이원우,위원장대리 이원우,187,21,0,0,21,11.229946524064172,민주공화당,경북 영천,남,초선,지역구
출석위원(9인),출석 위원(9인),152,6,15,0,21,13.815789473684212,미상,미상,미상,미상,미상
나용균위원,나용균 위원,138,9,9,3,21,15.217391304347828,신민당,전북 정읍군,남,4선,지역구
통고,통고,130,17,4,0,21,16.153846153846153,미상,미상,미상,미상,미상
위원장김종철,위원장 김종철,129,21,0,0,21,16.27906976744186,민주공화당,"충남 천안,천원군",남,6선,지역구
위원장박정희,위원장 박정희,114,13,6,2,21,18.421052631578945,미상,미상,미상,미상,미상
서울지방국세청장엄빈,서울지방국세청장 엄빈,106,19,0,2,21,19.81132075471698,미상,미상,미상,미상,미상
대한해운공사사장이맹기,대한해운공사사장 이맹기,75,17,0,4,21,28.000000000000004,미상,미상,미상,미상,미상
강필선위원,강필선 위원,72,20,0,1,21,29.166666666666668,신민당,미상,남,초선,전국구
대한염업주식회사사장박동균,대한염업주식회사사장 박동균,58,20,0,1,21,36.206896551724135,미상,미상,미상,미상,미상
총무처차관박상길,총무처차관 박상길,58,21,0,0,21,36.206896551724135,미상,미상,미상,미상,미상
김재춘위원,김재춘 위원,57,20,1,0,21,36.84210526315789,민중당,"경기 김포,강화",남,재선,지역구
서울특별시제1부시장이기수,서울특별시제1부시장 이기수,56,17,1,3,21,37.5,미상,미상,미상,미상,미상
법제처장서일교,법제처장 서일교,49,21,0,0,21,42.857142857142854,미상,미상,미상,미상,미상
강병규위원,강병규 위원,47,18,0,3,21,44.680851063829785,민주공화당,미상,남,3선,전국구
김영삼의원,김영삼 의원,46,14,1,6,21,45.65217391304348,신민당,부산 서구,남,9선,지역구
농어촌개발공사사장차균희,농어촌개발공사사장 차균희,44,21,0,0,21,47.72727272727273,미상,미상,미상,미상,미상
대한광업진흥공사사장황기용,대한광업진흥공사사장 황기용,44,20,0,1,21,47.72727272727273,미상,미상,미상,미상,미상
설두하위원,설두하 위원,43,19,2,0,21,48.837209302325576,민주공화당,경남 울산시울주구,남,초선,지역구
외무부차관윤석헌,외무부차관 윤석헌,42,9,8,4,21,50.0,미상,미상,미상,미상,미상
김형일의원,김형일 의원,39,7,1,13,21,53.84615384615385,민정당,경기 화성,남,4선,전국구
李敏祐위원,李敏祐 위원,35,21,0,0,21,60.0,미상,미상,미상,미상,미상
영남국토건설국장지영만,영남국토건설국장 지영만,33,20,0,1,21,63.63636363636363,미상,미상,미상,미상,미상
이병옥의원,이병옥 의원,32,17,0,4,21,65.625,민주공화당,전북 부안군,남,4선,지역구
전매청생산국장박동희,전매청생산국장 박동희,32,21,0,0,21,65.625,미상,미상,미상,미상,미상
제주도지사이승택,제주도지사 이승택,31,15,0,6,21,67.74193548387096,미상,미상,미상,미상,미상
경제기획원차관김학열,경제기획원차관 김학열,30,21,0,0,21,70.0,미상,미상,미상,미상,미상
양회수의원,양회수 의원,26,17,0,4,21,80.76923076923077,민정당,"전남 곡성,화순군",남,재선,지역구
최영근의원,최영근 의원,24,14,0,7,21,87.5,민주당,경남 울산시울주구,남,3선,지역구
반장오치성,반장 오치성,293,18,0,2,20,6.825938566552901,민주공화당,"경기 연천,포천,가평군",남,4선,지역구
반장한병기,반장 한병기,254,19,0,1,20,7.874015748031496,민주공화당,"강원 속초시,고성,양양",남,초선,지역구
위원장대리홍익표,위원장대리 홍익표,157,17,2,1,20,12.738853503184714,민주당,"경기 연천,포천,가평군",남,6선,지역구
김성희위원,김성희 위원,110,16,0,4,20,18.181818181818183,민주공화당,미상,남,초선,전국구
교통부해운국장윤기선,교통부해운국장 윤기선,104,20,0,0,20,19.230769230769234,미상,미상,미상,미상,미상
한국외환은행장김우근,한국외환은행장 김우근,90,13,2,5,20,22.22222222222222,미상,미상,미상,미상,미상
관세청장이택규,관세청장 이택규,79,15,4,1,20,25.31645569620253,미상,미상,미상,미상,미상
전문위원이준승,전문위원 이준승,72,20,0,0,20,27.77777777777778,미상,미상,미상,미상,미상
국토통일원장관김영선,국토통일원장관 김영선,66,11,6,3,20,30.303030303030305,미상,미상,미상,미상,미상
홍종철위원,홍종철 위원,65,17,3,0,20,30.76923076923077,미상,미상,미상,미상,미상
한국은행총재김성환,한국은행총재 김성환,64,19,0,1,20,31.25,미상,미상,미상,미상,미상
노동청차장김문영,노동청차장 김문영,58,20,0,0,20,34.48275862068966,미상,미상,미상,미상,미상
국방부차관류근창,국방부차관 류근창,56,12,3,5,20,35.714285714285715,미상,미상,미상,미상,미상
보건사회부차관홍종관,보건사회부차관 홍종관,53,18,0,2,20,37.735849056603776,미상,미상,미상,미상,미상
과학기술처장관최형섭,과학기술처장관 최형섭,49,20,0,0,20,40.816326530612244,미상,미상,미상,미상,미상
백남억의원,백남억 의원,48,16,0,4,20,41.66666666666667,민주공화당,경북 김천시금릉,남,5선,지역구
전라남도지사김보현,전라남도지사 김보현,48,15,0,5,20,41.66666666666667,미상,미상,미상,미상,미상
강원도지사박경원,강원도지사 박경원,46,13,0,7,20,43.47826086956522,미상,미상,미상,미상,미상
문화공보부장관홍종철,문화공보부장관 홍종철,46,19,0,1,20,43.47826086956522,미상,미상,미상,미상,미상
이철승위원,이철승 위원,44,18,0,2,20,45.45454545454545,신민당,전북 전주,남,7선,지역구
강원도지사정상천,강원도지사 정상천,37,17,0,3,20,54.054054054054056,미상,미상,미상,미상,미상
이활위원,이활 위원,36,19,0,1,20,55.55555555555556,민주공화당,경북 영천,남,초선,지역구
반장대리육인수,반장대리 육인수,35,16,1,3,20,57.14285714285714,민주공화당,"충북 보은,옥천군",남,5선,지역구
정일형의원,정일형 의원,32,3,3,14,20,62.5,신민당,서울 중구,남,8선,지역구
경기도지사김태경,경기도지사 김태경,30,15,0,5,20,66.66666666666666,미상,미상,미상,미상,미상
국무총리최두선,국무총리 최두선,28,14,0,6,20,71.42857142857143,미상,미상,미상,미상,미상
보건사회위원장대리김삼봉,보건사회위원장대리 김삼봉,26,15,3,2,20,76.92307692307693,유신정우회,미상,남,초선,통일주체국민회의
위원장대리황호현,위원장대리 황호현,253,16,3,0,19,7.5098814229249005,민주공화당,"강원 횡성,평창군",남,3선,지역구
증인심종섭,증인 심종섭,235,14,4,1,19,8.085106382978724,미상,미상,미상,미상,미상
위원장대리노재필,위원장대리 노재필,147,16,3,0,19,12.925170068027212,민주공화당,"경남 양산,동래군",남,재선,지역구
유병현위원,유병현 위원,127,19,0,0,19,14.960629921259844,미상,미상,미상,미상,미상
교통부육운국장정재석,교통부육운국장 정재석,121,13,3,3,19,15.702479338842975,미상,미상,미상,미상,미상
반장이백일,반장 이백일,114,18,0,1,19,16.666666666666664,민주공화당,"경기 여주,양평군",남,재선,지역구
법무부차관이경호,법무부차관 이경호,86,11,7,1,19,22.093023255813954,미상,미상,미상,미상,미상
위원장대리신형식,위원장대리 신형식,78,18,1,0,19,24.358974358974358,민주공화당,전남 고흥,남,4선,지역구
김창환위원,김창환 위원,63,14,3,2,19,30.158730158730158,신민당,"경북 성주,칠곡군",남,재선,지역구
외무부기획관리실장송광정,외무부기획관리실장 송광정,49,19,0,0,19,38.775510204081634,미상,미상,미상,미상,미상
공보부기획관리실장이춘성,공보부기획관리실장 이춘성,45,19,0,0,19,42.22222222222222,미상,미상,미상,미상,미상
체신부기획관리실장노원식,체신부기획관리실장 노원식,44,18,1,0,19,43.18181818181818,미상,미상,미상,미상,미상
전라북도지사이환의,전라북도지사 이환의,42,15,0,4,19,45.23809523809524,미상,미상,미상,미상,미상
건설부기획관리실장최종성,건설부기획관리실장 최종성,41,19,0,0,19,46.34146341463415,미상,미상,미상,미상,미상
경기도지사손수익,경기도지사 손수익,38,15,1,3,19,50.0,미상,미상,미상,미상,미상
한국전력주식회사상무이사김선집,한국전력주식회사상무이사 김선집,38,19,0,0,19,50.0,미상,미상,미상,미상,미상
국제관광공사총재장성환,국제관광공사총재 장성환,36,14,0,5,19,52.77777777777778,미상,미상,미상,미상,미상
내무부장관김현옥,내무부장관 김현옥,36,16,1,2,19,52.77777777777778,미상,미상,미상,미상,미상
상공위원장대리오학진,상공위원장대리 오학진,36,19,0,0,19,52.77777777777778,민주공화당,"경기 시흥,부천,옹진군",남,4선,전국구
호남국토건설국장이문섭,호남국토건설국장 이문섭,36,17,0,2,19,52.77777777777778,미상,미상,미상,미상,미상
경제기획원민간차관과장김형국,경제기획원민간차관과장 김형국,33,17,0,2,19,57.57575757575758,미상,미상,미상,미상,미상
조달청기획관리관강홍모,조달청기획관리관 강홍모,33,19,0,0,19,57.57575757575758,미상,미상,미상,미상,미상
농업협동조합중앙회회장신명순,농업협동조합중앙회회장 신명순,28,2,1,16,19,67.85714285714286,미상,미상,미상,미상,미상
고흥문의원,고흥문 의원,26,14,0,5,19,73.07692307692307,신민당,"서울 성북,도봉구",남,5선,전국구
상공위원장대리김창욱,상공위원장대리 김창욱,25,19,0,0,19,76.0,민주공화당,"경남 의령,함안군",남,초선,지역구
상공위원장김재순,상공위원장 김재순,22,16,0,3,19,86.36363636363636,민주공화당,"강원 철원,화천,양구",남,7선,지역구
반장이상무,반장 이상무,307,15,1,2,18,5.863192182410423,민주공화당,"경북 경주,월성군",남,재선,지역구
부의장이민우,부의장 이민우,123,18,0,0,18,14.634146341463413,신민당,"충북 청주시,청원군",남,6선,지역구
부의장이철승,부의장 이철승,99,18,0,0,18,18.181818181818183,신민당,"전북 전주시,완주군",남,7선,지역구
위원장대리박영록,위원장대리 박영록,89,17,1,0,18,20.224719101123593,민주당,강원 원주시원성군,남,4선,지역구
소양강댐건설사무소장김경수,소양강댐건설사무소장 김경수,74,18,0,0,18,24.324324324324326,미상,미상,미상,미상,미상
의장박정희,의장 박정희,74,17,0,1,18,24.324324324324326,미상,미상,미상,미상,미상
재무부사세국장배숙,재무부사세국장 배숙,70,18,0,0,18,25.71428571428571,미상,미상,미상,미상,미상
한국기계공업주식회사사장정낙은,한국기계공업주식회사사장 정낙은,60,18,0,0,18,30.0,미상,미상,미상,미상,미상
수산업협동조합중앙회장박상길,수산업협동조합중앙회장 박상길,48,15,0,3,18,37.5,미상,미상,미상,미상,미상
상공부광공차관보오원철,상공부광공차관보 오원철,44,18,0,0,18,40.909090909090914,미상,미상,미상,미상,미상
신상우위원,신상우 위원,44,15,0,3,18,40.909090909090914,신민당,"경남 양산,동래군",남,7선,지역구
대한석탄공사부총재이상규,대한석탄공사부총재 이상규,42,18,0,0,18,42.857142857142854,미상,미상,미상,미상,미상
이원엽위원,이원엽 위원,42,18,0,0,18,42.857142857142854,민주공화당,미상,남,초선,전국구
토지개량조합연합회회장고길훈,토지개량조합연합회회장 고길훈,41,17,0,1,18,43.90243902439025,미상,미상,미상,미상,미상
정태성의원,정태성 의원,35,15,0,3,18,51.42857142857142,민주공화당,충북 청주,남,재선,지역구
전라북도지사이정우,전라북도지사 이정우,33,17,0,1,18,54.54545454545454,미상,미상,미상,미상,미상
전라북도지사이춘성,전라북도지사 이춘성,32,17,0,1,18,56.25,미상,미상,미상,미상,미상
민관식의원(위원,민관식 의원(위원,31,13,1,4,18,58.06451612903226,민주공화당,서울 동대문구갑,남,5선,지역구
상공부기획관리실장서영철,상공부기획관리실장 서영철,31,18,0,0,18,58.06451612903226,미상,미상,미상,미상,미상
경제과학심의회의사무국장김정무,경제과학심의회의사무국장 김정무,30,18,0,0,18,60.0,미상,미상,미상,미상,미상
재무위원장대리지종걸,재무위원장대리 지종걸,30,17,1,0,18,60.0,유신정우회,미상,남,초선,통일주체국민회의
김응주의원,김응주 의원,25,7,1,10,18,72.0,신민당,부산 중구,남,4선,지역구
농림부장관박동앙,농림부장관 박동앙,25,18,0,0,18,72.0,미상,미상,미상,미상,미상
정상구의원,정상구 의원,25,12,0,6,18,72.0,신민당,부산 진구갑,남,5선,지역구
재정경제위원장대리박규상,재정경제위원장대리 박규상,21,16,0,2,18,85.71428571428571,민주공화당,미상,남,초선,전국구
건설위원장서상린,건설위원장 서상린,20,15,0,3,18,90.0,민주공화당,"경기 용인,안성",남,5선,지역구
경제과학위원장김종철,경제과학위원장 김종철,19,17,1,0,18,94.73684210526315,민주공화당,"충남 천안시,아산,천원군",남,6선,지역구
위원장대리김종호,위원장대리 김종호,254,16,1,0,17,6.692913385826772,민주공화당,"강원 속초시,고성,양양",남,재선,지역구
위원장김창근,위원장 김창근,194,15,2,0,17,8.762886597938143,민주공화당,경북 영주,남,4선,지역구
증인김일두,증인 김일두,130,9,7,1,17,13.076923076923078,미상,미상,미상,미상,미상
윤제술위원,윤제술 위원,121,9,6,2,17,14.049586776859504,민정당,서울 서대문구을,남,6선,지역구
증인,증인,112,14,2,1,17,15.178571428571427,미상,미상,미상,미상,미상
위원장대리김두현,위원장대리 김두현,110,17,0,0,17,15.454545454545453,민주공화당,충남 당진,남,초선,지역구
증인최관식,증인 최관식,107,15,1,1,17,15.887850467289718,미상,미상,미상,미상,미상
철도청기술연구소장이태원,철도청기술연구소장 이태원,96,17,0,0,17,17.708333333333336,미상,미상,미상,미상,미상
위원장대리최석림,위원장대리 최석림,91,17,0,0,17,18.681318681318682,민주공화당,"경남 충무,통영,고성군",남,4선,지역구
반장장승태,반장 장승태,87,11,5,1,17,19.54022988505747,민주공화당,"강원 영월,정선군",남,4선,지역구
출석감사위원(8인),출석 감사위원(8인),83,1,16,0,17,20.481927710843372,미상,미상,미상,미상,미상
중앙선거관리위원장사광욱,중앙선거관리위원장 사광욱,65,14,2,1,17,26.153846153846157,미상,미상,미상,미상,미상
김홍일위원,김홍일 위원,63,6,5,6,17,26.984126984126984,신민당,서울 마포구,남,재선,지역구
김유택위원,김유택 위원,61,10,2,5,17,27.86885245901639,민주공화당,충북 제천시단양군,남,초선,지역구
전문위원서정우,전문위원 서정우,59,16,0,1,17,28.8135593220339,미상,미상,미상,미상,미상
국제관광공사총재오재경,국제관광공사총재 오재경,54,13,1,3,17,31.48148148148148,미상,미상,미상,미상,미상
법무부장관신직수,법무부장관 신직수,49,12,1,4,17,34.69387755102041,미상,미상,미상,미상,미상
국토통일원장관신태환,국토통일원장관 신태환,48,13,2,2,17,35.41666666666667,미상,미상,미상,미상,미상
진형하의원,진형하 의원,47,10,2,5,17,36.17021276595745,신민당,충남 대전,남,3선,지역구
대한중석광업주식회사사장박태준,대한중석광업주식회사사장 박태준,43,15,1,1,17,39.53488372093023,미상,미상,미상,미상,미상
농업협동조합중앙회회장서봉균,농업협동조합중앙회회장 서봉균,42,15,0,2,17,40.476190476190474,미상,미상,미상,미상,미상
외무부기획관리실장백인한,외무부기획관리실장 백인한,40,15,1,1,17,42.5,미상,미상,미상,미상,미상
조경한위원,조경한 위원,40,15,0,2,17,42.5,민주공화당,"전남 순천시,승주군",남,초선,지역구
한국외환은행장홍용희,한국외환은행장 홍용희,40,16,0,1,17,42.5,미상,미상,미상,미상,미상
김종익위원,김종익 위원,35,15,0,2,17,48.57142857142857,민주공화당,충남 부여군,남,3선,지역구
국방위원장민병권,국방위원장 민병권,34,11,3,3,17,50.0,민주공화당,"경남 함양,거창군",남,4선,지역구
대한주택공사총재윤태일,대한주택공사총재 윤태일,34,12,2,3,17,50.0,미상,미상,미상,미상,미상
울산특별건설국장김경린,울산특별건설국장 김경린,32,17,0,0,17,53.125,미상,미상,미상,미상,미상
이만섭의원,이만섭 의원,31,12,0,5,17,54.83870967741935,민주공화당,"경북 대구시,중구",남,8선,전국구
강승구의원,강승구 의원,30,3,5,9,17,56.666666666666664,신민당,"경기 의정부시,양주군",남,3선,지역구
경제기획원장김유택,경제기획원장 김유택,28,17,0,0,17,60.71428571428571,미상,미상,미상,미상,미상
문교공보위원장이돈해,문교공보위원장 이돈해,28,16,0,1,17,60.71428571428571,민주공화당,"경기 김포,강화",남,초선,지역구
류청의원,류청 의원,27,14,1,2,17,62.96296296296296,미상,미상,미상,미상,미상
충청남도지사민유동,충청남도지사 민유동,24,16,0,1,17,70.83333333333334,미상,미상,미상,미상,미상
정운갑의원,정운갑 의원,23,10,0,7,17,73.91304347826086,신민당,서울 성동구병,남,5선,전국구
부의장나용균,부의장 나용균,264,10,5,1,16,6.0606060606060606,신민당,전북 정읍군,남,4선,지역구
위원장대리김은하,위원장대리 김은하,132,16,0,0,16,12.121212121212121,신민당,경기 인천시을,남,6선,지역구
유창열위원,유창열 위원,128,14,1,1,16,12.5,신민당,미상,남,초선,전국구
총무국장류홍식,총무국장 류홍식,115,14,0,2,16,13.91304347826087,신민당,미상,남,3선,전국구
길재호위원,길재호 위원,97,13,1,2,16,16.49484536082474,민주공화당,충남 금산군,남,3선,지역구
참고인이종원,참고인 이종원,67,16,0,0,16,23.88059701492537,미상,미상,미상,미상,미상
반장김성철,반장 김성철,65,16,0,0,16,24.615384615384617,민주공화당,"전북 이리시,익산군",남,재선,지역구
국방부차관이경호,국방부차관 이경호,60,10,0,6,16,26.666666666666668,미상,미상,미상,미상,미상
중소기업은행장서진수,중소기업은행장 서진수,56,16,0,0,16,28.57142857142857,미상,미상,미상,미상,미상
대한해운공사전무이사박승완,대한해운공사전무이사 박승완,55,15,0,1,16,29.09090909090909,미상,미상,미상,미상,미상
철도청시설국장박대규,철도청시설국장 박대규,55,15,0,1,16,29.09090909090909,미상,미상,미상,미상,미상
대한철광개발주식회사사장임원석,대한철광개발주식회사사장 임원석,54,15,0,1,16,29.629629629629626,미상,미상,미상,미상,미상
조달청장고재일,조달청장 고재일,53,16,0,0,16,30.18867924528302,미상,미상,미상,미상,미상
대한석유공사사장박원석,대한석유공사사장 박원석,52,15,0,1,16,30.76923076923077,미상,미상,미상,미상,미상
문교부차관김도창,문교부차관 김도창,49,14,0,2,16,32.6530612244898,미상,미상,미상,미상,미상
김용태위원,김용태 위원,48,8,3,5,16,33.33333333333333,민주공화당,"충남 대덕,연기군",남,5선,지역구
경리과장김종인,경리과장 김종인,46,16,0,0,16,34.78260869565217,미상,미상,미상,미상,미상
농어촌개발공사총재최두열,농어촌개발공사총재 최두열,46,15,0,1,16,34.78260869565217,미상,미상,미상,미상,미상
고형곤의원,고형곤 의원,43,12,1,3,16,37.2093023255814,민정당,"전북 군산시,옥구",남,초선,지역구
한국기계공업주식회사사장정영기,한국기계공업주식회사사장 정영기,43,16,0,0,16,37.2093023255814,미상,미상,미상,미상,미상
한국마사회장김덕승,한국마사회장 김덕승,43,15,0,1,16,37.2093023255814,미상,미상,미상,미상,미상
경기도지사남봉진,경기도지사 남봉진,42,10,2,4,16,38.095238095238095,미상,미상,미상,미상,미상
대한준설공사사장김동빈,대한준설공사사장 김동빈,42,14,0,2,16,38.095238095238095,미상,미상,미상,미상,미상
윤길중위원,윤길중 위원,40,11,1,4,16,40.0,신민당,서울 영등포구정,남,6선,지역구
원호처기획관리관류완식,원호처기획관리관 류완식,38,16,0,0,16,42.10526315789473,미상,미상,미상,미상,미상
출석한국무위원,출석한 국무위원,36,16,0,0,16,44.44444444444444,미상,미상,미상,미상,미상
서울특별시제1부시장김정오,서울특별시제1부시장 김정오,35,11,0,5,16,45.714285714285715,미상,미상,미상,미상,미상
정판국위원,정판국 위원,33,14,1,1,16,48.484848484848484,민주공화당,전남 신안군,남,초선,지역구
경제기획원종합기획국장우윤희,경제기획원종합기획국장 우윤희,30,16,0,0,16,53.333333333333336,미상,미상,미상,미상,미상
재무위원장대리구범모,재무위원장대리 구범모,27,15,0,1,16,59.25925925925925,유신정우회,"경북 문경시,예천군",남,재선,통일주체국민회의
노동청장조의창,노동청장 조의창,25,15,0,1,16,64.0,미상,미상,미상,미상,미상
류창열의원,류창열 의원,25,12,0,4,16,64.0,미상,미상,미상,미상,미상
이우헌의원,이우헌 의원,25,14,0,2,16,64.0,민주공화당,"전남 여수시,여천군",남,재선,지역구
재무부기획관리실장조충훈,재무부기획관리실장 조충훈,25,16,0,0,16,64.0,미상,미상,미상,미상,미상
상공부전기국장박용철,상공부전기국장 박용철,24,15,0,1,16,66.66666666666666,미상,미상,미상,미상,미상
재무부장관김용환,재무부장관 김용환,19,6,0,10,16,84.21052631578947,미상,미상,미상,미상,미상
교통체신위원장박승규,교통체신위원장 박승규,18,13,0,3,16,88.88888888888889,민주공화당,"전남 담양,장성군",남,초선,지역구
위원장대리최영근,위원장대리 최영근,276,15,0,0,15,5.434782608695652,민주당,경남 울산시울주구,남,3선,지역구
대한조선공사사장이영진,대한조선공사사장 이영진,159,14,0,1,15,9.433962264150944,민주공화당,충남 아산,남,초선,지역구
위원장대리고재필,위원장대리 고재필,151,15,0,0,15,9.933774834437086,민주공화당,"전남 담양,장성군",남,4선,지역구
증인송민석,증인 송민석,134,14,0,1,15,11.194029850746269,미상,미상,미상,미상,미상
부의장이주일,부의장 이주일,103,14,1,0,15,14.563106796116504,미상,미상,미상,미상,미상
체신부공무국장안동렬,체신부공무국장 안동렬,85,15,0,0,15,17.647058823529413,미상,미상,미상,미상,미상
국세청기획관리관조진희,국세청기획관리관 조진희,72,15,0,0,15,20.833333333333336,미상,미상,미상,미상,미상
서울특별시제1부시장김병완,서울특별시제1부시장 김병완,64,13,2,0,15,23.4375,미상,미상,미상,미상,미상
증인김형수,증인 김형수,61,13,0,2,15,24.59016393442623,미상,미상,미상,미상,미상
정명섭의원,정명섭 의원,55,13,0,2,15,27.27272727272727,자유민주당,전남 나주,남,3선,지역구
위원장대리정래정,위원장대리 정래정,49,15,0,0,15,30.612244897959183,민주공화당,전남 광주을,남,재선,지역구
충청남도건설국장이재희,충청남도건설국장 이재희,49,15,0,0,15,30.612244897959183,미상,미상,미상,미상,미상
주월남대사신상철,주월남대사 신상철,47,5,4,6,15,31.914893617021278,미상,미상,미상,미상,미상
재무부이재국장장덕진,재무부이재국장 장덕진,45,15,0,0,15,33.33333333333333,미상,미상,미상,미상,미상
재무부차관김원기,재무부차관 김원기,40,15,0,0,15,37.5,미상,미상,미상,미상,미상
회장서봉균,회장 서봉균,40,12,2,1,15,37.5,미상,미상,미상,미상,미상
충청남도지사김의창,충청남도지사 김의창,35,13,0,2,15,42.857142857142854,미상,미상,미상,미상,미상
원자력연구소장최형섭,원자력연구소장 최형섭,34,15,0,0,15,44.11764705882353,미상,미상,미상,미상,미상
한국도로공사사장송정범,한국도로공사사장 송정범,32,15,0,0,15,46.875,미상,미상,미상,미상,미상
보건사회위원장이우헌,보건사회위원장 이우헌,31,9,4,2,15,48.38709677419355,민주공화당,"전남 여수시,여천군",남,재선,지역구
김익준의원,김익준 의원,29,9,0,6,15,51.724137931034484,민주공화당,미상,남,재선,전국구
포항공업지구공사사무소장신동렬,포항공업지구공사사무소장 신동렬,29,15,0,0,15,51.724137931034484,미상,미상,미상,미상,미상
외무위원장김동환,외무위원장 김동환,27,9,1,5,15,55.55555555555556,민주공화당,미상,남,재선,전국구
경기도지사박태원,경기도지사 박태원,26,14,0,1,15,57.692307692307686,미상,미상,미상,미상,미상
이원장위원,이원장 위원,26,13,0,2,15,57.692307692307686,십오구락부,"충남 보령시,서천군",남,재선,지역구
서민호의원,서민호 의원,25,3,3,9,15,60.0,신민당,전남 고흥군,남,4선,지역구
과학기술처차관이재철,과학기술처차관 이재철,24,15,0,0,15,62.5,미상,미상,미상,미상,미상
재정경제위원장대리오상직,재정경제위원장대리 오상직,23,13,0,2,15,65.21739130434783,민주공화당,경북 의성,남,재선,지역구
한통숙의원,한통숙 의원,20,3,1,11,15,75.0,민주당,서울 영등포구갑,남,3선,지역구
최재구위원,최재구 위원,18,15,0,0,15,83.33333333333334,민주공화당,경남 고성군,남,4선,지역구
조재천의원,조재천 의원,17,6,1,8,15,88.23529411764706,민중당,미상,남,4선,전국구
교통체신위원장정래정,교통체신위원장 정래정,16,12,0,3,15,93.75,민주공화당,전남 광주을,남,재선,지역구
재정경제위원장대리김재순,재정경제위원장대리 김재순,16,14,0,1,15,93.75,민주공화당,"강원 철원,화천,양구",남,7선,지역구
이정석의원,이정석 의원,15,6,1,8,15,100.0,민주공화당,"충북 진천,음성군",남,4선,전국구
청원,청원,672,12,2,0,14,2.083333333333333,미상,미상,미상,미상,미상
유치송위원,유치송 위원,215,12,1,1,14,6.511627906976744,민정당,경기 평택군,남,5선,지역구
김종갑위원,김종갑 위원,110,12,0,2,14,12.727272727272727,민주공화당,"충남 보령시,서천군",남,초선,지역구
백남억위원,백남억 위원,104,10,4,0,14,13.461538461538462,민주공화당,경북 김천시금릉,남,5선,지역구
증인조영식,증인 조영식,94,14,0,0,14,14.893617021276595,미상,미상,미상,미상,미상
이사배민홍,이사 배민홍,87,14,0,0,14,16.091954022988507,미상,미상,미상,미상,미상
대한광업진흥공사사장박영석,대한광업진흥공사사장 박영석,71,14,0,0,14,19.718309859154928,미상,미상,미상,미상,미상
청장김재덕,청장 김재덕,70,11,3,0,14,20.0,미상,미상,미상,미상,미상
체신부전무국장진근현,체신부전무국장 진근현,64,14,0,0,14,21.875,미상,미상,미상,미상,미상
반장박준규,반장 박준규,58,12,1,1,14,24.137931034482758,민주공화당,서울 성동구을,남,9선,지역구
철도청장박형훈,철도청장 박형훈,56,13,0,1,14,25.0,미상,미상,미상,미상,미상
위원장대리장치훈,위원장대리 장치훈,54,14,0,0,14,25.925925925925924,신민당,미상,남,초선,전국구
전매청기획관리관류홍탁,전매청기획관리관 류홍탁,53,14,0,0,14,26.41509433962264,신민당,미상,남,3선,전국구
전문위원임철순,전문위원 임철순,50,12,0,2,14,28.000000000000004,미상,미상,미상,미상,미상
유옥우위원,유옥우 위원,49,12,1,1,14,28.57142857142857,신민당,서울 동대문구을,남,5선,지역구
대한주택공사기획부장김명식,대한주택공사기획부장 김명식,48,10,1,3,14,29.166666666666668,미상,미상,미상,미상,미상
재무부장관김세련,재무부장관 김세련,47,13,0,1,14,29.78723404255319,미상,미상,미상,미상,미상
이남준의원(위원,이남준 의원(위원,44,14,0,0,14,31.818181818181817,민주공화당,전남 진도,남,재선,지역구
중부국토건설국장이병칠,중부국토건설국장 이병칠,44,11,2,1,14,31.818181818181817,미상,미상,미상,미상,미상
한국외환은행장홍승희,한국외환은행장 홍승희,43,12,2,0,14,32.55813953488372,미상,미상,미상,미상,미상
이세규위원,이세규 위원,42,11,1,2,14,33.33333333333333,신민당,미상,남,초선,전국구
교통부차관이경호,교통부차관 이경호,40,13,0,1,14,35.0,미상,미상,미상,미상,미상
수산청차장장희운,수산청차장 장희운,37,14,0,0,14,37.83783783783784,미상,미상,미상,미상,미상
교통부기획관리실장이동희,교통부기획관리실장 이동희,36,13,0,1,14,38.88888888888889,미상,미상,미상,미상,미상
농업진흥공사총재진봉현,농업진흥공사총재 진봉현,35,14,0,0,14,40.0,미상,미상,미상,미상,미상
농업협동조합중앙회장신명순,농업협동조합중앙회장 신명순,35,11,1,2,14,40.0,미상,미상,미상,미상,미상
중앙정보부장김계원,중앙정보부장 김계원,35,6,2,6,14,40.0,미상,미상,미상,미상,미상
국립보건연구원장허용,국립보건연구원장 허용,33,14,0,0,14,42.42424242424242,미상,미상,미상,미상,미상
상공부상역국장김우근,상공부상역국장 김우근,32,13,1,0,14,43.75,미상,미상,미상,미상,미상
보건사회위원장김성철,보건사회위원장 김성철,31,8,2,4,14,45.16129032258064,민주공화당,"전북 이리시,익산군",남,재선,지역구
재무부재정차관보장덕진,재무부재정차관보 장덕진,29,9,1,4,14,48.275862068965516,미상,미상,미상,미상,미상
대한주택공사총재장동운,대한주택공사총재 장동운,28,9,0,5,14,50.0,미상,미상,미상,미상,미상
권중돈위원,권중돈 위원,26,11,1,2,14,53.84615384615385,신민당,서울 종로구,남,5선,지역구
장덕진위원,장덕진 위원,26,9,0,5,14,53.84615384615385,민주공화당,서울 영등포구갑,남,초선,지역구
총무처차관신두영,총무처차관 신두영,26,13,0,1,14,53.84615384615385,미상,미상,미상,미상,미상
부산직할시장김덕엽,부산직할시장 김덕엽,25,13,0,1,14,56.00000000000001,미상,미상,미상,미상,미상
문교부기획관리실장심창유,문교부기획관리실장 심창유,24,14,0,0,14,58.333333333333336,미상,미상,미상,미상,미상
최두고의원,최두고 의원,24,9,2,3,14,58.333333333333336,민주공화당,부산 진구을,남,재선,지역구
건설공제조합이사장오인순,건설공제조합이사장 오인순,23,14,0,0,14,60.86956521739131,미상,미상,미상,미상,미상
울산특별건설국장김병옥,울산특별건설국장 김병옥,22,14,0,0,14,63.63636363636363,미상,미상,미상,미상,미상
보건사회위원장대리최용수,보건사회위원장대리 최용수,20,12,1,1,14,70.0,유신정우회,미상,남,재선,통일주체국민회의
경제기획원공공차관과장황병태,경제기획원공공차관과장 황병태,19,14,0,0,14,73.68421052631578,미상,미상,미상,미상,미상
신동관위원,신동관 위원,18,12,0,2,14,77.77777777777779,민주공화당,경남 남해군,남,3선,지역구
권오훈의원,권오훈 의원,17,11,0,3,14,82.35294117647058,민주공화당,경북 안동,남,초선,지역구
보건사회부장관신현확,보건사회부장관 신현확,16,11,0,3,14,87.5,민주공화당,"경북 성주,군위,칠곡,선산",남,재선,지역구
김삼의원,김삼 의원,15,11,1,2,14,93.33333333333333,자유민주당,"강원 강릉,명주",남,초선,지역구
조일환의원,조일환 의원,15,11,0,3,14,93.33333333333333,신민당,"경북 대구시,북,서구",남,4선,지역구
상공위원장대리신동준,상공위원장대리 신동준,14,13,0,1,14,100.0,민주공화당,미상,남,초선,전국구
증인장인섭,증인 장인섭,579,13,0,0,13,2.2452504317789295,미상,미상,미상,미상,미상
증인김재하,증인 김재하,225,12,1,0,13,5.777777777777778,미상,미상,미상,미상,미상
위원장대리변종봉,위원장대리 변종봉,137,9,3,1,13,9.48905109489051,민주공화당,"경남 산청,합천군",남,초선,지역구
서울특별시교육감김원규,서울특별시교육감 김원규,117,8,5,0,13,11.11111111111111,미상,미상,미상,미상,미상
서울특별시관광운수국장최익명,서울특별시관광운수국장 최익명,103,11,1,1,13,12.62135922330097,미상,미상,미상,미상,미상
농업협동조합중앙회경상북도지부장방영정,농업협동조합중앙회경상북도지부장 방영정,92,6,5,2,13,14.130434782608695,미상,미상,미상,미상,미상
서울특별시교육감최복현,서울특별시교육감 최복현,84,10,2,1,13,15.476190476190476,미상,미상,미상,미상,미상
사무관주문옥,사무관 주문옥,77,9,3,1,13,16.883116883116884,미상,미상,미상,미상,미상
출석한정부위원,출석한 정부위원,73,13,0,0,13,17.80821917808219,미상,미상,미상,미상,미상
국민은행장박대진,국민은행장 박대진,53,12,1,0,13,24.528301886792452,미상,미상,미상,미상,미상
울산특별건설국포항공업지구공사사무소장이문섭,울산특별건설국포항공업지구공사사무소장 이문섭,46,13,0,0,13,28.26086956521739,미상,미상,미상,미상,미상
증인김민호,증인 김민호,46,11,1,1,13,28.26086956521739,미상,미상,미상,미상,미상
이동녕위원,이동녕 위원,41,11,1,1,13,31.70731707317073,민주공화당,경북 문경,남,3선,지역구
한국투자개발공사총재김홍경,한국투자개발공사총재 김홍경,41,13,0,0,13,31.70731707317073,미상,미상,미상,미상,미상
내무위원장대리김용진,내무위원장대리 김용진,39,8,2,3,13,33.33333333333333,민주공화당,전북 전주,남,초선,지역구
교통부관광국장윤영구,교통부관광국장 윤영구,38,10,1,2,13,34.21052631578947,미상,미상,미상,미상,미상
상공부상역차관보이철승,상공부상역차관보 이철승,34,13,0,0,13,38.23529411764706,미상,미상,미상,미상,미상
보건사회부약정국약무과장허용,보건사회부약정국약무과장 허용,33,12,1,0,13,39.39393939393939,미상,미상,미상,미상,미상
농림부산림국장조한욱,농림부산림국장 조한욱,32,12,0,1,13,40.625,미상,미상,미상,미상,미상
변종봉의원,변종봉 의원,32,10,0,3,13,40.625,민주공화당,"경남 산청,합천군",남,초선,지역구
청장이훈섭,청장 이훈섭,31,12,0,1,13,41.935483870967744,미상,미상,미상,미상,미상
국립공업연구소장이범순,국립공업연구소장 이범순,30,11,0,2,13,43.333333333333336,미상,미상,미상,미상,미상
대한석탄공사총재태완선,대한석탄공사총재 태완선,30,9,1,3,13,43.333333333333336,미상,미상,미상,미상,미상
박성호위원,박성호 위원,30,12,0,1,13,43.333333333333336,민주공화당,충남 금산군,남,초선,지역구
전매청기획관리관정재철,전매청기획관리관 정재철,30,12,0,1,13,43.333333333333336,미상,미상,미상,미상,미상
김재화위원,김재화 위원,27,6,5,2,13,48.148148148148145,신민당,미상,남,초선,전국구
충청남도지사노명우,충청남도지사 노명우,27,11,1,1,13,48.148148148148145,미상,미상,미상,미상,미상
문화공보부장관김성진,문화공보부장관 김성진,26,11,0,2,13,50.0,미상,미상,미상,미상,미상
국가안전보장회의사무국장배덕진,국가안전보장회의사무국장 배덕진,25,13,0,0,13,52.0,미상,미상,미상,미상,미상
대한석유공사부사장전민제,대한석유공사부사장 전민제,25,10,1,2,13,52.0,미상,미상,미상,미상,미상
조선공사사장김두찬,조선공사사장 김두찬,24,12,1,0,13,54.166666666666664,미상,미상,미상,미상,미상
재무부재정차관보민영훈,재무부재정차관보 민영훈,21,12,0,1,13,61.904761904761905,미상,미상,미상,미상,미상
전라남도지사신용우,전라남도지사 신용우,21,12,0,1,13,61.904761904761905,미상,미상,미상,미상,미상
국무총리비서실장홍성철,국무총리비서실장 홍성철,19,12,0,1,13,68.42105263157895,미상,미상,미상,미상,미상
김주인의원,김주인 의원,16,11,0,2,13,81.25,민주공화당,경남 거제,남,4선,지역구
문교공보위원장육인수,문교공보위원장 육인수,16,9,2,2,13,81.25,민주공화당,"충북 보은,옥천군",남,5선,지역구
부산시장박영수,부산시장 박영수,16,12,0,1,13,81.25,미상,미상,미상,미상,미상
상공위원장대리류기정,상공위원장대리 류기정,16,12,0,1,13,81.25,미상,미상,미상,미상,미상
외무부장관박동진,외무부장관 박동진,16,5,3,5,13,81.25,미상,미상,미상,미상,미상
경제기획원장관김학열,경제기획원장관 김학열,13,12,0,1,13,100.0,미상,미상,미상,미상,미상
상공부장관장예준,상공부장관 장예준,13,11,0,2,13,100.0,미상,미상,미상,미상,미상
송한철의원,송한철 의원,13,12,0,1,13,100.0,민주공화당,"경북 성주,칠곡군",남,재선,지역구
위원장대리김삼,위원장대리 김삼,335,9,3,0,12,3.582089552238806,자유민주당,"강원 강릉,명주",남,초선,지역구
출석위원(7인),출석 위원(7인),184,0,12,0,12,6.521739130434782,미상,미상,미상,미상,미상
증인이일섭,증인 이일섭,132,11,1,0,12,9.090909090909092,미상,미상,미상,미상,미상
증인성상영,증인 성상영,129,10,2,0,12,9.30232558139535,미상,미상,미상,미상,미상
참고인정창훈,참고인 정창훈,126,8,2,2,12,9.523809523809524,미상,미상,미상,미상,미상
증인김인규,증인 김인규,105,4,4,4,12,11.428571428571429,미상,미상,미상,미상,미상
위원장대리이상희,위원장대리 이상희,97,11,0,1,12,12.371134020618557,민주공화당,충남 서산,남,재선,지역구
증인황보용,증인 황보용,95,10,1,1,12,12.631578947368421,미상,미상,미상,미상,미상
박태준위원,박태준 위원,87,11,1,0,12,13.793103448275861,미상,미상,미상,미상,미상
김용성위원,김용성 위원,63,8,1,3,12,19.047619047619047,신민당,미상,남,3선,전국구
김준연의원,김준연 의원,60,4,3,5,12,20.0,자유민주당,전남 영암군강진군,남,5선,지역구
체신부경리국장노원식,체신부경리국장 노원식,53,12,0,0,12,22.641509433962266,미상,미상,미상,미상,미상
출석감사위원(12인),출석 감사위원(12인),51,0,12,0,12,23.52941176470588,미상,미상,미상,미상,미상
서범석의원,서범석 의원,48,4,1,7,12,25.0,민정당,서울 성북구을,남,6선,지역구
서울세관장김유하,서울세관장 김유하,48,10,0,2,12,25.0,미상,미상,미상,미상,미상
반장대리김은하,반장대리 김은하,46,9,2,1,12,26.08695652173913,신민당,경기 인천시을,남,6선,지역구
반장대리이백일,반장대리 이백일,45,12,0,0,12,26.666666666666668,민주공화당,"경기 여주,양평군",남,재선,지역구
서울특별시제1부시장전재덕,서울특별시제1부시장 전재덕,45,11,0,1,12,26.666666666666668,미상,미상,미상,미상,미상
영남국토건설국장장달진,영남국토건설국장 장달진,42,11,1,0,12,28.57142857142857,미상,미상,미상,미상,미상
부산체신청장배동조,부산체신청장 배동조,41,9,1,2,12,29.268292682926827,미상,미상,미상,미상,미상
교통체신위원장대리노재필,교통체신위원장대리 노재필,37,9,2,1,12,32.432432432432435,민주공화당,"경남 양산,동래군",남,재선,지역구
은행장정우창,은행장 정우창,37,10,0,2,12,32.432432432432435,미상,미상,미상,미상,미상
서울특별시수도국장최종완,서울특별시수도국장 최종완,36,12,0,0,12,33.33333333333333,미상,미상,미상,미상,미상
재무부외환국장이재설,재무부외환국장 이재설,36,10,0,2,12,33.33333333333333,미상,미상,미상,미상,미상
서울특별시제2부시장차일석,서울특별시제2부시장 차일석,35,11,0,1,12,34.285714285714285,미상,미상,미상,미상,미상
수원연초제조창장김광정,수원연초제조창장 김광정,35,12,0,0,12,34.285714285714285,미상,미상,미상,미상,미상
소양강댐공사사무소소장김경수,소양강댐공사사무소소장 김경수,33,11,1,0,12,36.36363636363637,미상,미상,미상,미상,미상
신하균위원,신하균 위원,28,10,0,2,12,42.857142857142854,신민당,"경기 광주,이천",남,3선,지역구
최영두의원(위원,최영두 의원(위원,27,12,0,0,12,44.44444444444444,민주공화당,전북 완주,남,초선,지역구
김정두위원,김정두 위원,25,6,1,5,12,48.0,신민당,"경북 대구시,동구",남,초선,지역구
박승규의원,박승규 의원,25,9,1,2,12,48.0,민주공화당,"전남 담양,장성군",남,초선,지역구
이영근위원,이영근 위원,25,7,1,4,12,48.0,민주공화당,미상,남,3선,전국구
문교공보위원장대리이성수,문교공보위원장대리 이성수,24,11,0,1,12,50.0,민주공화당,미상,남,재선,전국구
이대우위원,이대우 위원,24,9,2,1,12,50.0,신민당,미상,남,초선,전국구
보건사회부기획관리실장오표,보건사회부기획관리실장 오표,23,11,1,0,12,52.17391304347826,미상,미상,미상,미상,미상
산림청장강봉수,산림청장 강봉수,23,10,1,1,12,52.17391304347826,미상,미상,미상,미상,미상
농림위원장대리문태준,농림위원장대리 문태준,22,11,0,1,12,54.54545454545454,민주공화당,"경북 청송,영덕",남,4선,지역구
내무위원장오치성,내무위원장 오치성,21,10,0,2,12,57.14285714285714,민주공화당,"경기 연천,포천,가평군",남,4선,지역구
정해영의원,정해영 의원,21,10,0,2,12,57.14285714285714,신민당,부산 진구을,남,7선,전국구
건설부특정지역국장백진기,건설부특정지역국장 백진기,20,11,0,1,12,60.0,미상,미상,미상,미상,미상
내무위원장조시형,내무위원장 조시형,19,12,0,0,12,63.1578947368421,민주공화당,부산 중구,남,초선,지역구
경상북도지사양탁식,경상북도지사 양탁식,18,11,0,1,12,66.66666666666666,미상,미상,미상,미상,미상
상공부마산수출자유지역관리청장정문도,상공부마산수출자유지역관리청장 정문도,18,11,0,1,12,66.66666666666666,미상,미상,미상,미상,미상
경제기획원부원장차균희,경제기획원부원장 차균희,17,11,0,1,12,70.58823529411765,미상,미상,미상,미상,미상
외무위원장박준규,외무위원장 박준규,17,5,4,3,12,70.58823529411765,민주공화당,서울 성동구을,남,9선,지역구
이정우위원,이정우 위원,17,9,1,2,12,70.58823529411765,민주공화당,"전북 임실군,순창군",남,초선,지역구
국제관광공사부총재김영원,국제관광공사부총재 김영원,16,10,1,1,12,75.0,미상,미상,미상,미상,미상
내무부장관김치열,내무부장관 김치열,16,11,1,0,12,75.0,미상,미상,미상,미상,미상
이형우위원,이형우 위원,16,9,0,3,12,75.0,신민당,경북 경산,남,초선,지역구
전문위원배태원,전문위원 배태원,16,8,1,3,12,75.0,미상,미상,미상,미상,미상
김영병위원,김영병 위원,15,12,0,0,12,80.0,민주공화당,경남 김해,남,재선,지역구
반장최고위원,반장 최고위원,15,12,0,0,12,80.0,미상,미상,미상,미상,미상
상공위원장대리조창대,상공위원장대리 조창대,15,12,0,0,12,80.0,민주공화당,"경남 진해,창원시",남,재선,전국구
철도청경리국장원성희,철도청경리국장 원성희,15,12,0,0,12,80.0,미상,미상,미상,미상,미상
계광순의원,계광순 의원,13,9,2,1,12,92.3076923076923,신민당,미상,남,3선,전국구
건설부장관김윤기,건설부장관 김윤기,12,11,1,0,12,100.0,미상,미상,미상,미상,미상
증인양광식,증인 양광식,347,1,10,0,11,3.170028818443804,미상,미상,미상,미상,미상
유청위원,유청 위원,222,10,1,0,11,4.954954954954955,민정당,전북 전주,남,4선,지역구
위원장대리류진,위원장대리 류진,168,11,0,0,11,6.547619047619048,신민당,미상,남,재선,전국구
증인신상묵,증인 신상묵,137,8,3,0,11,8.02919708029197,미상,미상,미상,미상,미상
위원장대리정상구,위원장대리 정상구,116,11,0,0,11,9.482758620689655,신민당,부산 진구갑,남,5선,지역구
반장문태준,반장 문태준,113,11,0,0,11,9.734513274336283,민주공화당,"경북 청송,영덕",남,4선,지역구
위원장대리박규상,위원장대리 박규상,101,11,0,0,11,10.891089108910892,민주공화당,미상,남,초선,전국구
부의장이상철,부의장 이상철,91,11,0,0,11,12.087912087912088,국민의당,"충남 청양,홍성군",남,3선,지역구
증인장영봉,증인 장영봉,89,9,2,0,11,12.359550561797752,미상,미상,미상,미상,미상
호남국토건설국장조남철,호남국토건설국장 조남철,62,11,0,0,11,17.741935483870968,민주공화당,미상,남,초선,전국구
교통부육운국장이범극,교통부육운국장 이범극,59,10,1,0,11,18.64406779661017,미상,미상,미상,미상,미상
황낙주위원,황낙주 위원,51,8,1,2,11,21.568627450980394,신민당,"경남 진해,창원시",남,7선,지역구
교통부항공국장강호윤,교통부항공국장 강호윤,45,10,1,0,11,24.444444444444443,미상,미상,미상,미상,미상
정진화위원,정진화 위원,37,9,1,1,11,29.72972972972973,민주공화당,경북 영천,남,초선,지역구
한국전력주식회사사장김일환,한국전력주식회사사장 김일환,37,10,0,1,11,29.72972972972973,미상,미상,미상,미상,미상
청장고재일,청장 고재일,36,11,0,0,11,30.555555555555557,미상,미상,미상,미상,미상
서울체신청장정규석,서울체신청장 정규석,35,7,1,3,11,31.428571428571427,미상,미상,미상,미상,미상
중소기업은행장서병찬,중소기업은행장 서병찬,32,11,0,0,11,34.375,미상,미상,미상,미상,미상
조연하위원,조연하 위원,31,10,1,0,11,35.483870967741936,신민당,"전남 순천시,승주군",남,3선,지역구
외무부통상국장정도순,외무부통상국장 정도순,28,11,0,0,11,39.285714285714285,미상,미상,미상,미상,미상
정구중위원,정구중 위원,28,11,0,0,11,39.285714285714285,민주공화당,충북 영동,남,초선,지역구
철도청경리국장이진구,철도청경리국장 이진구,28,11,0,0,11,39.285714285714285,미상,미상,미상,미상,미상
국립의료원장차윤근,국립의료원장 차윤근,27,9,1,1,11,40.74074074074074,미상,미상,미상,미상,미상
농림부기획관리실장원영희,농림부기획관리실장 원영희,25,11,0,0,11,44.0,미상,미상,미상,미상,미상
인천중공업주식회사부사장김규민,인천중공업주식회사부사장 김규민,24,9,0,2,11,45.83333333333333,미상,미상,미상,미상,미상
강원도교육감김동근,강원도교육감 김동근,23,11,0,0,11,47.82608695652174,미상,미상,미상,미상,미상
대한상공회의소회장송대순,대한상공회의소회장 송대순,23,10,0,1,11,47.82608695652174,미상,미상,미상,미상,미상
전문위원이종수,전문위원 이종수,23,9,0,2,11,47.82608695652174,미상,미상,미상,미상,미상
국회운영위원장김용순,국회운영위원장 김용순,22,11,0,0,11,50.0,민주공화당,"경남 사천,하동,삼천포",남,재선,지역구
영남국토건설국장장원진,영남국토건설국장 장원진,22,10,0,1,11,50.0,미상,미상,미상,미상,미상
울산특별건설국장성도경,울산특별건설국장 성도경,19,10,0,1,11,57.89473684210527,미상,미상,미상,미상,미상
이종근의원(위원,이종근 의원(위원,19,10,1,0,11,57.89473684210527,민주공화당,충북 충주시중원,남,6선,전국구
출석요구,출석요구,19,11,0,0,11,57.89473684210527,미상,미상,미상,미상,미상
문교부장관민관식,문교부장관 민관식,17,7,0,4,11,64.70588235294117,미상,미상,미상,미상,미상
보건사회위원장대리신동욱,보건사회위원장대리 신동욱,17,11,0,0,11,64.70588235294117,민주공화당,미상,남,초선,전국구
국립보건연구원장홍문화,국립보건연구원장 홍문화,16,10,1,0,11,68.75,미상,미상,미상,미상,미상
김제원위원,김제원 위원,16,8,0,3,11,68.75,민주공화당,"충남 대덕,연기군",남,재선,지역구
소선규의원,소선규 의원,16,8,0,3,11,68.75,무소속,미상,남,4선,전국구
정헌주위원,정헌주 위원,16,10,0,1,11,68.75,신민당,미상,남,5선,전국구
출석국무총리,출석 국무총리,16,9,0,2,11,68.75,미상,미상,미상,미상,미상
경제기획원경제기획국장우윤희,경제기획원경제기획국장 우윤희,15,11,0,0,11,73.33333333333333,미상,미상,미상,미상,미상
국민운동본부장이관구,국민운동본부장 이관구,15,11,0,0,11,73.33333333333333,미상,미상,미상,미상,미상
문화공보부장관윤주영,문화공보부장관 윤주영,15,7,2,2,11,73.33333333333333,유신정우회,미상,남,초선,통일주체국민회의
강재구위원,강재구 위원,14,9,0,2,11,78.57142857142857,민주공화당,"경북 대구시,북구",남,초선,지역구
법원행정처장김병화,법원행정처장 김병화,14,10,1,0,11,78.57142857142857,미상,미상,미상,미상,미상
김원태위원,김원태 위원,13,10,0,1,11,84.61538461538461,민주공화당,충북 괴산군,남,3선,지역구
박주현의원,박주현 의원,13,6,0,5,11,84.61538461538461,무소속,"경북 달성,경산,고령군",남,재선,지역구
신진욱위원,신진욱 위원,13,8,1,2,11,84.61538461538461,신민당,"경북 대구시,남구",남,재선,지역구
농수산부장관정소영,농수산부장관 정소영,12,10,0,1,11,91.66666666666666,미상,미상,미상,미상,미상
박삼준의원,박삼준 의원,12,6,0,5,11,91.66666666666666,신민당,미상,남,초선,전국구
이매리위원,이매리 위원,12,11,0,0,11,91.66666666666666,민주공화당,미상,여,초선,전국구
강문봉의원,강문봉 의원,11,3,1,7,11,100.0,민정당,미상,남,재선,전국구
건설위원장김택수,건설위원장 김택수,11,8,0,3,11,100.0,민주공화당,경남 김해,남,3선,지역구
이종근의원,이종근 의원,11,9,0,2,11,100.0,민주공화당,충북 충주시중원,남,6선,전국구
증인장영섭,증인 장영섭,260,10,0,0,10,3.8461538461538463,미상,미상,미상,미상,미상
증인신용관,증인 신용관,180,8,1,1,10,5.555555555555555,미상,미상,미상,미상,미상
서기관백형익,서기관 백형익,138,8,1,1,10,7.246376811594203,미상,미상,미상,미상,미상
위원장대리송한철,위원장대리 송한철,137,8,2,0,10,7.2992700729927,민주공화당,"경북 성주,칠곡군",남,재선,지역구
반장배길도,반장 배길도,108,10,0,0,10,9.25925925925926,민주공화당,전남 무안군,남,재선,지역구
대한해운공사사장임광섭,대한해운공사사장 임광섭,98,9,0,1,10,10.204081632653061,미상,미상,미상,미상,미상
출석위원(6인),출석 위원(6인),95,0,10,0,10,10.526315789473683,미상,미상,미상,미상,미상
반장이만섭,반장 이만섭,82,9,1,0,10,12.195121951219512,민주공화당,"경북 대구시,중구",남,8선,지역구
위원장대리한통숙,위원장대리 한통숙,75,4,5,1,10,13.333333333333334,민주당,서울 영등포구갑,남,3선,지역구
보건사회부약정국장전병수,보건사회부약정국장 전병수,63,9,1,0,10,15.873015873015872,미상,미상,미상,미상,미상
영남국토건설국장김동원,영남국토건설국장 김동원,61,9,1,0,10,16.39344262295082,미상,미상,미상,미상,미상
증인박영수,증인 박영수,58,4,6,0,10,17.24137931034483,미상,미상,미상,미상,미상
국장이병조,국장 이병조,54,9,1,0,10,18.51851851851852,미상,미상,미상,미상,미상
문화공보부차관이춘성,문화공보부차관 이춘성,51,10,0,0,10,19.607843137254903,미상,미상,미상,미상,미상
반장이활,반장 이활,51,8,2,0,10,19.607843137254903,민주공화당,경북 영천,남,초선,지역구
농촌진흥청장이태현,농촌진흥청장 이태현,45,9,1,0,10,22.22222222222222,미상,미상,미상,미상,미상
증인신직수,증인 신직수,40,9,0,1,10,25.0,미상,미상,미상,미상,미상
증인유원식,증인 유원식,40,9,1,0,10,25.0,미상,미상,미상,미상,미상
철도청차장이득룡,철도청차장 이득룡,40,10,0,0,10,25.0,미상,미상,미상,미상,미상
무임소장관원용석,무임소장관 원용석,36,6,2,2,10,27.77777777777778,미상,미상,미상,미상,미상
유원식의원,유원식 의원,36,10,0,0,10,27.77777777777778,미상,미상,미상,미상,미상
대한손해재보험공사부사장김교식,대한손해재보험공사부사장 김교식,34,9,0,1,10,29.411764705882355,미상,미상,미상,미상,미상
신영주의원(위원,신영주 의원(위원,34,8,1,1,10,29.411764705882355,민주공화당,경남 창녕,남,재선,지역구
청장김춘택,청장 김춘택,33,10,0,0,10,30.303030303030305,미상,미상,미상,미상,미상
유성권의원,유성권 의원,32,9,0,1,10,31.25,신민당,서울 성동구갑,남,3선,지역구
이종극의원,이종극 의원,30,8,1,1,10,33.33333333333333,민주공화당,미상,남,초선,전국구
마산수출자유지역건설공사사무소장최용덕,마산수출자유지역건설공사사무소장 최용덕,29,10,0,0,10,34.48275862068966,미상,미상,미상,미상,미상
경기도건설국장이병군,경기도건설국장 이병군,28,9,0,1,10,35.714285714285715,미상,미상,미상,미상,미상
양일동위원,양일동 위원,28,8,2,0,10,35.714285714285715,신민당,서울 성동구갑,남,5선,지역구
국정교과서주식회사사장정구중,국정교과서주식회사사장 정구중,27,9,0,1,10,37.03703703703704,미상,미상,미상,미상,미상
상공부중앙계량국장전준항,상공부중앙계량국장 전준항,27,10,0,0,10,37.03703703703704,미상,미상,미상,미상,미상
건설공무원교육원장이창세,건설공무원교육원장 이창세,26,10,0,0,10,38.46153846153847,미상,미상,미상,미상,미상
이사장박관수,이사장 박관수,26,6,1,3,10,38.46153846153847,미상,미상,미상,미상,미상
증인최종완,증인 최종완,25,10,0,0,10,40.0,미상,미상,미상,미상,미상
국회운영위원장대리황호현,국회운영위원장대리 황호현,24,9,1,0,10,41.66666666666667,민주공화당,"강원 횡성,평창군",남,3선,지역구
농림부차관김종대,농림부차관 김종대,24,10,0,0,10,41.66666666666667,미상,미상,미상,미상,미상
유양수의원,유양수 의원,24,9,1,0,10,41.66666666666667,미상,미상,미상,미상,미상
제1부시장이기수,제1부시장 이기수,24,7,0,3,10,41.66666666666667,미상,미상,미상,미상,미상
한국노동조합총연맹사무총장한기수,한국노동조합총연맹사무총장 한기수,24,10,0,0,10,41.66666666666667,미상,미상,미상,미상,미상
건설부관리국장김세종,건설부관리국장 김세종,22,10,0,0,10,45.45454545454545,미상,미상,미상,미상,미상
총무처차관민유동,총무처차관 민유동,22,10,0,0,10,45.45454545454545,미상,미상,미상,미상,미상
수산업협동조합중앙회장김덕엽,수산업협동조합중앙회장 김덕엽,21,8,0,2,10,47.61904761904761,미상,미상,미상,미상,미상
내무위원장대리김진봉,내무위원장대리 김진봉,20,9,1,0,10,50.0,유신정우회,미상,남,초선,통일주체국민회의
농림위원장대리최서일,농림위원장대리 최서일,20,5,0,5,10,50.0,민주공화당,전남 완도,남,초선,지역구
원자력청장안치열,원자력청장 안치열,20,10,0,0,10,50.0,미상,미상,미상,미상,미상
이정래의원,이정래 의원,20,6,0,4,10,50.0,신민당,전남 보성군,남,3선,지역구
이택돈위원,이택돈 위원,19,6,0,4,10,52.63157894736842,신민당,경기 시흥시,남,4선,지역구
한국전력주식회사영남화력발전소장박희징,한국전력주식회사영남화력발전소장 박희징,19,10,0,0,10,52.63157894736842,미상,미상,미상,미상,미상
대한염업주식회사사장박현수,대한염업주식회사사장 박현수,18,9,0,1,10,55.55555555555556,미상,미상,미상,미상,미상
원호처장장동운,원호처장 장동운,18,7,1,2,10,55.55555555555556,미상,미상,미상,미상,미상
교통체신위원장대리장승태,교통체신위원장대리 장승태,17,9,1,0,10,58.82352941176471,민주공화당,"강원 영월,정선군",남,4선,지역구
김두한위원,김두한 위원,16,7,0,3,10,62.5,한국독립당,서울 용산구,남,재선,지역구
농업협동조합전라남도지부장안효철,농업협동조합전라남도지부장 안효철,16,6,1,3,10,62.5,미상,미상,미상,미상,미상
상공부공업제2국장엄익호,상공부공업제2국장 엄익호,16,9,0,1,10,62.5,미상,미상,미상,미상,미상
이상희의원,이상희 의원,16,9,0,1,10,62.5,민주공화당,충남 서산,남,재선,지역구
국방위원장김종갑,국방위원장 김종갑,15,6,2,2,10,66.66666666666666,민주공화당,"충남 보령시,서천군",남,초선,지역구
국회운영위원장대리김우영,국회운영위원장대리 김우영,15,7,2,1,10,66.66666666666666,민주공화당,"강원 춘천,춘성",남,초선,지역구
권성기위원,권성기 위원,15,8,0,2,10,66.66666666666666,민주공화당,경북 봉화,남,재선,지역구
농업진흥공사총재이계순,농업진흥공사총재 이계순,15,10,0,0,10,66.66666666666666,미상,미상,미상,미상,미상
대통령경호실기획처장홍병철,대통령경호실기획처장 홍병철,15,10,0,0,10,66.66666666666666,미상,미상,미상,미상,미상
외무위원장변종봉,외무위원장 변종봉,15,2,2,6,10,66.66666666666666,민주공화당,"경남 산청,합천군",남,초선,지역구
이병옥의원(위원,이병옥 의원(위원,15,8,0,2,10,66.66666666666666,민주공화당,전북 부안군,남,4선,지역구
수산업협동조합중앙회회장박상길,수산업협동조합중앙회회장 박상길,14,8,2,0,10,71.42857142857143,미상,미상,미상,미상,미상
보건사회위원장정헌조,보건사회위원장 정헌조,13,8,1,1,10,76.92307692307693,민주공화당,"전남 함평,영광군",남,재선,지역구
한국기계공업주식회사사장김석범,한국기계공업주식회사사장 김석범,13,9,0,1,10,76.92307692307693,미상,미상,미상,미상,미상
김용진의원,김용진 의원,12,5,1,4,10,83.33333333333334,민주공화당,전북 전주,남,초선,지역구
예산결산특별위원장인태식,예산결산특별위원장 인태식,11,9,0,1,10,90.9090909090909,민주공화당,충남 당진,남,3선,지역구
재정경제위원장김성곤,재정경제위원장 김성곤,10,10,0,0,10,100.0,민주공화당,"경북 달성,고령군",남,4선,지역구
증인유태영,증인 유태영,109,6,2,1,9,8.256880733944955,미상,미상,미상,미상,미상
반장윤재명,반장 윤재명,86,9,0,0,9,10.465116279069768,민주공화당,"전남 영암,당진군",남,3선,지역구
증인양찬우,증인 양찬우,82,6,3,0,9,10.975609756097562,미상,미상,미상,미상,미상
청가,청가,77,0,9,0,9,11.688311688311687,미상,미상,미상,미상,미상
반장신동관,반장 신동관,59,9,0,0,9,15.254237288135593,민주공화당,경남 남해군,남,3선,지역구
증인조덕진,증인 조덕진,56,7,1,1,9,16.071428571428573,미상,미상,미상,미상,미상
농림부수산국장김재식,농림부수산국장 김재식,49,8,0,1,9,18.367346938775512,미상,미상,미상,미상,미상
한국조폐공사사장이치영,한국조폐공사사장 이치영,48,9,0,0,9,18.75,미상,미상,미상,미상,미상
재경위원유원식,재경위원 유원식,37,7,1,1,9,24.324324324324326,미상,미상,미상,미상,미상
전기통신연구소소장신용철,전기통신연구소소장 신용철,36,9,0,0,9,25.0,미상,미상,미상,미상,미상
대한항공공사장장성환,대한항공공사장 장성환,33,8,1,0,9,27.27272727272727,미상,미상,미상,미상,미상
외무부아주국장김정태,외무부아주국장 김정태,31,6,3,0,9,29.03225806451613,미상,미상,미상,미상,미상
국립의료원장윤유선,국립의료원장 윤유선,30,6,3,0,9,30.0,미상,미상,미상,미상,미상
산업은행이사김민호,산업은행이사 김민호,29,9,0,0,9,31.03448275862069,미상,미상,미상,미상,미상
국회사무총장배영호,국회사무총장 배영호,27,9,0,0,9,33.33333333333333,미상,미상,미상,미상,미상
재무부국고국장민영훈,재무부국고국장 민영훈,27,9,0,0,9,33.33333333333333,미상,미상,미상,미상,미상
충청북도지사신명순,충청북도지사 신명순,27,8,1,0,9,33.33333333333333,미상,미상,미상,미상,미상
회장신명순,회장 신명순,26,7,0,2,9,34.61538461538461,미상,미상,미상,미상,미상
국방부차관유근창,국방부차관 유근창,25,6,0,3,9,36.0,미상,미상,미상,미상,미상
농림부농지국장오병익,농림부농지국장 오병익,25,4,3,2,9,36.0,미상,미상,미상,미상,미상
부산체신청장강유원,부산체신청장 강유원,25,7,0,2,9,36.0,미상,미상,미상,미상,미상
오치성의원,오치성 의원,24,7,1,1,9,37.5,민주공화당,미상,남,4선,전국구
충청북도지사김효영,충청북도지사 김효영,24,8,1,0,9,37.5,미상,미상,미상,미상,미상
대한무역진흥공사사장김동조,대한무역진흥공사사장 김동조,23,7,2,0,9,39.130434782608695,미상,미상,미상,미상,미상
류광현의원,류광현 의원,23,9,0,0,9,39.130434782608695,미상,미상,미상,미상,미상
출석위원(36인),출석 위원(36인),23,9,0,0,9,39.130434782608695,미상,미상,미상,미상,미상
대한항공공사사장장성환,대한항공공사사장 장성환,22,9,0,0,9,40.909090909090914,미상,미상,미상,미상,미상
이남준의원,이남준 의원,22,7,0,2,9,40.909090909090914,민주공화당,전남 진도군,남,재선,지역구
영남국토건설국장김동한,영남국토건설국장 김동한,21,6,0,3,9,42.857142857142854,미상,미상,미상,미상,미상
노재필의원,노재필 의원,20,9,0,0,9,45.0,민주공화당,"경남 양산,동래군",남,재선,지역구
마산수출자유지역건설사무소장최용덕,마산수출자유지역건설사무소장 최용덕,20,8,0,1,9,45.0,미상,미상,미상,미상,미상
신형식의원,신형식 의원,20,5,0,4,9,45.0,민주공화당,전남 고흥,남,4선,지역구
대구시장김수학,대구시장 김수학,19,6,0,3,9,47.368421052631575,미상,미상,미상,미상,미상
송한철의원(위원,송한철 의원(위원,19,9,0,0,9,47.368421052631575,민주공화당,"경북 성주,칠곡군",남,재선,지역구
재무위원장대리김인,재무위원장대리 김인,19,9,0,0,9,47.368421052631575,민주공화당,경북 상주,남,초선,지역구
농림위원장이종근,농림위원장 이종근,18,8,1,0,9,50.0,민주공화당,충북 충주시중원,남,6선,지역구
이동진의원,이동진 의원,18,7,0,2,9,50.0,민주공화당,충북 영동군,남,3선,지역구
부산철도국장김광현,부산철도국장 김광현,17,6,0,3,9,52.94117647058824,미상,미상,미상,미상,미상
경제기획원운영차관보이선희,경제기획원운영차관보 이선희,16,3,0,6,9,56.25,미상,미상,미상,미상,미상
전매청관리국장권태방,전매청관리국장 권태방,16,9,0,0,9,56.25,미상,미상,미상,미상,미상
농림부양정국장장덕희,농림부양정국장 장덕희,15,9,0,0,9,60.0,미상,미상,미상,미상,미상
대구연초제조창장최윤국,대구연초제조창장 최윤국,14,9,0,0,9,64.28571428571429,미상,미상,미상,미상,미상
산림청차장조한욱,산림청차장 조한욱,14,7,1,1,9,64.28571428571429,미상,미상,미상,미상,미상
유옥우의원,유옥우 의원,14,7,0,2,9,64.28571428571429,신민당,서울 동대문구을,남,5선,지역구
최영희위원,최영희 위원,14,4,2,3,9,64.28571428571429,민주공화당,경기 평택,남,4선,전국구
교통체신위원장대리이병주,교통체신위원장대리 이병주,13,8,0,1,9,69.23076923076923,민주공화당,"충남 공주,논산군",남,3선,전국구
농림부기획관리실장한봉수,농림부기획관리실장 한봉수,13,9,0,0,9,69.23076923076923,미상,미상,미상,미상,미상
법제사법위원장대리김우영,법제사법위원장대리 김우영,13,9,0,0,9,69.23076923076923,민주공화당,"강원 춘천,춘성",남,초선,지역구
김임식의원,김임식 의원,12,7,0,2,9,75.0,민주공화당,부산 진구갑,남,4선,지역구
전매청기획관리관최운지,전매청기획관리관 최운지,12,9,0,0,9,75.0,미상,미상,미상,미상,미상
홍창섭의원,홍창섭 의원,12,5,0,4,9,75.0,신민당,"강원 춘천,춘성",남,4선,지역구
김현기의원,김현기 의원,11,9,0,0,9,81.81818181818183,신민당,"전북 이리시,익산군",남,4선,전국구
박일위원,박일 위원,10,7,0,2,9,90.0,신민당,경남 밀양,남,5선,지역구
경제과학위원장김유탁,경제과학위원장 김유탁,9,8,0,1,9,100.0,민주공화당,"경기 고양시,김포,강화군",남,4선,지역구
예산결산특별위원장구태회,예산결산특별위원장 구태회,9,8,0,1,9,100.0,민주공화당,"경남 진주,진양",남,6선,지역구
예산결산특별위원장김주인,예산결산특별위원장 김주인,9,8,0,1,9,100.0,민주공화당,경남 거제,남,4선,지역구
증인홍순기,증인 홍순기,550,5,3,0,8,1.4545454545454546,미상,미상,미상,미상,미상
증인하삼식,증인 하삼식,266,5,2,1,8,3.007518796992481,미상,미상,미상,미상,미상
위원장정구영,위원장 정구영,230,2,4,2,8,3.4782608695652173,민주공화당,미상,남,재선,전국구
위원장대리문태준,위원장대리 문태준,176,8,0,0,8,4.545454545454546,민주공화당,"경북 청송,영덕",남,4선,지역구
서기관김철,서기관 김철,156,5,1,2,8,5.128205128205128,미상,미상,미상,미상,미상
증인이흡,증인 이흡,106,6,2,0,8,7.547169811320755,미상,미상,미상,미상,미상
서울대학교총장유기천,서울대학교총장 유기천,105,8,0,0,8,7.6190476190476195,미상,미상,미상,미상,미상
질문서와답변서,질문서와 답변서,90,6,2,0,8,8.88888888888889,미상,미상,미상,미상,미상
위원장대리정간용,위원장대리 정간용,86,8,0,0,8,9.30232558139535,민주공화당,전남 완도군,남,재선,지역구
부의장정해영,부의장 정해영,76,8,0,0,8,10.526315789473683,신민당,부산 진구을,남,7선,지역구
고려대학교총장유진오,고려대학교총장 유진오,66,1,7,0,8,12.121212121212121,미상,미상,미상,미상,미상
교섭단체,교섭단체,66,1,7,0,8,12.121212121212121,미상,미상,미상,미상,미상
참고인한승헌,참고인 한승헌,56,7,0,1,8,14.285714285714285,미상,미상,미상,미상,미상
위원국장길기상,위원국장 길기상,54,6,1,1,8,14.814814814814813,미상,미상,미상,미상,미상
증인김호길,증인 김호길,54,6,0,2,8,14.814814814814813,미상,미상,미상,미상,미상
보건사회부부녀아동국장김정호,보건사회부부녀아동국장 김정호,45,7,0,1,8,17.77777777777778,미상,미상,미상,미상,미상
육군참모총장민기식,육군참모총장 민기식,44,6,0,2,8,18.181818181818183,미상,미상,미상,미상,미상
반장길재호,반장 길재호,42,6,0,2,8,19.047619047619047,민주공화당,충남 금산군,남,3선,지역구
한국주택은행장김진흥,한국주택은행장 김진흥,39,6,0,2,8,20.51282051282051,미상,미상,미상,미상,미상
김종필위원,김종필 위원,35,8,0,0,8,22.857142857142858,민주공화당,충남 부여군,남,9선,지역구
감사반장육인수,감사반장 육인수,29,7,1,0,8,27.586206896551722,민주공화당,"충북 보은,옥천군",남,5선,지역구
내무부차관김상복,내무부차관 김상복,29,5,2,1,8,27.586206896551722,미상,미상,미상,미상,미상
서울세관장권혁종,서울세관장 권혁종,28,5,3,0,8,28.57142857142857,미상,미상,미상,미상,미상
강생회전무이사박충서,강생회전무이사 박충서,26,8,0,0,8,30.76923076923077,미상,미상,미상,미상,미상
농협중앙회전북지부장김순철,농협중앙회전북지부장 김순철,26,6,1,1,8,30.76923076923077,미상,미상,미상,미상,미상
외무부정보문화국장이윤희,외무부정보문화국장 이윤희,26,8,0,0,8,30.76923076923077,미상,미상,미상,미상,미상
태백국토건설국장구붕서,태백국토건설국장 구붕서,26,8,0,0,8,30.76923076923077,미상,미상,미상,미상,미상
김대중의원(계속),김대중 의원(계속),25,4,0,4,8,32.0,민주당,전남 목포,남,6선,지역구
수자원개발공사소양강댐건설사무소장김경수,수자원개발공사소양강댐건설사무소장 김경수,25,8,0,0,8,32.0,미상,미상,미상,미상,미상
정세웅위원,정세웅 위원,25,7,0,1,8,32.0,미상,미상,미상,미상,미상
반장홍익표,반장 홍익표,24,8,0,0,8,33.33333333333333,민주당,"경기 연천,포천,가평군",남,6선,지역구
사장조성근,사장 조성근,24,4,2,2,8,33.33333333333333,미상,미상,미상,미상,미상
재무부세관국장최각규,재무부세관국장 최각규,24,4,4,0,8,33.33333333333333,미상,미상,미상,미상,미상
전라남도건설국장이관우,전라남도건설국장 이관우,24,8,0,0,8,33.33333333333333,미상,미상,미상,미상,미상
세관장김역수,세관장 김역수,23,5,3,0,8,34.78260869565217,미상,미상,미상,미상,미상
엄기표위원,엄기표 위원,22,7,0,1,8,36.36363636363637,민주공화당,경남 하동,남,초선,지역구
조창대의원,조창대 의원,22,3,2,3,8,36.36363636363637,민주공화당,"경남 진해,창원시",남,재선,전국구
경제기획원경제협력국장황병태,경제기획원경제협력국장 황병태,21,7,0,1,8,38.095238095238095,미상,미상,미상,미상,미상
노승환위원,노승환 위원,21,7,0,1,8,38.095238095238095,신민당,서울 마포구,남,5선,지역구
손창규의원,손창규 의원,21,6,0,2,8,38.095238095238095,자유민주당,미상,남,초선,전국구
청장최병권,청장 최병권,21,8,0,0,8,38.095238095238095,미상,미상,미상,미상,미상
총재김일환,총재 김일환,21,5,0,3,8,38.095238095238095,미상,미상,미상,미상,미상
토지개량조합연합회장고길훈,토지개량조합연합회장 고길훈,21,7,0,1,8,38.095238095238095,미상,미상,미상,미상,미상
충청남도교육감황운성,충청남도교육감 황운성,20,7,0,1,8,40.0,미상,미상,미상,미상,미상
한국광업제련공사사장박두선,한국광업제련공사사장 박두선,20,8,0,0,8,40.0,미상,미상,미상,미상,미상
강원도부지사박종성,강원도부지사 박종성,19,5,1,2,8,42.10526315789473,미상,미상,미상,미상,미상
대한철광주식회사사장임원석,대한철광주식회사사장 임원석,19,8,0,0,8,42.10526315789473,미상,미상,미상,미상,미상
장덕진위원(전국),장덕진 위원(전국),19,7,1,0,8,42.10526315789473,민주공화당,서울 영등포구갑,남,초선,지역구
재건국민운동본부장이관구,재건국민운동본부장 이관구,19,6,0,2,8,42.10526315789473,미상,미상,미상,미상,미상
철도청시설국장직무대리최순철,철도청시설국장직무대리 최순철,19,8,0,0,8,42.10526315789473,미상,미상,미상,미상,미상
박숙현위원,박숙현 위원,18,8,0,0,8,44.44444444444444,민주공화당,경북 청도군,남,3선,지역구
경제과학심의회의사무국장우윤희,경제과학심의회의사무국장 우윤희,16,8,0,0,8,50.0,미상,미상,미상,미상,미상
내각수반김현철,내각수반 김현철,16,7,0,1,8,50.0,미상,미상,미상,미상,미상
내무위원장이상무,내무위원장 이상무,16,7,1,0,8,50.0,민주공화당,"경북 경주,월성군",남,재선,지역구
사장신관섭,사장 신관섭,16,8,0,0,8,50.0,미상,미상,미상,미상,미상
연사손제석,연사 손제석,16,1,5,2,8,50.0,미상,미상,미상,미상,미상
최영두의원,최영두 의원,16,7,0,1,8,50.0,민주공화당,전북 완주,남,초선,지역구
감사원사무총장장영순,감사원사무총장 장영순,15,8,0,0,8,53.333333333333336,미상,미상,미상,미상,미상
국립직업재활원장최기빈,국립직업재활원장 최기빈,15,8,0,0,8,53.333333333333336,미상,미상,미상,미상,미상
김한수위원,김한수 위원,15,3,0,5,8,53.333333333333336,신민당,충남 논산,남,재선,지역구
연사박동운,연사 박동운,15,3,1,4,8,53.333333333333336,미상,미상,미상,미상,미상
화순광업소장유환규,화순광업소장 유환규,15,8,0,0,8,53.333333333333336,미상,미상,미상,미상,미상
김중한의원,김중한 의원,14,7,0,1,8,57.14285714285714,민주공화당,"경북 청송,영덕",남,초선,지역구
법제사법위원장대리김봉환,법제사법위원장대리 김봉환,14,7,0,1,8,57.14285714285714,민주공화당,"경북 군위,선산",남,4선,지역구
포항공업지구공사사무소장이문섭,포항공업지구공사사무소장 이문섭,14,7,0,1,8,57.14285714285714,미상,미상,미상,미상,미상
농림위원장대리전휴상,농림위원장대리 전휴상,13,8,0,0,8,61.53846153846154,민주공화당,"전북 진안,무주,장수",남,4선,지역구
경제기획원기술관리국장전상근,경제기획원기술관리국장 전상근,12,7,0,1,8,66.66666666666666,미상,미상,미상,미상,미상
구태회의원,구태회 의원,12,7,0,1,8,66.66666666666666,민주공화당,"경남 진주,진양",남,6선,지역구
국방위원장대리김익준,국방위원장대리 김익준,12,6,1,1,8,66.66666666666666,민주공화당,미상,남,재선,전국구
김준섭위원,김준섭 위원,12,5,0,3,8,66.66666666666666,신민당,미상,남,3선,전국구
서울대학교상과대학교수홍성유,서울대학교상과대학교수 홍성유,12,7,0,1,8,66.66666666666666,미상,미상,미상,미상,미상
소위원장정래정,소위원장 정래정,12,7,0,1,8,66.66666666666666,민주공화당,전남 광주을,남,재선,지역구
장덕진위원(서울),장덕진 위원(서울),12,5,0,3,8,66.66666666666666,민주공화당,서울 영등포구갑,남,초선,지역구
내무위원장대리신윤창,내무위원장대리 신윤창,11,8,0,0,8,72.72727272727273,민주공화당,미상,남,재선,전국구
부산직할시부시장허련,부산직할시부시장 허련,11,8,0,0,8,72.72727272727273,미상,미상,미상,미상,미상
외무부차관노신영,외무부차관 노신영,11,3,2,3,8,72.72727272727273,미상,미상,미상,미상,미상
외무위원장차지철,외무위원장 차지철,11,5,1,2,8,72.72727272727273,민주공화당,"경기 광주,이천",남,4선,지역구
재정경제위원장대리이상무,재정경제위원장대리 이상무,11,6,0,2,8,72.72727272727273,민주공화당,"경북 경주,월성군",남,재선,지역구
건설위원장대리방성출,건설위원장대리 방성출,10,7,0,1,8,80.0,민주공화당,"경남 의령,함안군",남,초선,지역구
내무부장관오치성,내무부장관 오치성,10,3,1,4,8,80.0,민주공화당,"경기 연천,포천,가평군",남,4선,지역구
이재만의원(위원,이재만 의원(위원,10,8,0,0,8,80.0,민주공화당,경남 밀양,남,초선,지역구
이재형의원,이재형 의원,10,7,0,1,8,80.0,신민당,미상,남,7선,전국구
조윤형의원,조윤형 의원,10,4,2,2,8,80.0,민정당,서울 성북구갑,남,6선,지역구
한국전력주식회사이사김종주,한국전력주식회사이사 김종주,10,8,0,0,8,80.0,미상,미상,미상,미상,미상
건설부장관신형식,건설부장관 신형식,9,6,0,2,8,88.88888888888889,민주공화당,"전남 고흥,보성",남,4선,지역구
박해충의원,박해충 의원,9,3,2,3,8,88.88888888888889,신민당,경북 안동,남,5선,지역구
상공위원장정태성,상공위원장 정태성,9,6,0,2,8,88.88888888888889,민주공화당,충북 청주,남,재선,지역구
출석피감사원,출석 피감사원,9,8,0,0,8,88.88888888888889,미상,미상,미상,미상,미상
대통령박정희,대통령 박정희,8,2,0,6,8,100.0,미상,미상,미상,미상,미상
소위원장대리이병옥,소위원장대리 이병옥,8,7,0,1,8,100.0,민주공화당,전북 부안군,남,4선,지역구
외무위원장대리민병기,외무위원장대리 민병기,8,3,2,3,8,100.0,민주공화당,서울 성동구,남,초선,지역구
증인이병서,증인 이병서,289,7,0,0,7,2.422145328719723,미상,미상,미상,미상,미상
위원장대리신옥철,위원장대리 신옥철,211,5,1,1,7,3.3175355450236967,민주공화당,"강원 춘천,춘성",남,초선,지역구
보건사회부의정국장박양원,보건사회부의정국장 박양원,148,5,2,0,7,4.72972972972973,미상,미상,미상,미상,미상
증인이창희,증인 이창희,139,7,0,0,7,5.0359712230215825,미상,미상,미상,미상,미상
위원장대리김중한,위원장대리 김중한,120,7,0,0,7,5.833333333333333,민주공화당,"경북 청송,영덕",남,초선,지역구
위원장대리윤재명,위원장대리 윤재명,112,7,0,0,7,6.25,민주공화당,"전남 영암,당진군",남,3선,지역구
위원장대리김선주,위원장대리 김선주,91,7,0,0,7,7.6923076923076925,민주공화당,"전남 광양,구례군",남,초선,지역구
위원장대리이성수,위원장대리 이성수,85,6,1,0,7,8.235294117647058,민주공화당,미상,남,재선,전국구
위원장대리장승태,위원장대리 장승태,80,4,3,0,7,8.75,민주공화당,"강원 영월,정선군",남,4선,지역구
한일회담대표이상덕,한일회담대표 이상덕,68,7,0,0,7,10.294117647058822,미상,미상,미상,미상,미상
부의장고문이태준,부의장고문 이태준,63,5,2,0,7,11.11111111111111,미상,미상,미상,미상,미상
출석감사위원(5인),출석 감사위원(5인),57,0,7,0,7,12.280701754385964,미상,미상,미상,미상,미상
출석감사위원(11인),출석 감사위원(11인),55,0,7,0,7,12.727272727272727,미상,미상,미상,미상,미상
사장정인환,사장 정인환,52,7,0,0,7,13.461538461538462,미상,미상,미상,미상,미상
국방부병무국장이창우,국방부병무국장 이창우,51,4,1,2,7,13.725490196078432,미상,미상,미상,미상,미상
증인이계순,증인 이계순,51,5,2,0,7,13.725490196078432,미상,미상,미상,미상,미상
반장정판국,반장 정판국,46,6,1,0,7,15.217391304347828,민주공화당,전남 신안군,남,초선,지역구
국립보건원장김수명,국립보건원장 김수명,42,6,0,1,7,16.666666666666664,미상,미상,미상,미상,미상
원호처장윤영모,원호처장 윤영모,41,6,0,1,7,17.073170731707318,미상,미상,미상,미상,미상
서울철도국장이병조,서울철도국장 이병조,37,7,0,0,7,18.91891891891892,미상,미상,미상,미상,미상
충주비료주식회사사장민기식,충주비료주식회사사장 민기식,33,7,0,0,7,21.21212121212121,미상,미상,미상,미상,미상
국회도서관총무과장이순일,국회도서관총무과장 이순일,32,7,0,0,7,21.875,미상,미상,미상,미상,미상
위원장대리박삼준,위원장대리 박삼준,30,7,0,0,7,23.333333333333332,신민당,미상,남,초선,전국구
위원장대리양찬우,위원장대리 양찬우,30,7,0,0,7,23.333333333333332,민주공화당,미상,남,4선,전국구
서울특별시내무국장김세준,서울특별시내무국장 김세준,28,6,1,0,7,25.0,미상,미상,미상,미상,미상
대구연초제조창장박봉진,대구연초제조창장 박봉진,25,7,0,0,7,28.000000000000004,미상,미상,미상,미상,미상
참고인성상영,참고인 성상영,24,7,0,0,7,29.166666666666668,미상,미상,미상,미상,미상
충청남도건설국장이재선,충청남도건설국장 이재선,24,6,1,0,7,29.166666666666668,미상,미상,미상,미상,미상
경기도교육감홍낙선,경기도교육감 홍낙선,23,5,0,2,7,30.434782608695656,미상,미상,미상,미상,미상
국세청간세국장장태명,국세청간세국장 장태명,23,5,2,0,7,30.434782608695656,미상,미상,미상,미상,미상
조달청관리국장한상구,조달청관리국장 한상구,23,7,0,0,7,30.434782608695656,미상,미상,미상,미상,미상
중앙선거관리위원장주재황,중앙선거관리위원장 주재황,23,7,0,0,7,30.434782608695656,미상,미상,미상,미상,미상
충청남도관광운수과장유영재,충청남도관광운수과장 유영재,23,6,0,1,7,30.434782608695656,미상,미상,미상,미상,미상
고우진위원,고우진 위원,22,6,0,1,7,31.818181818181817,민주공화당,경북 문경,남,초선,지역구
김주인의원(위원,김주인 의원(위원,22,6,0,1,7,31.818181818181817,민주공화당,경남 거제,남,4선,지역구
총재이병준,총재 이병준,22,7,0,0,7,31.818181818181817,미상,미상,미상,미상,미상
교통체신위원장정진동,교통체신위원장 정진동,21,6,0,1,7,33.33333333333333,민주공화당,경북 예천,남,재선,지역구
윤제술의원,윤제술 의원,21,3,1,3,7,33.33333333333333,민정당,서울 서대문구을,남,6선,지역구
전문위원김병훈,전문위원 김병훈,21,3,0,4,7,33.33333333333333,미상,미상,미상,미상,미상
증인서정우,증인 서정우,21,7,0,0,7,33.33333333333333,미상,미상,미상,미상,미상
총무국장길기상,총무국장 길기상,21,7,0,0,7,33.33333333333333,미상,미상,미상,미상,미상
내무부차관이양호,내무부차관 이양호,20,7,0,0,7,35.0,미상,미상,미상,미상,미상
대전철도국장임수복,대전철도국장 임수복,20,7,0,0,7,35.0,미상,미상,미상,미상,미상
서울특별시보건사회국장배성환,서울특별시보건사회국장 배성환,20,6,0,1,7,35.0,미상,미상,미상,미상,미상
참고인최관식,참고인 최관식,20,7,0,0,7,35.0,미상,미상,미상,미상,미상
경제기획원조사통계국장함만준,경제기획원조사통계국장 함만준,19,5,0,2,7,36.84210526315789,미상,미상,미상,미상,미상
법제사법위원장백남억,법제사법위원장 백남억,19,6,1,0,7,36.84210526315789,민주공화당,경북 김천시금릉,남,5선,지역구
서울특별시경찰국장구자춘,서울특별시경찰국장 구자춘,19,5,1,1,7,36.84210526315789,미상,미상,미상,미상,미상
수원전매지청장이영선,수원전매지청장 이영선,19,7,0,0,7,36.84210526315789,미상,미상,미상,미상,미상
외무부기획관리실장장재용,외무부기획관리실장 장재용,19,6,0,1,7,36.84210526315789,미상,미상,미상,미상,미상
울산특별건설국장장달진,울산특별건설국장 장달진,19,7,0,0,7,36.84210526315789,미상,미상,미상,미상,미상
김선주의원,김선주 의원,18,7,0,0,7,38.88888888888889,민주공화당,"전남 광양,구례군",남,초선,지역구
법무부장관황산덕,법무부장관 황산덕,18,5,0,2,7,38.88888888888889,미상,미상,미상,미상,미상
산업은행총재홍승희,산업은행총재 홍승희,18,7,0,0,7,38.88888888888889,미상,미상,미상,미상,미상
서울특별시산업국장이종선,서울특별시산업국장 이종선,18,7,0,0,7,38.88888888888889,미상,미상,미상,미상,미상
외무부아주국장연하구,외무부아주국장 연하구,18,2,5,0,7,38.88888888888889,미상,미상,미상,미상,미상
재정경제위원장대리최수룡,재정경제위원장대리 최수룡,18,3,0,4,7,38.88888888888889,신민당,"경남 진해,창원시",남,초선,지역구
중부국토건설국장김동한,중부국토건설국장 김동한,18,7,0,0,7,38.88888888888889,미상,미상,미상,미상,미상
황인원의원,황인원 의원,18,4,1,2,7,38.88888888888889,신민당,"경기 파주,고양군",남,재선,지역구
원자력청장윤동석,원자력청장 윤동석,17,7,0,0,7,41.17647058823529,미상,미상,미상,미상,미상
전라북도건설국장김귀언,전라북도건설국장 김귀언,17,7,0,0,7,41.17647058823529,미상,미상,미상,미상,미상
전주연초제조창장류홍탁,전주연초제조창장 류홍탁,17,6,0,1,7,41.17647058823529,미상,미상,미상,미상,미상
부산체신청장이우연,부산체신청장 이우연,16,6,0,1,7,43.75,미상,미상,미상,미상,미상
중부국토건설국장장달진,중부국토건설국장 장달진,16,7,0,0,7,43.75,미상,미상,미상,미상,미상
철도청기획관리관이진구,철도청기획관리관 이진구,16,7,0,0,7,43.75,미상,미상,미상,미상,미상
충청남도경찰국장차의영,충청남도경찰국장 차의영,16,4,1,2,7,43.75,미상,미상,미상,미상,미상
농림위원장대리배길도,농림위원장대리 배길도,15,6,1,0,7,46.666666666666664,민주공화당,전남 무안,남,재선,지역구
소위원장김정근,소위원장 김정근,15,7,0,0,7,46.666666666666664,민주공화당,경북 상주,남,재선,지역구
전매청차장백경복,전매청차장 백경복,15,7,0,0,7,46.666666666666664,미상,미상,미상,미상,미상
조홍래위원,조홍래 위원,15,4,0,3,7,46.666666666666664,신민당,"경남 의령,함안군",남,3선,지역구
체신부차관김형수,체신부차관 김형수,15,6,0,1,7,46.666666666666664,미상,미상,미상,미상,미상
한국광업제련공사사장오점석,한국광업제련공사사장 오점석,15,7,0,0,7,46.666666666666664,미상,미상,미상,미상,미상
강원도건설국장원병의,강원도건설국장 원병의,14,4,0,3,7,50.0,미상,미상,미상,미상,미상
농림부농정차관보김영진,농림부농정차관보 김영진,14,7,0,0,7,50.0,미상,미상,미상,미상,미상
농업협동조합중앙회충청남도지부장조동온,농업협동조합중앙회충청남도지부장 조동온,14,5,2,0,7,50.0,미상,미상,미상,미상,미상
부산철도국장김재영,부산철도국장 김재영,14,7,0,0,7,50.0,미상,미상,미상,미상,미상
울산정유공장이사전민제,울산정유공장이사 전민제,14,5,2,0,7,50.0,미상,미상,미상,미상,미상
위원장대리이중재,위원장대리 이중재,14,6,0,1,7,50.0,신민당,전남 보성군,남,6선,지역구
장치훈의원(위원,장치훈 의원(위원,14,3,1,3,7,50.0,신민당,미상,남,초선,전국구
조달청장안광석,조달청장 안광석,14,7,0,0,7,50.0,미상,미상,미상,미상,미상
조재봉위원,조재봉 위원,14,7,0,0,7,50.0,무소속,경북 예천,남,초선,지역구
한국산업은행이사김민호,한국산업은행이사 김민호,14,7,0,0,7,50.0,미상,미상,미상,미상,미상
경주개발사무소장김학소,경주개발사무소장 김학소,13,6,0,1,7,53.84615384615385,미상,미상,미상,미상,미상
농림부장관장형순,농림부장관 장형순,13,6,1,0,7,53.84615384615385,미상,미상,미상,미상,미상
은행장홍승희,은행장 홍승희,13,5,2,0,7,53.84615384615385,미상,미상,미상,미상,미상
정운근의원,정운근 의원,13,2,0,5,7,53.84615384615385,신민당,미상,남,초선,전국구
제1소위원장대리민영남,제1소위원장대리 민영남,13,2,2,3,7,53.84615384615385,무소속,전남 해남군,남,재선,지역구
최수룡의원,최수룡 의원,13,6,0,1,7,53.84615384615385,신민당,"경남 진해,창원시",남,초선,지역구
경기도부지사강신익,경기도부지사 강신익,12,4,1,2,7,58.333333333333336,미상,미상,미상,미상,미상
도서관장강상운,도서관장 강상운,12,7,0,0,7,58.333333333333336,미상,미상,미상,미상,미상
차지철의원(위원,차지철 의원(위원,12,1,4,2,7,58.333333333333336,민주공화당,미상,남,4선,전국구
국방부장관노재현,국방부장관 노재현,11,3,0,4,7,63.63636363636363,미상,미상,미상,미상,미상
농림부농정국장이득용,농림부농정국장 이득용,11,6,0,1,7,63.63636363636363,미상,미상,미상,미상,미상
진기배의원,진기배 의원,11,6,0,1,7,63.63636363636363,신민당,"경북 영양,울진군",남,초선,지역구
김봉환의원(위원,김봉환 의원(위원,10,5,1,1,7,70.0,민주공화당,"경북 군위,선산",남,4선,지역구
농림위원장대리최석림,농림위원장대리 최석림,10,7,0,0,7,70.0,민주공화당,"경남 충무,통영,고성군",남,4선,지역구
대한석유공사이사전민제,대한석유공사이사 전민제,10,5,0,2,7,70.0,미상,미상,미상,미상,미상
이백일의원,이백일 의원,10,6,0,1,7,70.0,민주공화당,"경기 여주,양평군",남,재선,지역구
재무위원장신형식,재무위원장 신형식,10,4,1,2,7,70.0,민주공화당,"전남 고흥,보성",남,4선,지역구
한국화물자동차주식회사사장문성태,한국화물자동차주식회사사장 문성태,10,7,0,0,7,70.0,미상,미상,미상,미상,미상
강필선의원,강필선 의원,9,5,0,2,7,77.77777777777779,신민당,미상,남,초선,전국구
과학기술처기획관리실장김영한,과학기술처기획관리실장 김영한,9,7,0,0,7,77.77777777777779,미상,미상,미상,미상,미상
김녹영의원,김녹영 의원,9,2,1,4,7,77.77777777777779,신민당,전남 광주을,남,4선,지역구
김옥선의원,김옥선 의원,9,3,0,4,7,77.77777777777779,신민당,"충남 보령시,서천군",여,3선,지역구
김우영의원,김우영 의원,9,3,2,2,7,77.77777777777779,민주공화당,"강원 춘천,춘성",남,초선,지역구
노동청차장김원규,노동청차장 김원규,9,7,0,0,7,77.77777777777779,미상,미상,미상,미상,미상
류승원의원,류승원 의원,9,6,0,1,7,77.77777777777779,미상,미상,미상,미상,미상
상공부장관최각규,상공부장관 최각규,9,6,0,1,7,77.77777777777779,미상,미상,미상,미상,미상
이병희의원,이병희 의원,9,4,0,3,7,77.77777777777779,민주공화당,경기 수원,남,7선,지역구
이사홍완모,이사 홍완모,9,7,0,0,7,77.77777777777779,미상,미상,미상,미상,미상
전문위원정영환,전문위원 정영환,9,4,0,3,7,77.77777777777779,미상,미상,미상,미상,미상
한병채의원,한병채 의원,9,3,1,3,7,77.77777777777779,무소속,"경북 대구시,중,서,북구",남,4선,지역구
국회운영위원장대리오준석,국회운영위원장대리 오준석,8,6,1,0,7,87.5,민주공화당,"경북 청송,영덕,울진군",남,4선,지역구
김호칠의원(위원,김호칠 의원(위원,8,5,1,1,7,87.5,민주공화당,미상,남,초선,전국구
농어촌개발공사부사장문방흠,농어촌개발공사부사장 문방흠,8,6,0,1,7,87.5,미상,미상,미상,미상,미상
박용만의원,박용만 의원,8,3,0,4,7,87.5,신민당,"경북 영양,영주,봉화군",남,4선,지역구
보건사회부장관이경호,보건사회부장관 이경호,8,7,0,0,7,87.5,미상,미상,미상,미상,미상
상공부장관이락선,상공부장관 이락선,8,4,0,3,7,87.5,미상,미상,미상,미상,미상
정래정의원,정래정 의원,8,4,0,3,7,87.5,민주공화당,전남 광주을,남,재선,지역구
천명기의원,천명기 의원,8,3,1,3,7,87.5,신민당,"경기 연천,포천,가평,양평군",남,3선,지역구
건설부장관김재규,건설부장관 김재규,7,7,0,0,7,100.0,유신정우회,미상,남,초선,통일주체국민회의
동력자원부장관장예준,동력자원부장관 장예준,7,5,0,2,7,100.0,미상,미상,미상,미상,미상
상공위원장대리안종열,상공위원장대리 안종열,7,7,0,0,7,100.0,유신정우회,미상,남,초선,통일주체국민회의
안동준의원,안동준 의원,7,6,0,1,7,100.0,민주공화당,충북 괴산군,남,4선,지역구
이기택의원,이기택 의원,7,2,0,5,7,100.0,신민당,부산 동래구을,남,7선,전국구
증인서영호,증인 서영호,1057,3,3,0,6,0.5676442762535477,미상,미상,미상,미상,미상
청원제출,청원 제출,293,6,0,0,6,2.04778156996587,미상,미상,미상,미상,미상
증인주영달,증인 주영달,195,5,1,0,6,3.076923076923077,미상,미상,미상,미상,미상
위원장서인석,위원장 서인석,151,6,0,0,6,3.9735099337748347,민주공화당,미상,남,재선,전국구
증인석만수,증인 석만수,151,6,0,0,6,3.9735099337748347,미상,미상,미상,미상,미상
반장고재필,반장 고재필,146,6,0,0,6,4.10958904109589,민주공화당,"전남 담양,장성군",남,4선,지역구
증인강갑철,증인 강갑철,126,5,1,0,6,4.761904761904762,미상,미상,미상,미상,미상
위원장민관식,위원장 민관식,123,2,4,0,6,4.878048780487805,민주공화당,서울 동대문구갑,남,5선,지역구
증인김정규,증인 김정규,111,4,1,1,6,5.405405405405405,미상,미상,미상,미상,미상
부의장구태회,부의장 구태회,107,6,0,0,6,5.607476635514018,유신정우회,미상,남,6선,통일주체국민회의
증인박한상,증인 박한상,97,3,3,0,6,6.185567010309279,민정당,서울 영등포구을,남,6선,지역구
증인손태봉,증인 손태봉,83,6,0,0,6,7.228915662650602,미상,미상,미상,미상,미상
박원빈위원,박원빈 위원,80,6,0,0,6,7.5,미상,미상,미상,미상,미상
증인홍순강,증인 홍순강,76,6,0,0,6,7.894736842105263,미상,미상,미상,미상,미상
박현숙위원,박현숙 위원,65,5,0,1,6,9.230769230769232,민주공화당,미상,여,재선,전국구
증인김명규,증인 김명규,57,4,2,0,6,10.526315789473683,미상,미상,미상,미상,미상
증인양인현,증인 양인현,57,4,2,0,6,10.526315789473683,미상,미상,미상,미상,미상
위원장대리방일홍,위원장대리 방일홍,53,5,1,0,6,11.320754716981133,신민당,미상,남,초선,전국구
반장대리안동준,반장대리 안동준,52,5,1,0,6,11.538461538461538,민주공화당,충북 괴산,남,4선,지역구
김형욱위원,김형욱 위원,50,6,0,0,6,12.0,민주공화당,미상,남,초선,전국구
농업협동조합중앙회부회장김기봉,농업협동조합중앙회부회장 김기봉,49,4,1,1,6,12.244897959183673,미상,미상,미상,미상,미상
반장이돈해,반장 이돈해,43,6,0,0,6,13.953488372093023,민주공화당,"경기 김포,강화",남,초선,지역구
위원장대리박종태,위원장대리 박종태,40,6,0,0,6,15.0,민주공화당,전남 광산,남,3선,지역구
은행감독원장문상철,은행감독원장 문상철,38,6,0,0,6,15.789473684210526,미상,미상,미상,미상,미상
증인윤태일,증인 윤태일,38,6,0,0,6,15.789473684210526,미상,미상,미상,미상,미상
증인권오병,증인 권오병,37,3,1,2,6,16.216216216216218,미상,미상,미상,미상,미상
증인이광선,증인 이광선,36,1,4,1,6,16.666666666666664,미상,미상,미상,미상,미상
국방위원장민기식,국방위원장 민기식,33,3,1,2,6,18.181818181818183,민주공화당,충북 청원군,남,3선,지역구
위원장대리김형일,위원장대리 김형일,31,6,0,0,6,19.35483870967742,신민당,경기 화성,남,4선,지역구
경상북도건설국장하재만,경상북도건설국장 하재만,29,5,1,0,6,20.689655172413794,미상,미상,미상,미상,미상
위원장대리문창탁,위원장대리 문창탁,29,6,0,0,6,20.689655172413794,민주공화당,미상,남,초선,전국구
증인문용섭,증인 문용섭,29,5,0,1,6,20.689655172413794,미상,미상,미상,미상,미상
국장박영환,국장 박영환,28,5,0,1,6,21.428571428571427,미상,미상,미상,미상,미상
장성광업소소장유경석,장성광업소소장 유경석,28,6,0,0,6,21.428571428571427,미상,미상,미상,미상,미상
증인이두환,증인 이두환,28,6,0,0,6,21.428571428571427,미상,미상,미상,미상,미상
문교부차관한상봉,문교부차관 한상봉,26,5,0,1,6,23.076923076923077,미상,미상,미상,미상,미상
서울특별시도시계획국장주우원,서울특별시도시계획국장 주우원,26,6,0,0,6,23.076923076923077,미상,미상,미상,미상,미상
내무부치안국장박영수,내무부치안국장 박영수,25,5,0,1,6,24.0,미상,미상,미상,미상,미상
대전산업재해보상보험사무소장박종열,대전산업재해보상보험사무소장 박종열,25,6,0,0,6,24.0,미상,미상,미상,미상,미상
반장최영두,반장 최영두,25,6,0,0,6,24.0,민주공화당,전북 완주,남,초선,지역구
법제사법위원장대리이도환,법제사법위원장대리 이도환,24,4,2,0,6,25.0,민주공화당,"경남 마산,진해,창원",남,재선,지역구
서울특별시교육위원회학무국장박종협,서울특별시교육위원회학무국장 박종협,24,4,2,0,6,25.0,미상,미상,미상,미상,미상
영남국토건설국장조남철,영남국토건설국장 조남철,23,5,1,0,6,26.08695652173913,민주공화당,미상,남,초선,전국구
한국전력주식회사기획담당이사김종주,한국전력주식회사기획담당이사 김종주,23,6,0,0,6,26.08695652173913,미상,미상,미상,미상,미상
농업협동조합중앙회경기도지부장배봉식,농업협동조합중앙회경기도지부장 배봉식,22,2,2,2,6,27.27272727272727,미상,미상,미상,미상,미상
농업협동조합중앙회충청남도지부장김주필,농업협동조합중앙회충청남도지부장 김주필,22,5,1,0,6,27.27272727272727,미상,미상,미상,미상,미상
육군참모총장김용배,육군참모총장 김용배,21,2,2,2,6,28.57142857142857,미상,미상,미상,미상,미상
재무부재정차관보이재설,재무부재정차관보 이재설,21,6,0,0,6,28.57142857142857,미상,미상,미상,미상,미상
전국어민비상대책위원회고문정문기,전국어민비상대책위원회고문 정문기,21,2,3,1,6,28.57142857142857,미상,미상,미상,미상,미상
감사원사무총장김진기,감사원사무총장 김진기,20,5,1,0,6,30.0,미상,미상,미상,미상,미상
사무관박영달,사무관 박영달,20,6,0,0,6,30.0,미상,미상,미상,미상,미상
영주철도국장장윤덕,영주철도국장 장윤덕,20,3,1,2,6,30.0,미상,미상,미상,미상,미상
인천세관장임영득,인천세관장 임영득,20,4,2,0,6,30.0,미상,미상,미상,미상,미상
건설부특정지역국장최해인,건설부특정지역국장 최해인,19,6,0,0,6,31.57894736842105,미상,미상,미상,미상,미상
농업협동조합중앙회충청북도지부장이상목,농업협동조합중앙회충청북도지부장 이상목,19,6,0,0,6,31.57894736842105,미상,미상,미상,미상,미상
소위원장배길도,소위원장 배길도,19,6,0,0,6,31.57894736842105,민주공화당,전남 무안,남,재선,지역구
원자력원원자력위원박익수,원자력원원자력위원 박익수,19,6,0,0,6,31.57894736842105,미상,미상,미상,미상,미상
농림부농업생산국장오준석,농림부농업생산국장 오준석,18,6,0,0,6,33.33333333333333,민주공화당,"경북 영양,울진군",남,4선,지역구
법무부교정국장이봉성,법무부교정국장 이봉성,18,6,0,0,6,33.33333333333333,미상,미상,미상,미상,미상
원자력원방사선의학연구소장안치열,원자력원방사선의학연구소장 안치열,18,4,1,1,6,33.33333333333333,미상,미상,미상,미상,미상
대한중석광업주식회사사장김용배,대한중석광업주식회사사장 김용배,16,5,0,1,6,37.5,미상,미상,미상,미상,미상
문교부차관박희범,문교부차관 박희범,16,6,0,0,6,37.5,미상,미상,미상,미상,미상
보건사회위원장한상준,보건사회위원장 한상준,16,6,0,0,6,37.5,민주공화당,"전북 임실군,순창군",남,3선,지역구
부산대학교총장신기석,부산대학교총장 신기석,16,6,0,0,6,37.5,미상,미상,미상,미상,미상
이상무의원,이상무 의원,16,5,0,1,6,37.5,민주공화당,"경북 경주,월성군",남,재선,지역구
최형우의원,최형우 의원,16,3,1,2,6,37.5,신민당,경남 울산시울주구,남,6선,지역구
호남비료주식회사사장박현수,호남비료주식회사사장 박현수,16,6,0,0,6,37.5,미상,미상,미상,미상,미상
국방위원장대리김제원,국방위원장대리 김제원,15,5,0,1,6,40.0,민주공화당,"충남 금산,대덕,연기군",남,재선,지역구
사장박원석,사장 박원석,15,5,0,1,6,40.0,미상,미상,미상,미상,미상
수산업협동조합중앙회장노명우,수산업협동조합중앙회장 노명우,15,6,0,0,6,40.0,미상,미상,미상,미상,미상
경상북도교육감김판영,경상북도교육감 김판영,14,5,0,1,6,42.857142857142854,미상,미상,미상,미상,미상
내각사무처장김병삼,내각사무처장 김병삼,14,4,1,1,6,42.857142857142854,미상,미상,미상,미상,미상
반장대리이상무,반장대리 이상무,14,5,1,0,6,42.857142857142854,민주공화당,"경북 경주,월성군",남,재선,지역구
법제처장유민상,법제처장 유민상,14,6,0,0,6,42.857142857142854,미상,미상,미상,미상,미상
신동식위원,신동식 위원,14,4,1,1,6,42.857142857142854,미상,미상,미상,미상,미상
신탄진연초제조창장이병호,신탄진연초제조창장 이병호,14,6,0,0,6,42.857142857142854,미상,미상,미상,미상,미상
원자력원장대리오현위,원자력원장대리 오현위,14,6,0,0,6,42.857142857142854,미상,미상,미상,미상,미상
제3소위원장이우헌,제3소위원장 이우헌,14,4,1,1,6,42.857142857142854,민주공화당,"전남 여수시,여천군",남,재선,지역구
증인최주종,증인 최주종,14,6,0,0,6,42.857142857142854,미상,미상,미상,미상,미상
총무처차관김옥형,총무처차관 김옥형,14,6,0,0,6,42.857142857142854,미상,미상,미상,미상,미상
교통부관광국장김완수,교통부관광국장 김완수,13,5,0,1,6,46.15384615384615,미상,미상,미상,미상,미상
김재광의원(위원,김재광 의원(위원,13,6,0,0,6,46.15384615384615,신민당,서울 서대문구갑,남,8선,지역구
류치송의원,류치송 의원,13,4,0,2,6,46.15384615384615,미상,미상,미상,미상,미상
서울특별시제1부시장강영수,서울특별시제1부시장 강영수,13,3,1,2,6,46.15384615384615,미상,미상,미상,미상,미상
신도환의원,신도환 의원,13,3,0,3,6,46.15384615384615,신민당,"경북 대구시,동,남구",남,5선,전국구
외무부차관보전상진,외무부차관보 전상진,13,5,0,1,6,46.15384615384615,미상,미상,미상,미상,미상
지사김윤환,지사 김윤환,13,5,0,1,6,46.15384615384615,미상,미상,미상,미상,미상
최서일의원(위원,최서일 의원(위원,13,4,0,2,6,46.15384615384615,민주공화당,전남 완도,남,초선,지역구
건설공제조합이사장성주관,건설공제조합이사장 성주관,12,6,0,0,6,50.0,미상,미상,미상,미상,미상
국립지질연구소장이정환,국립지질연구소장 이정환,12,4,1,1,6,50.0,미상,미상,미상,미상,미상
국립지질조사소소장박인규,국립지질조사소소장 박인규,12,6,0,0,6,50.0,미상,미상,미상,미상,미상
농협중앙회전라북도지부장전연규,농협중앙회전라북도지부장 전연규,12,5,0,1,6,50.0,미상,미상,미상,미상,미상
상공부기획관리실장이호범,상공부기획관리실장 이호범,12,6,0,0,6,50.0,미상,미상,미상,미상,미상
수산청차장김재식,수산청차장 김재식,12,5,0,1,6,50.0,미상,미상,미상,미상,미상
원자력청장이상수,원자력청장 이상수,12,6,0,0,6,50.0,미상,미상,미상,미상,미상
이상돈의원,이상돈 의원,12,1,0,5,6,50.0,신민당,"충남 천안,천원군",남,3선,지역구
재정경제위원장대리김상흠,재정경제위원장대리 김상흠,12,6,0,0,6,50.0,신민당,전북 고창군,남,재선,지역구
전무이사이현상,전무이사 이현상,12,5,0,1,6,50.0,미상,미상,미상,미상,미상
증인박덕경,증인 박덕경,12,6,0,0,6,50.0,미상,미상,미상,미상,미상
참고인엄민영,참고인 엄민영,12,3,3,0,6,50.0,미상,미상,미상,미상,미상
한국주택공사총재장동운,한국주택공사총재 장동운,12,6,0,0,6,50.0,미상,미상,미상,미상,미상
건설부장관장예준,건설부장관 장예준,11,5,0,1,6,54.54545454545454,미상,미상,미상,미상,미상
건설부차관이재설,건설부차관 이재설,11,6,0,0,6,54.54545454545454,미상,미상,미상,미상,미상
건설위원장최두고,건설위원장 최두고,11,5,1,0,6,54.54545454545454,민주공화당,부산 진구을,남,재선,지역구
김경인의원,김경인 의원,11,4,1,1,6,54.54545454545454,민주통일당,"전남 목포시,무안,신안군",남,재선,지역구
김성용의원,김성용 의원,11,3,1,2,6,54.54545454545454,민주당,미상,남,3선,전국구
문교공보위원장대리이원우,문교공보위원장대리 이원우,11,5,0,1,6,54.54545454545454,민주공화당,경북 영천,남,초선,지역구
연사설국환,연사 설국환,11,3,1,2,6,54.54545454545454,미상,미상,미상,미상,미상
외무부통상주국장전상진,외무부통상주국장 전상진,11,6,0,0,6,54.54545454545454,미상,미상,미상,미상,미상
원자력연구소장성좌경,원자력연구소장 성좌경,11,6,0,0,6,54.54545454545454,미상,미상,미상,미상,미상
증인김경인,증인 김경인,11,6,0,0,6,54.54545454545454,미상,미상,미상,미상,미상
한국주택금고이사장김진흥,한국주택금고이사장 김진흥,11,6,0,0,6,54.54545454545454,미상,미상,미상,미상,미상
행정개혁조사위원회부위원장문희석,행정개혁조사위원회부위원장 문희석,11,6,0,0,6,54.54545454545454,미상,미상,미상,미상,미상
경제기획원총무과장유병호,경제기획원총무과장 유병호,10,6,0,0,6,60.0,미상,미상,미상,미상,미상
국토통일원장관이용희,국토통일원장관 이용희,10,0,1,5,6,60.0,무소속,"충청북도 보은,옥천,영동군",남,5선,지역구
국회운영위원장대리송한철,국회운영위원장대리 송한철,10,5,1,0,6,60.0,민주공화당,"경북 성주,칠곡군",남,재선,지역구
김은하의원(위원,김은하 의원(위원,10,4,0,2,6,60.0,신민당,경기 인천시을,남,6선,지역구
대한체육회회장민관식,대한체육회회장 민관식,10,2,2,2,6,60.0,민주공화당,서울 동대문구갑,남,5선,지역구
동부아프리카방문친선사절단장이수영,동부아프리카방문친선사절단장 이수영,10,5,0,1,6,60.0,미상,미상,미상,미상,미상
법제사법위원장장영순,법제사법위원장 장영순,10,5,1,0,6,60.0,민주공화당,"충남 청양,홍성,예산군",남,4선,지역구
재무위원장대리이우현,재무위원장대리 이우현,10,5,0,1,6,60.0,민주공화당,"강원 횡성,평창군",남,재선,지역구
강근호위원,강근호 위원,9,5,0,1,6,66.66666666666666,신민당,"전북 군산시,옥구",남,초선,지역구
김상년위원,김상년 위원,9,1,0,5,6,66.66666666666666,민주공화당,경북 의성군,남,3선,지역구
김장섭의원,김장섭 의원,9,4,0,2,6,66.66666666666666,민주공화당,"경북 포항시,영일,울릉군",남,4선,지역구
김택수의원,김택수 의원,9,5,0,1,6,66.66666666666666,민주공화당,경남 김해,남,3선,지역구
김한수의원,김한수 의원,9,2,0,4,6,66.66666666666666,신민당,충남 논산,남,재선,지역구
김형일의원(위원,김형일 의원(위원,9,6,0,0,6,66.66666666666666,민정당,경기 화성,남,4선,전국구
농림위원장대리김삼상,농림위원장대리 김삼상,9,5,0,1,6,66.66666666666666,민주공화당,"경남 산청,합천군",남,초선,지역구
대한석탄공사총재강기천,대한석탄공사총재 강기천,9,5,0,1,6,66.66666666666666,미상,미상,미상,미상,미상
외무부의전실장윤호근,외무부의전실장 윤호근,9,6,0,0,6,66.66666666666666,미상,미상,미상,미상,미상
이동원위원,이동원 위원,9,3,2,1,6,66.66666666666666,민주공화당,미상,남,4선,전국구
장치훈의원,장치훈 의원,9,6,0,0,6,66.66666666666666,신민당,미상,남,초선,전국구
한국수산개발공사사장박원빈,한국수산개발공사사장 박원빈,9,6,0,0,6,66.66666666666666,미상,미상,미상,미상,미상
경상남도경찰국장박만종,경상남도경찰국장 박만종,8,6,0,0,6,75.0,미상,미상,미상,미상,미상
국회운영위원장대리신영주,국회운영위원장대리 신영주,8,5,0,1,6,75.0,민주공화당,경남 창녕,남,재선,지역구
권오훈의원(위원,권오훈 의원(위원,8,5,0,1,6,75.0,민주공화당,경북 안동,남,초선,지역구
보건사회부장관고재필,보건사회부장관 고재필,8,4,0,2,6,75.0,유신정우회,미상,남,4선,통일주체국민회의
부산시장김덕엽,부산시장 김덕엽,8,5,0,1,6,75.0,미상,미상,미상,미상,미상
소위원장김병순,소위원장 김병순,8,3,0,3,6,75.0,민주공화당,미상,남,4선,전국구
신상우의원,신상우 의원,8,1,0,5,6,75.0,신민당,"경남 양산,동래군",남,7선,지역구
증인이재설,증인 이재설,8,6,0,0,6,75.0,미상,미상,미상,미상,미상
김상영위원,김상영 위원,7,5,0,1,6,85.71428571428571,민주공화당,전남 여수,남,재선,지역구
김홍일의원,김홍일 의원,7,1,0,5,6,85.71428571428571,신민당,서울 마포구,남,재선,지역구
농수산부장관최각규,농수산부장관 최각규,7,4,0,2,6,85.71428571428571,미상,미상,미상,미상,미상
대법원행정처장전우영,대법원행정처장 전우영,7,6,0,0,6,85.71428571428571,미상,미상,미상,미상,미상
이종남의원,이종남 의원,7,5,0,1,6,85.71428571428571,신민당,미상,남,3선,전국구
최서일의원,최서일 의원,7,5,0,1,6,85.71428571428571,민주공화당,전남 완도,남,초선,지역구
건설위원장대리이현재,건설위원장대리 이현재,6,5,0,1,6,100.0,민주공화당,"전남 광양,구례군",남,초선,지역구
경제과학위원장대리김용채,경제과학위원장대리 김용채,6,6,0,0,6,100.0,민주공화당,"경기 연천,포천,가평,양평군",남,5선,지역구
김병순의원,김병순 의원,6,5,1,0,6,100.0,민주공화당,전남 해남,남,4선,전국구
예산결산특별위원장김봉환,예산결산특별위원장 김봉환,6,5,0,1,6,100.0,민주공화당,"경북 군위,선산",남,4선,지역구
원자력청장성좌경,원자력청장 성좌경,6,6,0,0,6,100.0,미상,미상,미상,미상,미상
이상철의원,이상철 의원,6,4,1,1,6,100.0,국민의당,"충남 청양,홍성군",남,3선,지역구
정헌주의원,정헌주 의원,6,3,1,2,6,100.0,신민당,"경남 진주,삼천포시,진양,사천군",남,5선,전국구
진의종의원,진의종 의원,6,2,0,4,6,100.0,무소속,"전북 고창,부안군",남,4선,지역구
위원장대리김창욱,위원장대리 김창욱,266,5,0,0,5,1.8796992481203008,민주공화당,"경남 의령,함안군",남,초선,지역구
증인엄형휴,증인 엄형휴,205,5,0,0,5,2.4390243902439024,미상,미상,미상,미상,미상
증인김학숙,증인 김학숙,182,5,0,0,5,2.7472527472527473,미상,미상,미상,미상,미상
증인김학수,증인 김학수,125,4,1,0,5,4.0,미상,미상,미상,미상,미상
참고인한옥신,참고인 한옥신,112,3,2,0,5,4.464285714285714,미상,미상,미상,미상,미상
위원장대리권오석,위원장대리 권오석,85,5,0,0,5,5.88235294117647,민주공화당,경기 화성,남,재선,지역구
출석감사위원(9인),출석 감사위원(9인),83,2,3,0,5,6.024096385542169,미상,미상,미상,미상,미상
위원장대리홍영기,위원장대리 홍영기,74,4,1,0,5,6.756756756756757,민중당,서울 서대문구을,남,5선,지역구
증인손창규,증인 손창규,74,4,1,0,5,6.756756756756757,자유민주당,미상,남,초선,전국구
위원장대리황인원,위원장대리 황인원,71,3,2,0,5,7.042253521126761,신민당,"경기 파주,고양군",남,재선,지역구
참고인서주연,참고인 서주연,70,3,2,0,5,7.142857142857142,미상,미상,미상,미상,미상
부의장정성태,부의장 정성태,66,5,0,0,5,7.575757575757576,신민당,전남 광주갑,남,6선,지역구
사무관장욱상,사무관 장욱상,66,5,0,0,5,7.575757575757576,미상,미상,미상,미상,미상
서기관황영근,서기관 황영근,65,4,1,0,5,7.6923076923076925,미상,미상,미상,미상,미상
서기관김병익,서기관 김병익,59,5,0,0,5,8.47457627118644,미상,미상,미상,미상,미상
참고인,참고인,58,5,0,0,5,8.620689655172415,미상,미상,미상,미상,미상
증인심이섭,증인 심이섭,55,5,0,0,5,9.090909090909092,미상,미상,미상,미상,미상
대법원장조진만,대법원장 조진만,52,5,0,0,5,9.615384615384617,미상,미상,미상,미상,미상
부산세관장문용섭,부산세관장 문용섭,48,3,2,0,5,10.416666666666668,미상,미상,미상,미상,미상
서울특별시교육위원회교육감최복현,서울특별시교육위원회교육감 최복현,48,3,2,0,5,10.416666666666668,미상,미상,미상,미상,미상
증인김승곤,증인 김승곤,48,5,0,0,5,10.416666666666668,미상,미상,미상,미상,미상
김익기의원,김익기 의원,44,4,1,0,5,11.363636363636363,신민당,미상,남,5선,전국구
대한재보험공사사장정인환,대한재보험공사사장 정인환,43,5,0,0,5,11.627906976744185,미상,미상,미상,미상,미상
외무부방교국장박근,외무부방교국장 박근,43,4,1,0,5,11.627906976744185,미상,미상,미상,미상,미상
문교부문화재관리국장정문순,문교부문화재관리국장 정문순,42,5,0,0,5,11.904761904761903,미상,미상,미상,미상,미상
신직수고문,신직수 고문,42,5,0,0,5,11.904761904761903,미상,미상,미상,미상,미상
외무부아주국장황호을,외무부아주국장 황호을,41,4,0,1,5,12.195121951219512,미상,미상,미상,미상,미상
증인신영수,증인 신영수,41,5,0,0,5,12.195121951219512,미상,미상,미상,미상,미상
대전체신청장최학선,대전체신청장 최학선,39,5,0,0,5,12.82051282051282,미상,미상,미상,미상,미상
반장김두현,반장 김두현,38,5,0,0,5,13.157894736842104,민주공화당,충남 당진,남,초선,지역구
인천축항사무소장장인섭,인천축항사무소장 장인섭,38,2,1,2,5,13.157894736842104,미상,미상,미상,미상,미상
반장이영진,반장 이영진,37,4,0,1,5,13.513513513513514,민주공화당,충남 아산,남,초선,지역구
위원장대리신동준,위원장대리 신동준,37,5,0,0,5,13.513513513513514,민주공화당,미상,남,초선,전국구
공보부차관이춘성,공보부차관 이춘성,36,5,0,0,5,13.88888888888889,미상,미상,미상,미상,미상
부산진세무서장노동권,부산진세무서장 노동권,36,5,0,0,5,13.88888888888889,미상,미상,미상,미상,미상
옥창호위원,옥창호 위원,35,5,0,0,5,14.285714285714285,미상,미상,미상,미상,미상
울산국토건설국장최해인,울산국토건설국장 최해인,35,5,0,0,5,14.285714285714285,미상,미상,미상,미상,미상
농업협동조합중앙회강원도지부장홍성지,농업협동조합중앙회강원도지부장 홍성지,34,2,0,3,5,14.705882352941178,미상,미상,미상,미상,미상
위원장대리최두고,위원장대리 최두고,34,4,1,0,5,14.705882352941178,민주공화당,부산 진구을,남,재선,지역구
부산지방해운국장유덕준,부산지방해운국장 유덕준,32,5,0,0,5,15.625,미상,미상,미상,미상,미상
전진한의원,전진한 의원,32,2,1,2,5,15.625,신민당,서울 종로구,남,5선,지역구
목포시장송성룡,목포시장 송성룡,31,3,1,1,5,16.129032258064516,미상,미상,미상,미상,미상
청장나오연,청장 나오연,31,3,1,1,5,16.129032258064516,미상,미상,미상,미상,미상
선거법등정치관계법특별위원장대리김용진,선거법등정치관계법특별위원장대리 김용진,30,3,2,0,5,16.666666666666664,민주공화당,전북 전주,남,초선,지역구
체신부우정국장방문기,체신부우정국장 방문기,29,5,0,0,5,17.24137931034483,미상,미상,미상,미상,미상
외무부방교국국제연합과장지연태,외무부방교국국제연합과장 지연태,28,1,1,3,5,17.857142857142858,미상,미상,미상,미상,미상
재무부세정차관보최각규,재무부세정차관보 최각규,28,2,3,0,5,17.857142857142858,미상,미상,미상,미상,미상
한국해양대학교학장손태현,한국해양대학교학장 손태현,28,5,0,0,5,17.857142857142858,미상,미상,미상,미상,미상
대통령경호실차장전구백,대통령경호실차장 전구백,27,5,0,0,5,18.51851851851852,미상,미상,미상,미상,미상
반장김성곤,반장 김성곤,27,5,0,0,5,18.51851851851852,민주공화당,"경북 달성,고령군",남,4선,지역구
서한,서한,26,4,1,0,5,19.230769230769234,미상,미상,미상,미상,미상
외무부기획관리실예산담당관문주환,외무부기획관리실예산담당관 문주환,26,5,0,0,5,19.230769230769234,미상,미상,미상,미상,미상
전라북도부지사이인철,전라북도부지사 이인철,26,3,0,2,5,19.230769230769234,미상,미상,미상,미상,미상
대한석탄공사장성광업소장유경석,대한석탄공사장성광업소장 유경석,25,5,0,0,5,20.0,미상,미상,미상,미상,미상
상동광업소장장의선,상동광업소장 장의선,25,5,0,0,5,20.0,미상,미상,미상,미상,미상
증인이호범,증인 이호범,25,2,3,0,5,20.0,미상,미상,미상,미상,미상
건설부국토보전국항만과장이문섭,건설부국토보전국항만과장 이문섭,22,5,0,0,5,22.727272727272727,미상,미상,미상,미상,미상
외무부아주국장노신영,외무부아주국장 노신영,22,5,0,0,5,22.727272727272727,미상,미상,미상,미상,미상
인천지방해운국장정영훈,인천지방해운국장 정영훈,22,5,0,0,5,22.727272727272727,미상,미상,미상,미상,미상
국립지질조사소장이정환,국립지질조사소장 이정환,21,4,0,1,5,23.809523809523807,미상,미상,미상,미상,미상
문교부차관윤태림,문교부차관 윤태림,20,5,0,0,5,25.0,미상,미상,미상,미상,미상
서울세관장박동희,서울세관장 박동희,20,4,1,0,5,25.0,미상,미상,미상,미상,미상
영등포공작창장정의강,영등포공작창장 정의강,20,3,1,1,5,25.0,미상,미상,미상,미상,미상
서울특별시도시계획국장이헌경,서울특별시도시계획국장 이헌경,19,4,1,0,5,26.31578947368421,미상,미상,미상,미상,미상
이석제의원,이석제 의원,19,4,1,0,5,26.31578947368421,미상,미상,미상,미상,미상
재무부세관국장명동근,재무부세관국장 명동근,19,4,1,0,5,26.31578947368421,미상,미상,미상,미상,미상
경상남도교육감이윤근,경상남도교육감 이윤근,18,5,0,0,5,27.77777777777778,미상,미상,미상,미상,미상
농림위원장대리김중한,농림위원장대리 김중한,18,5,0,0,5,27.77777777777778,민주공화당,"경북 청송,영덕",남,초선,지역구
대한염업공사사장박동균,대한염업공사사장 박동균,18,5,0,0,5,27.77777777777778,미상,미상,미상,미상,미상
산업은행업무담당이사배문홍,산업은행업무담당이사 배문홍,18,5,0,0,5,27.77777777777778,미상,미상,미상,미상,미상
외무부외교연구원장신응균,외무부외교연구원장 신응균,18,5,0,0,5,27.77777777777778,미상,미상,미상,미상,미상
이사장김진흥,이사장 김진흥,18,5,0,0,5,27.77777777777778,미상,미상,미상,미상,미상
증인이선중,증인 이선중,18,4,0,1,5,27.77777777777778,미상,미상,미상,미상,미상
철도청시설국장신유섭,철도청시설국장 신유섭,18,5,0,0,5,27.77777777777778,미상,미상,미상,미상,미상
최정기의원,최정기 의원,18,5,0,0,5,27.77777777777778,민주공화당,미상,남,초선,전국구
한국은행총재김세연,한국은행총재 김세연,18,5,0,0,5,27.77777777777778,미상,미상,미상,미상,미상
경북대학교총장계철순,경북대학교총장 계철순,17,5,0,0,5,29.411764705882355,미상,미상,미상,미상,미상
수산업협동조합중앙회강원도지부장장후식,수산업협동조합중앙회강원도지부장 장후식,17,4,1,0,5,29.411764705882355,미상,미상,미상,미상,미상
외환은행전무이사정원훈,외환은행전무이사 정원훈,17,3,1,1,5,29.411764705882355,미상,미상,미상,미상,미상
박종률위원,박종률 위원,16,5,0,0,5,31.25,미상,미상,미상,미상,미상
방일홍의원,방일홍 의원,16,2,0,3,5,31.25,신민당,미상,남,초선,전국구
증인김병구,증인 김병구,16,5,0,0,5,31.25,미상,미상,미상,미상,미상
건설부계획국장김용회,건설부계획국장 김용회,15,4,0,1,5,33.33333333333333,미상,미상,미상,미상,미상
국방부군수국장정경모,국방부군수국장 정경모,15,3,2,0,5,33.33333333333333,미상,미상,미상,미상,미상
부산공작창장이종욱,부산공작창장 이종욱,15,5,0,0,5,33.33333333333333,미상,미상,미상,미상,미상
중부체신청장고웅,중부체신청장 고웅,15,3,1,1,5,33.33333333333333,미상,미상,미상,미상,미상
중앙종합직업학교교장박철재,중앙종합직업학교교장 박철재,15,3,0,2,5,33.33333333333333,미상,미상,미상,미상,미상
한국전력주식회사부산지점장김황봉,한국전력주식회사부산지점장 김황봉,15,5,0,0,5,33.33333333333333,미상,미상,미상,미상,미상
한국전력주식회사춘천사무소장하헌우,한국전력주식회사춘천사무소장 하헌우,15,5,0,0,5,33.33333333333333,미상,미상,미상,미상,미상
호남국토건설국장이효승,호남국토건설국장 이효승,15,5,0,0,5,33.33333333333333,미상,미상,미상,미상,미상
건설부기간건설공사사무소장이병칠,건설부기간건설공사사무소장 이병칠,14,5,0,0,5,35.714285714285715,미상,미상,미상,미상,미상
외무부기획예산담당관문주환,외무부기획예산담당관 문주환,14,5,0,0,5,35.714285714285715,미상,미상,미상,미상,미상
이희승의원(위원,이희승 의원(위원,14,5,0,0,5,35.714285714285715,자유민주당,충북 충주시중원,남,초선,지역구
증인이화익,증인 이화익,14,5,0,0,5,35.714285714285715,미상,미상,미상,미상,미상
토지개량조합연합회동진강출장소장백형원,토지개량조합연합회동진강출장소장 백형원,14,4,1,0,5,35.714285714285715,미상,미상,미상,미상,미상
통화대책위원김정렴,통화대책위원 김정렴,14,5,0,0,5,35.714285714285715,미상,미상,미상,미상,미상
경제기획원운영차관보정문도,경제기획원운영차관보 정문도,13,5,0,0,5,38.46153846153847,미상,미상,미상,미상,미상
농업협동조합중앙회경상남도지부장이경수,농업협동조합중앙회경상남도지부장 이경수,13,3,2,0,5,38.46153846153847,미상,미상,미상,미상,미상
농업협동조합중앙회전라남도지부장이경노,농업협동조합중앙회전라남도지부장 이경노,13,1,1,3,5,38.46153846153847,미상,미상,미상,미상,미상
대한중석광석주식회사사장김용배,대한중석광석주식회사사장 김용배,13,4,0,1,5,38.46153846153847,미상,미상,미상,미상,미상
문교부장관김상협,문교부장관 김상협,13,5,0,0,5,38.46153846153847,미상,미상,미상,미상,미상
연구소장김병옥,연구소장 김병옥,13,5,0,0,5,38.46153846153847,미상,미상,미상,미상,미상
증인명동근,증인 명동근,13,4,1,0,5,38.46153846153847,미상,미상,미상,미상,미상
충주비료주식회사부사장마종승,충주비료주식회사부사장 마종승,13,5,0,0,5,38.46153846153847,미상,미상,미상,미상,미상
대한상공회의소사무국장이창수,대한상공회의소사무국장 이창수,12,5,0,0,5,41.66666666666667,미상,미상,미상,미상,미상
보건사회부의정국장박중근,보건사회부의정국장 박중근,12,5,0,0,5,41.66666666666667,미상,미상,미상,미상,미상
순천철도국장장윤덕,순천철도국장 장윤덕,12,3,1,1,5,41.66666666666667,미상,미상,미상,미상,미상
신관우의원(위원,신관우 의원(위원,12,4,1,0,5,41.66666666666667,민주공화당,충북 청원군,남,초선,지역구
정일권위원,정일권 위원,12,3,2,0,5,41.66666666666667,민주공화당,미상,남,3선,전국구
태백산국토건설국장김병옥,태백산국토건설국장 김병옥,12,4,0,1,5,41.66666666666667,미상,미상,미상,미상,미상
국립농산물검사소장구윤석,국립농산물검사소장 구윤석,11,5,0,0,5,45.45454545454545,미상,미상,미상,미상,미상
국방위원장대리박두선,국방위원장대리 박두선,11,2,0,3,5,45.45454545454545,민주공화당,전북 정읍,남,초선,지역구
김상현의원(계속),김상현 의원(계속),11,2,1,2,5,45.45454545454545,민중당,서울 서대문구갑,남,6선,지역구
내무위원장대리김상년,내무위원장대리 김상년,11,4,1,0,5,45.45454545454545,민주공화당,"경북 안동시,의성,안동군",남,3선,지역구
대한주택공사총무부장임석두,대한주택공사총무부장 임석두,11,5,0,0,5,45.45454545454545,미상,미상,미상,미상,미상
문교공보위원장대리최세경,문교공보위원장대리 최세경,11,5,0,0,5,45.45454545454545,민주공화당,"경남 진주,삼천포시,진양,사천군",남,재선,지역구
상공부특허국장전준항,상공부특허국장 전준항,11,5,0,0,5,45.45454545454545,미상,미상,미상,미상,미상
표준국장서리박승엽,표준국장서리 박승엽,11,5,0,0,5,45.45454545454545,미상,미상,미상,미상,미상
노동청충청남도사무소장김문창,노동청충청남도사무소장 김문창,10,5,0,0,5,50.0,미상,미상,미상,미상,미상
대전체신청장최호림,대전체신청장 최호림,10,5,0,0,5,50.0,미상,미상,미상,미상,미상
문교부장관유기춘,문교부장관 유기춘,10,3,2,0,5,50.0,미상,미상,미상,미상,미상
박준호위원,박준호 위원,10,4,0,1,5,50.0,민주공화당,"전남 광양시,구례군",남,초선,지역구
부산지방법원장방례원,부산지방법원장 방례원,10,5,0,0,5,50.0,미상,미상,미상,미상,미상
상공위원장길전식,상공위원장 길전식,10,4,0,1,5,50.0,민주공화당,전남 장흥군,남,5선,지역구
서울시외전화국장임상규,서울시외전화국장 임상규,10,5,0,0,5,50.0,미상,미상,미상,미상,미상
수자원개발공사사장안경모,수자원개발공사사장 안경모,10,5,0,0,5,50.0,미상,미상,미상,미상,미상
원자력원총무과장김지은,원자력원총무과장 김지은,10,5,0,0,5,50.0,미상,미상,미상,미상,미상
이윤학위원,이윤학 위원,10,5,0,0,5,50.0,민주공화당,"경기 의정부시,양주군",남,초선,지역구
청장진근현,청장 진근현,10,4,0,1,5,50.0,미상,미상,미상,미상,미상
건설위원회전문위원최선,건설위원회전문위원 최선,9,5,0,0,5,55.55555555555556,미상,미상,미상,미상,미상
광주지방원호청장민성채,광주지방원호청장 민성채,9,4,1,0,5,55.55555555555556,미상,미상,미상,미상,미상
김용순의원,김용순 의원,9,3,0,2,5,55.55555555555556,민주공화당,"경남 사천,하동,삼천포",남,재선,지역구
김재춘의원,김재춘 의원,9,3,0,2,5,55.55555555555556,민중당,"경기 김포,강화",남,재선,지역구
내무부치안국장채원식,내무부치안국장 채원식,9,5,0,0,5,55.55555555555556,미상,미상,미상,미상,미상
농림위원장대리이우헌,농림위원장대리 이우헌,9,5,0,0,5,55.55555555555556,민주공화당,"전남 여수시,여천군",남,재선,지역구
농수산위원장대리홍병철,농수산위원장대리 홍병철,9,5,0,0,5,55.55555555555556,무소속,"제주 제주,남,북제주군",남,재선,지역구
농촌진흥청장이대현,농촌진흥청장 이대현,9,5,0,0,5,55.55555555555556,미상,미상,미상,미상,미상
류승원의원(위원,류승원 의원(위원,9,3,0,2,5,55.55555555555556,미상,미상,미상,미상,미상
민관식의원,민관식 의원,9,2,0,3,5,55.55555555555556,민주공화당,서울 동대문구갑,남,5선,지역구
법제사법위원장김장섭,법제사법위원장 김장섭,9,2,1,2,5,55.55555555555556,민주공화당,"경북 포항시,영일,울릉군",남,4선,지역구
상공부상역차관보김우근,상공부상역차관보 김우근,9,5,0,0,5,55.55555555555556,미상,미상,미상,미상,미상
상공부장관유창순,상공부장관 유창순,9,5,0,0,5,55.55555555555556,미상,미상,미상,미상,미상
서울철도국장신유섭,서울철도국장 신유섭,9,2,1,2,5,55.55555555555556,미상,미상,미상,미상,미상
주일본대한민국대사이호,주일본대한민국대사 이호,9,1,2,2,5,55.55555555555556,미상,미상,미상,미상,미상
중소기업협동조합중앙회이사장박상운,중소기업협동조합중앙회이사장 박상운,9,5,0,0,5,55.55555555555556,미상,미상,미상,미상,미상
한국전력주식회사여수건설사무소장한병록,한국전력주식회사여수건설사무소장 한병록,9,5,0,0,5,55.55555555555556,미상,미상,미상,미상,미상
농림위원장대리양정규,농림위원장대리 양정규,8,5,0,0,5,62.5,민주공화당,"제주 제주,북제주군",남,6선,지역구
농업협동조합중앙회강원도지부장염태근,농업협동조합중앙회강원도지부장 염태근,8,4,0,1,5,62.5,미상,미상,미상,미상,미상
대한광업제련공사이사김승욱,대한광업제련공사이사 김승욱,8,5,0,0,5,62.5,미상,미상,미상,미상,미상
대한조선공사이사김규성,대한조선공사이사 김규성,8,5,0,0,5,62.5,미상,미상,미상,미상,미상
대한철광개발주식회사부사장이혁기,대한철광개발주식회사부사장 이혁기,8,5,0,0,5,62.5,미상,미상,미상,미상,미상
이해원위원,이해원 위원,8,3,0,2,5,62.5,민주공화당,"충북 제원,단양",남,4선,지역구
제1소위원장이영진,제1소위원장 이영진,8,3,0,2,5,62.5,민주공화당,충남 아산,남,초선,지역구
최영근의원(위원,최영근 의원(위원,8,5,0,0,5,62.5,민주당,경남 울산시울주구,남,3선,지역구
출석위원(33인),출석 위원(33인),8,5,0,0,5,62.5,미상,미상,미상,미상,미상
충주비료주식회사사장김용배,충주비료주식회사사장 김용배,8,5,0,0,5,62.5,미상,미상,미상,미상,미상
李敏雨의원,李敏雨 의원,8,4,0,1,5,62.5,미상,미상,미상,미상,미상
경상남도부지사김효영,경상남도부지사 김효영,7,4,0,1,5,71.42857142857143,미상,미상,미상,미상,미상
경제기획원예산국장김주남,경제기획원예산국장 김주남,7,5,0,0,5,71.42857142857143,미상,미상,미상,미상,미상
광주지방원호청장김경원,광주지방원호청장 김경원,7,4,1,0,5,71.42857142857143,미상,미상,미상,미상,미상
김숙현위원,김숙현 위원,7,3,1,1,5,71.42857142857143,민주공화당,경기 인천시병,남,3선,지역구
농촌진흥청지도국장주성규,농촌진흥청지도국장 주성규,7,5,0,0,5,71.42857142857143,미상,미상,미상,미상,미상
대한철광주식회사이사전영식,대한철광주식회사이사 전영식,7,5,0,0,5,71.42857142857143,미상,미상,미상,미상,미상
부산시부시장허련,부산시부시장 허련,7,3,1,1,5,71.42857142857143,미상,미상,미상,미상,미상
서울산재보험사무소장이상윤,서울산재보험사무소장 이상윤,7,5,0,0,5,71.42857142857143,미상,미상,미상,미상,미상
서울시장김현옥,서울시장 김현옥,7,5,0,0,5,71.42857142857143,미상,미상,미상,미상,미상
장준하의원,장준하 의원,7,1,0,4,5,71.42857142857143,무소속,서울 동대문구을,남,초선,지역구
재경위원장김동하,재경위원장 김동하,7,5,0,0,5,71.42857142857143,미상,미상,미상,미상,미상
중앙선거관리위원회사무처장김영철,중앙선거관리위원회사무처장 김영철,7,5,0,0,5,71.42857142857143,미상,미상,미상,미상,미상
최수룡의원(위원,최수룡 의원(위원,7,5,0,0,5,71.42857142857143,신민당,"경남 진해,창원시",남,초선,지역구
최종성위원,최종성 위원,7,5,0,0,5,71.42857142857143,민주공화당,충남 보령,남,초선,지역구
한국조폐공사제지사업부장선우요,한국조폐공사제지사업부장 선우요,7,5,0,0,5,71.42857142857143,미상,미상,미상,미상,미상
강병규의원,강병규 의원,6,0,0,5,5,83.33333333333334,민주공화당,서울 영등포구,남,3선,지역구
건설부장관박림환,건설부장관 박림환,6,5,0,0,5,83.33333333333334,미상,미상,미상,미상,미상
건설부장관태완선,건설부장관 태완선,6,4,0,1,5,83.33333333333334,미상,미상,미상,미상,미상
공군참모총장박원석,공군참모총장 박원석,6,4,0,1,5,83.33333333333334,미상,미상,미상,미상,미상
김재순의원,김재순 의원,6,5,0,0,5,83.33333333333334,민주공화당,"강원 철원,화천,양구",남,7선,지역구
류홍의원,류홍 의원,6,1,1,3,5,83.33333333333334,신민당,미상,남,3선,전국구
외무부장관김동조,외무부장관 김동조,6,1,0,4,5,83.33333333333334,미상,미상,미상,미상,미상
이충환의원(계속),이충환 의원(계속),6,4,0,1,5,83.33333333333334,민정당,"충북 진천,음성군",남,6선,지역구
이학만위원,이학만 위원,6,5,0,0,5,83.33333333333334,민주공화당,경남 거제,남,초선,지역구
재경위원박태준,재경위원 박태준,6,5,0,0,5,83.33333333333334,미상,미상,미상,미상,미상
정래정의원(위원,정래정 의원(위원,6,3,0,2,5,83.33333333333334,민주공화당,전남 광주을,남,재선,지역구
한국전력주식회사수력담당기술역이도권,한국전력주식회사수력담당기술역 이도권,6,5,0,0,5,83.33333333333334,미상,미상,미상,미상,미상
건설위원장대리서상린,건설위원장대리 서상린,5,4,0,1,5,100.0,민주공화당,"경기 용인,안성",남,5선,지역구
건설위원장대리최두고,건설위원장대리 최두고,5,5,0,0,5,100.0,민주공화당,부산 진구을,남,재선,지역구
경제과학심의회의사무국장신동식,경제과학심의회의사무국장 신동식,5,5,0,0,5,100.0,미상,미상,미상,미상,미상
경제기획원외자관리관정재덕,경제기획원외자관리관 정재덕,5,5,0,0,5,100.0,미상,미상,미상,미상,미상
경제기획원장관신현확,경제기획원장관 신현확,5,3,0,2,5,100.0,민주공화당,"경북 구미,군위,성주,칠곡,선산",남,재선,지역구
길병전위원,길병전 위원,5,5,0,0,5,100.0,민주공화당,"전북 무주,장수군",남,초선,지역구
김용호의원,김용호 의원,5,4,0,1,5,100.0,민주공화당,"강원 원주시,홍천,횡성,원성군",남,4선,지역구
농수산부차관장덕희,농수산부차관 장덕희,5,5,0,0,5,100.0,미상,미상,미상,미상,미상
농수산위원장대리정무식,농수산위원장대리 정무식,5,5,0,0,5,100.0,민주공화당,"경북 포항시,영일,영천,울릉군",남,재선,지역구
문교부기획관리실장홍순철,문교부기획관리실장 홍순철,5,5,0,0,5,100.0,미상,미상,미상,미상,미상
박일의원,박일 의원,5,3,0,2,5,100.0,신민당,경남 밀양,남,5선,지역구
수산업협동조합중앙회경상북도지부장문수,수산업협동조합중앙회경상북도지부장 문수,5,3,0,2,5,100.0,미상,미상,미상,미상,미상
양일동의원,양일동 의원,5,4,0,1,5,100.0,신민당,서울 성동구갑,남,5선,지역구
엄영달의원,엄영달 의원,5,2,1,2,5,100.0,신민당,"강원 영월,평창,정선군",남,재선,지역구
엄정주의원,엄정주 의원,5,4,0,1,5,100.0,민주공화당,"강원 영월,정선군",남,초선,지역구
오학진의원,오학진 의원,5,4,0,1,5,100.0,민주공화당,"경기 시흥,부천,옹진군",남,4선,전국구
지종걸의원,지종걸 의원,5,2,0,3,5,100.0,유신정우회,미상,남,초선,통일주체국민회의
증인조성규,증인 조성규,361,3,0,1,4,1.10803324099723,미상,미상,미상,미상,미상
증인강재동,증인 강재동,262,3,1,0,4,1.5267175572519083,미상,미상,미상,미상,미상
증인길병래,증인 길병래,260,3,0,1,4,1.5384615384615385,미상,미상,미상,미상,미상
참고인심성택,참고인 심성택,215,3,1,0,4,1.8604651162790697,미상,미상,미상,미상,미상
증인김유두,증인 김유두,149,2,2,0,4,2.684563758389262,미상,미상,미상,미상,미상
증인황렬,증인 황렬,132,3,1,0,4,3.0303030303030303,미상,미상,미상,미상,미상
증인강신경,증인 강신경,121,3,1,0,4,3.3057851239669422,미상,미상,미상,미상,미상
증인김종언,증인 김종언,119,4,0,0,4,3.361344537815126,미상,미상,미상,미상,미상
반장이우현,반장 이우현,101,4,0,0,4,3.9603960396039604,민주공화당,"강원 횡성,평창군",남,재선,지역구
증인여진,증인 여진,99,3,1,0,4,4.040404040404041,미상,미상,미상,미상,미상
증인배성환,증인 배성환,90,1,3,0,4,4.444444444444445,미상,미상,미상,미상,미상
증인민영운,증인 민영운,87,3,1,0,4,4.597701149425287,미상,미상,미상,미상,미상
증인김연준,증인 김연준,85,3,1,0,4,4.705882352941177,미상,미상,미상,미상,미상
이태준고문,이태준 고문,80,4,0,0,4,5.0,미상,미상,미상,미상,미상
위원장대리이주일,위원장대리 이주일,70,3,1,0,4,5.714285714285714,미상,미상,미상,미상,미상
창장직무대리이순영,창장직무대리 이순영,69,4,0,0,4,5.797101449275362,미상,미상,미상,미상,미상
서울지방국세청장이철성,서울지방국세청장 이철성,62,3,1,0,4,6.451612903225806,미상,미상,미상,미상,미상
해양경찰대장신영철,해양경찰대장 신영철,62,3,1,0,4,6.451612903225806,미상,미상,미상,미상,미상
소공세무서장임영득,소공세무서장 임영득,61,3,1,0,4,6.557377049180328,미상,미상,미상,미상,미상
증인이창우,증인 이창우,55,4,0,0,4,7.2727272727272725,미상,미상,미상,미상,미상
위원장고재필,위원장 고재필,53,4,0,0,4,7.547169811320755,민주공화당,"전남 담양,장성군",남,4선,지역구
위원장대리김원만,위원장대리 김원만,53,4,0,0,4,7.547169811320755,신민당,서울 용산구,남,5선,지역구
대한항공공사부사장이각순,대한항공공사부사장 이각순,48,4,0,0,4,8.333333333333332,미상,미상,미상,미상,미상
반장이병주,반장 이병주,47,4,0,0,4,8.51063829787234,민주공화당,충남 공주,남,3선,지역구
출석감사위원(7인),출석 감사위원(7인),47,0,4,0,4,8.51063829787234,미상,미상,미상,미상,미상
증인추월민,증인 추월민,44,2,1,1,4,9.090909090909092,미상,미상,미상,미상,미상
증인안경렬,증인 안경렬,43,3,1,0,4,9.30232558139535,미상,미상,미상,미상,미상
대한조선공사상무이사김승완,대한조선공사상무이사 김승완,40,4,0,0,4,10.0,미상,미상,미상,미상,미상
반장차지철,반장 차지철,37,4,0,0,4,10.81081081081081,민주공화당,"경기 광주,이천",남,4선,지역구
증인오원철,증인 오원철,37,4,0,0,4,10.81081081081081,미상,미상,미상,미상,미상
농협전남도지부장김용하,농협전남도지부장 김용하,36,1,1,2,4,11.11111111111111,미상,미상,미상,미상,미상
장성광업소장나인구,장성광업소장 나인구,33,4,0,0,4,12.121212121212121,미상,미상,미상,미상,미상
상공부상역차관보심의환,상공부상역차관보 심의환,32,4,0,0,4,12.5,미상,미상,미상,미상,미상
원호처차장이도헌,원호처차장 이도헌,31,4,0,0,4,12.903225806451612,미상,미상,미상,미상,미상
증인김복산,증인 김복산,31,4,0,0,4,12.903225806451612,미상,미상,미상,미상,미상
서울연초제조창장이응철,서울연초제조창장 이응철,30,3,1,0,4,13.333333333333334,미상,미상,미상,미상,미상
경인고속도로주식회사사장김영년,경인고속도로주식회사사장 김영년,29,4,0,0,4,13.793103448275861,미상,미상,미상,미상,미상
대한해운공사상무이사박은범,대한해운공사상무이사 박은범,28,4,0,0,4,14.285714285714285,미상,미상,미상,미상,미상
국장박공명,국장 박공명,27,4,0,0,4,14.814814814814813,미상,미상,미상,미상,미상
광주체신청장이석영,광주체신청장 이석영,26,4,0,0,4,15.384615384615385,미상,미상,미상,미상,미상
이영진위원,이영진 위원,26,3,1,0,4,15.384615384615385,민주공화당,충남 아산,남,초선,지역구
참고인민석기,참고인 민석기,26,3,1,0,4,15.384615384615385,미상,미상,미상,미상,미상
충주비료주식회사관리이사이홍렬,충주비료주식회사관리이사 이홍렬,25,4,0,0,4,16.0,미상,미상,미상,미상,미상
문교공보위원회전문위원유성렬,문교공보위원회전문위원 유성렬,24,4,0,0,4,16.666666666666664,미상,미상,미상,미상,미상
울산정유공장부공장장전명석,울산정유공장부공장장 전명석,24,3,1,0,4,16.666666666666664,미상,미상,미상,미상,미상
국세청차장배숙,국세청차장 배숙,23,4,0,0,4,17.391304347826086,미상,미상,미상,미상,미상
부산시부시장남문희,부산시부시장 남문희,22,4,0,0,4,18.181818181818183,미상,미상,미상,미상,미상
부의장고흥문,부의장 고흥문,22,4,0,0,4,18.181818181818183,신민당,서울 도봉구,남,5선,지역구
전매청업무국장명동근,전매청업무국장 명동근,22,3,1,0,4,18.181818181818183,미상,미상,미상,미상,미상
서울철도국장김명익,서울철도국장 김명익,21,4,0,0,4,19.047619047619047,미상,미상,미상,미상,미상
위원장대리정헌조,위원장대리 정헌조,21,3,1,0,4,19.047619047619047,민주공화당,"전남 함평,영광군",남,재선,지역구
인천교육대학장조몽환,인천교육대학장 조몽환,21,4,0,0,4,19.047619047619047,미상,미상,미상,미상,미상
국립농업자재검사소장이재녕,국립농업자재검사소장 이재녕,20,4,0,0,4,20.0,미상,미상,미상,미상,미상
국립중앙의료원장유기원,국립중앙의료원장 유기원,20,4,0,0,4,20.0,미상,미상,미상,미상,미상
함백광업소소장김주호,함백광업소소장 김주호,20,3,1,0,4,20.0,미상,미상,미상,미상,미상
국민은행장정우창,국민은행장 정우창,19,4,0,0,4,21.052631578947366,미상,미상,미상,미상,미상
차장최운지,차장 최운지,19,0,3,1,4,21.052631578947366,미상,미상,미상,미상,미상
황은환위원,황은환 위원,19,4,0,0,4,21.052631578947366,신민당,경남 마산,남,초선,지역구
경상북도대구시건설국장김종환,경상북도대구시건설국장 김종환,18,4,0,0,4,22.22222222222222,민주공화당,"경북 대구시,북,서구",남,초선,지역구
국방부시설국장전경진,국방부시설국장 전경진,18,3,1,0,4,22.22222222222222,미상,미상,미상,미상,미상
한병기위원,한병기 위원,18,3,0,1,4,22.22222222222222,민주공화당,"강원 속초시,고성,양양",남,초선,지역구
옥조남자문,옥조남 자문,17,4,0,0,4,23.52941176470588,미상,미상,미상,미상,미상
외무부정보문화국장소상영,외무부정보문화국장 소상영,17,3,0,1,4,23.52941176470588,미상,미상,미상,미상,미상
주말레이지아대사최규하,주말레이지아대사 최규하,17,2,0,2,4,23.52941176470588,미상,미상,미상,미상,미상
증인민복기,증인 민복기,17,4,0,0,4,23.52941176470588,미상,미상,미상,미상,미상
내무위원장대리윤재명,내무위원장대리 윤재명,16,4,0,0,4,25.0,민주공화당,"전남 영암,당진군",남,3선,지역구
보건사회부보건국모자보건과장김택일,보건사회부보건국모자보건과장 김택일,16,3,0,1,4,25.0,미상,미상,미상,미상,미상
상공부차관보이철승,상공부차관보 이철승,16,2,0,2,4,25.0,미상,미상,미상,미상,미상
수산업협동조합중앙회충청남도지부장정홍래,수산업협동조합중앙회충청남도지부장 정홍래,16,4,0,0,4,25.0,미상,미상,미상,미상,미상
양극필의원,양극필 의원,16,3,0,1,4,25.0,민주공화당,경남 동래,남,초선,지역구
전무조석찬,전무 조석찬,16,4,0,0,4,25.0,미상,미상,미상,미상,미상
공군법무차감계훈분,공군법무차감 계훈분,15,4,0,0,4,26.666666666666668,미상,미상,미상,미상,미상
광주지방국세청장노용환,광주지방국세청장 노용환,15,3,1,0,4,26.666666666666668,미상,미상,미상,미상,미상
국립농산물검사소대구지소장정수곤,국립농산물검사소대구지소장 정수곤,15,3,1,0,4,26.666666666666668,미상,미상,미상,미상,미상
대전지방국세청장박준규,대전지방국세청장 박준규,15,3,0,1,4,26.666666666666668,민주공화당,"경북 달성,고령군",남,9선,지역구
증인문방흠,증인 문방흠,15,3,1,0,4,26.666666666666668,미상,미상,미상,미상,미상
광주고등검찰청검사장황창주,광주고등검찰청검사장 황창주,14,4,0,0,4,28.57142857142857,미상,미상,미상,미상,미상
외교연구원장최완복,외교연구원장 최완복,14,4,0,0,4,28.57142857142857,미상,미상,미상,미상,미상
원호처국립원호원장김경원,원호처국립원호원장 김경원,14,4,0,0,4,28.57142857142857,미상,미상,미상,미상,미상
재무부차관김정렴,재무부차관 김정렴,14,4,0,0,4,28.57142857142857,미상,미상,미상,미상,미상
중부국토건설국장이정욱,중부국토건설국장 이정욱,14,4,0,0,4,28.57142857142857,미상,미상,미상,미상,미상
철도청경리국재정과장원성희,철도청경리국재정과장 원성희,14,4,0,0,4,28.57142857142857,미상,미상,미상,미상,미상
토지개량조합연합회회장구윤석,토지개량조합연합회회장 구윤석,14,4,0,0,4,28.57142857142857,미상,미상,미상,미상,미상
한국전력주식회사부산지점장이정호,한국전력주식회사부산지점장 이정호,14,4,0,0,4,28.57142857142857,미상,미상,미상,미상,미상
김동하의원,김동하 의원,13,4,0,0,4,30.76923076923077,미상,미상,미상,미상,미상
대한산림조합연합회회장장송위,대한산림조합연합회회장 장송위,13,3,0,1,4,30.76923076923077,미상,미상,미상,미상,미상
문교부보통교육국장허선간,문교부보통교육국장 허선간,13,4,0,0,4,30.76923076923077,미상,미상,미상,미상,미상
방성출의원,방성출 의원,13,2,0,2,4,30.76923076923077,민주공화당,"경남 의령,함안군",남,초선,지역구
사장이맹기,사장 이맹기,13,4,0,0,4,30.76923076923077,미상,미상,미상,미상,미상
서울민사지방법원부장판사이경호,서울민사지방법원부장판사 이경호,13,4,0,0,4,30.76923076923077,미상,미상,미상,미상,미상
오정근의원,오정근 의원,13,3,0,1,4,30.76923076923077,유신정우회,미상,남,초선,통일주체국민회의
청장김원희,청장 김원희,13,3,0,1,4,30.76923076923077,미상,미상,미상,미상,미상
한국산업은행이사이종구,한국산업은행이사 이종구,13,4,0,0,4,30.76923076923077,미상,미상,미상,미상,미상
국세청직세국장나오연,국세청직세국장 나오연,12,4,0,0,4,33.33333333333333,미상,미상,미상,미상,미상
대한철광개발주식회사업무이사임선재,대한철광개발주식회사업무이사 임선재,12,4,0,0,4,33.33333333333333,미상,미상,미상,미상,미상
마산화력발전소소장최남진,마산화력발전소소장 최남진,12,4,0,0,4,33.33333333333333,미상,미상,미상,미상,미상
문교부편수국장조병욱,문교부편수국장 조병욱,12,3,0,1,4,33.33333333333333,미상,미상,미상,미상,미상
법제사법위원장대리고재필,법제사법위원장대리 고재필,12,3,1,0,4,33.33333333333333,민주공화당,"전남 담양,장성군",남,4선,지역구
서울공작창장이태원,서울공작창장 이태원,12,3,1,0,4,33.33333333333333,미상,미상,미상,미상,미상
외무부통상국장심명원,외무부통상국장 심명원,12,4,0,0,4,33.33333333333333,미상,미상,미상,미상,미상
임시위원장이우헌,임시위원장 이우헌,12,3,1,0,4,33.33333333333333,민주공화당,"전남 여수시,여천군",남,재선,지역구
조달청내자국장박찬희,조달청내자국장 박찬희,12,4,0,0,4,33.33333333333333,민정당,충남 공주,남,3선,지역구
조창대의원(위원,조창대 의원(위원,12,1,2,1,4,33.33333333333333,민주공화당,"경남 진해,창원시",남,재선,전국구
충주비료공장운영주식회사사장박진석,충주비료공장운영주식회사사장 박진석,12,4,0,0,4,33.33333333333333,미상,미상,미상,미상,미상
한국광업제련공사장항제련소장김승욱,한국광업제련공사장항제련소장 김승욱,12,4,0,0,4,33.33333333333333,미상,미상,미상,미상,미상
한국산업은행이사이춘우,한국산업은행이사 이춘우,12,4,0,0,4,33.33333333333333,미상,미상,미상,미상,미상
한국전력주식회사부산화력발전소장오상호,한국전력주식회사부산화력발전소장 오상호,12,4,0,0,4,33.33333333333333,미상,미상,미상,미상,미상
김포출장소장정재만,김포출장소장 정재만,11,4,0,0,4,36.36363636363637,미상,미상,미상,미상,미상
주호주대사이동환,주호주대사 이동환,11,2,0,2,4,36.36363636363637,미상,미상,미상,미상,미상
한국제련사장박두선,한국제련사장 박두선,11,3,0,1,4,36.36363636363637,미상,미상,미상,미상,미상
교통부항공국행정과장최각,교통부항공국행정과장 최각,10,4,0,0,4,40.0,미상,미상,미상,미상,미상
국방위원장대리김봉환,국방위원장대리 김봉환,10,4,0,0,4,40.0,민주공화당,"경북 군위,선산",남,4선,지역구
김진만의원,김진만 의원,10,3,0,1,4,40.0,민주공화당,강원 삼척군,남,7선,지역구
부산직할시도시계획국장강대현,부산직할시도시계획국장 강대현,10,4,0,0,4,40.0,미상,미상,미상,미상,미상
서범석의원(위원,서범석 의원(위원,10,1,2,1,4,40.0,민정당,서울 성북구을,남,6선,지역구
소위원장김중한,소위원장 김중한,10,4,0,0,4,40.0,민주공화당,"경북 청송,영덕",남,초선,지역구
수산업협동조합전라남도동구지부장배용진,수산업협동조합전라남도동구지부장 배용진,10,4,0,0,4,40.0,미상,미상,미상,미상,미상
연사양호민,연사 양호민,10,3,0,1,4,40.0,미상,미상,미상,미상,미상
전라남도산업국장김준홍,전라남도산업국장 김준홍,10,3,1,0,4,40.0,미상,미상,미상,미상,미상
제3소위원장대리최서일,제3소위원장대리 최서일,10,4,0,0,4,40.0,민주공화당,전남 완도,남,초선,지역구
제주도산업개발국장김한준,제주도산업개발국장 김한준,10,4,0,0,4,40.0,미상,미상,미상,미상,미상
포항종합제철주식회사부사장고준식,포항종합제철주식회사부사장 고준식,10,4,0,0,4,40.0,미상,미상,미상,미상,미상
현정주위원,현정주 위원,10,3,0,1,4,40.0,민주공화당,미상,남,초선,전국구
경주시장김창곤,경주시장 김창곤,9,4,0,0,4,44.44444444444444,미상,미상,미상,미상,미상
과학기술처기획관리실장이응선,과학기술처기획관리실장 이응선,9,4,0,0,4,44.44444444444444,미상,미상,미상,미상,미상
김의택위원,김의택 위원,9,2,0,2,4,44.44444444444444,신민당,미상,남,4선,전국구
농림부축산국장김영한,농림부축산국장 김영한,9,3,0,1,4,44.44444444444444,미상,미상,미상,미상,미상
농업진흥공사경기도지사장서영무,농업진흥공사경기도지사장 서영무,9,4,0,0,4,44.44444444444444,미상,미상,미상,미상,미상
농촌진흥청지도국장박남순,농촌진흥청지도국장 박남순,9,4,0,0,4,44.44444444444444,미상,미상,미상,미상,미상
대전지방원호청장김성길,대전지방원호청장 김성길,9,3,1,0,4,44.44444444444444,미상,미상,미상,미상,미상
도서관총무과장이순일,도서관총무과장 이순일,9,4,0,0,4,44.44444444444444,미상,미상,미상,미상,미상
무임소장관김원태,무임소장관 김원태,9,3,0,1,4,44.44444444444444,미상,미상,미상,미상,미상
심봉섭위원,심봉섭 위원,9,3,0,1,4,44.44444444444444,신민당,"경북 경주,월성군",남,초선,지역구
외무부여권과장이문수,외무부여권과장 이문수,9,3,0,1,4,44.44444444444444,미상,미상,미상,미상,미상
전라남도농촌진흥원장김준홍,전라남도농촌진흥원장 김준홍,9,4,0,0,4,44.44444444444444,미상,미상,미상,미상,미상
전주연초제조창장손문창,전주연초제조창장 손문창,9,4,0,0,4,44.44444444444444,미상,미상,미상,미상,미상
증인이택규,증인 이택규,9,3,1,0,4,44.44444444444444,미상,미상,미상,미상,미상
공보부문화선전국장이성철,공보부문화선전국장 이성철,8,3,0,1,4,50.0,미상,미상,미상,미상,미상
기획조정실장최주철,기획조정실장 최주철,8,4,0,0,4,50.0,미상,미상,미상,미상,미상
김정근의원(위원,김정근 의원(위원,8,4,0,0,4,50.0,민주공화당,경북 상주,남,재선,지역구
김종호의원,김종호 의원,8,3,1,0,4,50.0,민주공화당,"강원 속초시,고성,양양",남,재선,지역구
내무부장관구자춘,내무부장관 구자춘,8,2,1,1,4,50.0,미상,미상,미상,미상,미상
농산물검사소대구지소장정태곤,농산물검사소대구지소장 정태곤,8,3,1,0,4,50.0,미상,미상,미상,미상,미상
대한주택공사대지부장윤두훈,대한주택공사대지부장 윤두훈,8,4,0,0,4,50.0,미상,미상,미상,미상,미상
부산지방해운국장신소원,부산지방해운국장 신소원,8,4,0,0,4,50.0,미상,미상,미상,미상,미상
상임위원박희범,상임위원 박희범,8,4,0,0,4,50.0,미상,미상,미상,미상,미상
오세응의원,오세응 의원,8,1,1,2,4,50.0,신민당,"경기 성남,여주,광주,이천",남,7선,지역구
이주일의원,이주일 의원,8,4,0,0,4,50.0,미상,미상,미상,미상,미상
재무부이재국장김창희,재무부이재국장 김창희,8,4,0,0,4,50.0,미상,미상,미상,미상,미상
전라남도내무국장김학중,전라남도내무국장 김학중,8,4,0,0,4,50.0,미상,미상,미상,미상,미상
제주도지사강우준,제주도지사 강우준,8,2,1,1,4,50.0,미상,미상,미상,미상,미상
주토이기대사최영희,주토이기대사 최영희,8,4,0,0,4,50.0,미상,미상,미상,미상,미상
중앙정보부제2국중소과장강인덕,중앙정보부제2국중소과장 강인덕,8,2,0,2,4,50.0,미상,미상,미상,미상,미상
차지철의원,차지철 의원,8,0,1,3,4,50.0,민주공화당,"경기 광주,이천",남,4선,전국구
토지개량조합연합회부회장류성희,토지개량조합연합회부회장 류성희,8,4,0,0,4,50.0,미상,미상,미상,미상,미상
한국광업제련공사업무이사이종,한국광업제련공사업무이사 이종,8,4,0,0,4,50.0,미상,미상,미상,미상,미상
강선규의원,강선규 의원,7,3,0,1,4,57.14285714285714,신민당,경남 마산,남,초선,지역구
과학기술처차관이창석,과학기술처차관 이창석,7,4,0,0,4,57.14285714285714,미상,미상,미상,미상,미상
교통부수로국장전철웅,교통부수로국장 전철웅,7,4,0,0,4,57.14285714285714,미상,미상,미상,미상,미상
국회운영위원장대리김임식,국회운영위원장대리 김임식,7,4,0,0,4,57.14285714285714,민주공화당,부산 진구,남,4선,지역구
나석호의원,나석호 의원,7,1,0,3,4,57.14285714285714,신민당,전남 나주,남,3선,지역구
대통령비서실총무비서관안광석,대통령비서실총무비서관 안광석,7,4,0,0,4,57.14285714285714,미상,미상,미상,미상,미상
대한준설공사전무이사이승우,대한준설공사전무이사 이승우,7,4,0,0,4,57.14285714285714,미상,미상,미상,미상,미상
류창렬위원,류창렬 위원,7,2,0,2,4,57.14285714285714,미상,미상,미상,미상,미상
부사장전민제,부사장 전민제,7,4,0,0,4,57.14285714285714,미상,미상,미상,미상,미상
부산직할시경찰국장최두열,부산직할시경찰국장 최두열,7,3,0,1,4,57.14285714285714,미상,미상,미상,미상,미상
수산청어정국장조영제,수산청어정국장 조영제,7,4,0,0,4,57.14285714285714,미상,미상,미상,미상,미상
유병현의원,유병현 의원,7,4,0,0,4,57.14285714285714,미상,미상,미상,미상,미상
육군참모총장김계원,육군참모총장 김계원,7,3,0,1,4,57.14285714285714,미상,미상,미상,미상,미상
임업시험장장이승윤,임업시험장장 이승윤,7,4,0,0,4,57.14285714285714,미상,미상,미상,미상,미상
장덕진의원(서울),장덕진 의원(서울),7,2,0,2,4,57.14285714285714,민주공화당,서울 영등포구갑,남,초선,지역구
전남대학교의과대학부속병원장김기창,전남대학교의과대학부속병원장 김기창,7,4,0,0,4,57.14285714285714,미상,미상,미상,미상,미상
전라북도내무국장이인철,전라북도내무국장 이인철,7,4,0,0,4,57.14285714285714,미상,미상,미상,미상,미상
전매청기획관리관임영득,전매청기획관리관 임영득,7,4,0,0,4,57.14285714285714,미상,미상,미상,미상,미상
주일본대사김동조,주일본대사 김동조,7,2,0,2,4,57.14285714285714,미상,미상,미상,미상,미상
증인심상선,증인 심상선,7,4,0,0,4,57.14285714285714,미상,미상,미상,미상,미상
철도청기획관리관윤종혁,철도청기획관리관 윤종혁,7,4,0,0,4,57.14285714285714,미상,미상,미상,미상,미상
체신부전무국장이우현,체신부전무국장 이우현,7,4,0,0,4,57.14285714285714,민주공화당,"강원 횡성,평창군",남,재선,지역구
특허국장서동운,특허국장 서동운,7,4,0,0,4,57.14285714285714,미상,미상,미상,미상,미상
경제기획원기획조정관이종환,경제기획원기획조정관 이종환,6,4,0,0,4,66.66666666666666,미상,미상,미상,미상,미상
공보부방송관리국장이홍수,공보부방송관리국장 이홍수,6,4,0,0,4,66.66666666666666,미상,미상,미상,미상,미상
교통부장관최경록,교통부장관 최경록,6,3,0,1,4,66.66666666666666,미상,미상,미상,미상,미상
김중한의원(위원,김중한 의원(위원,6,4,0,0,4,66.66666666666666,민주공화당,"경북 청송,영덕",남,초선,지역구
농업진흥공사강원도지사장김태규,농업진흥공사강원도지사장 김태규,6,4,0,0,4,66.66666666666666,미상,미상,미상,미상,미상
박순천의원,박순천 의원,6,2,0,2,4,66.66666666666666,민주당,서울 마포구,여,5선,지역구
부산공작창장조성호,부산공작창장 조성호,6,4,0,0,4,66.66666666666666,미상,미상,미상,미상,미상
부산시장김현옥,부산시장 김현옥,6,4,0,0,4,66.66666666666666,미상,미상,미상,미상,미상
수산청기획관리관안명남,수산청기획관리관 안명남,6,4,0,0,4,66.66666666666666,미상,미상,미상,미상,미상
원자력연구소소장성좌경,원자력연구소소장 성좌경,6,4,0,0,4,66.66666666666666,미상,미상,미상,미상,미상
육인수의원,육인수 의원,6,3,0,1,4,66.66666666666666,민주공화당,"충북 보은,옥천군",남,5선,지역구
이백일의원(위원,이백일 의원(위원,6,3,0,1,4,66.66666666666666,민주공화당,"경기 여주,양평군",남,재선,지역구
이재한위원,이재한 위원,6,4,0,0,4,66.66666666666666,미상,미상,미상,미상,미상
이현재의원(위원,이현재 의원(위원,6,4,0,0,4,66.66666666666666,민주공화당,"전남 광양,구례군",남,초선,지역구
재무부기획관리실장유길상,재무부기획관리실장 유길상,6,4,0,0,4,66.66666666666666,미상,미상,미상,미상,미상
중앙선거관리위원회총무과장이긍호,중앙선거관리위원회총무과장 이긍호,6,4,0,0,4,66.66666666666666,미상,미상,미상,미상,미상
최세경위원,최세경 위원,6,2,0,2,4,66.66666666666666,민주공화당,경남 삼천포 사천,남,재선,지역구
충청남도부지사하형모,충청남도부지사 하형모,6,4,0,0,4,66.66666666666666,미상,미상,미상,미상,미상
한국해양대학교서무과장전용인,한국해양대학교서무과장 전용인,6,4,0,0,4,66.66666666666666,미상,미상,미상,미상,미상
행정개혁조사위원회위원장이석제,행정개혁조사위원회위원장 이석제,6,4,0,0,4,66.66666666666666,미상,미상,미상,미상,미상
강근호의원,강근호 의원,5,2,0,2,4,80.0,신민당,"전북 군산시,옥구",남,초선,지역구
국무총리비서실장임윤영,국무총리비서실장 임윤영,5,4,0,0,4,80.0,미상,미상,미상,미상,미상
국방위원장대리한상준,국방위원장대리 한상준,5,3,1,0,4,80.0,민주공화당,"전북 임실군,순창군",남,3선,지역구
김두한의원,김두한 의원,5,2,2,0,4,80.0,한국독립당,서울 용산구,남,재선,지역구
김승목의원,김승목 의원,5,2,0,2,4,80.0,신민당,부산 동구,남,3선,지역구
농림부농업생산국장채관식,농림부농업생산국장 채관식,5,4,0,0,4,80.0,미상,미상,미상,미상,미상
농수산부장관이희일,농수산부장관 이희일,5,3,0,1,4,80.0,미상,미상,미상,미상,미상
농수산부장관장덕진,농수산부장관 장덕진,5,4,0,0,4,80.0,미상,미상,미상,미상,미상
대한석탄공사총재김효영,대한석탄공사총재 김효영,5,4,0,0,4,80.0,미상,미상,미상,미상,미상
류갑종의원,류갑종 의원,5,0,1,3,4,80.0,신민당,전북 정읍,남,재선,지역구
배길도의원,배길도 의원,5,4,0,0,4,80.0,민주공화당,전남 무안,남,재선,지역구
법무부법무국장이경호,법무부법무국장 이경호,5,1,2,1,4,80.0,미상,미상,미상,미상,미상
보건사회부장관홍성철,보건사회부장관 홍성철,5,2,0,2,4,80.0,미상,미상,미상,미상,미상
상공위원장대리정태성,상공위원장대리 정태성,5,3,0,1,4,80.0,민주공화당,충북 청주,남,재선,지역구
소위원회위원장박두선,소위원회위원장 박두선,5,4,0,0,4,80.0,민주공화당,전북 정읍,남,초선,지역구
양순직의원,양순직 의원,5,2,0,2,4,80.0,민주공화당,충남 논산,남,3선,지역구
양찬우의원,양찬우 의원,5,2,0,2,4,80.0,민주공화당,부산 동래구,남,4선,전국구
이택돈의원,이택돈 의원,5,2,0,2,4,80.0,신민당,경기 시흥시,남,4선,지역구
장경순의원,장경순 의원,5,3,1,0,4,80.0,민주공화당,전북 김제,남,5선,지역구
재무부장관김원기,재무부장관 김원기,5,2,0,2,4,80.0,신민당,"전북 정읍시,김제군",남,6선,지역구
전라남도경찰국장정상천,전라남도경찰국장 정상천,5,2,1,1,4,80.0,미상,미상,미상,미상,미상
전매청관리국장류길상,전매청관리국장 류길상,5,4,0,0,4,80.0,미상,미상,미상,미상,미상
중소기업은행전무이사김홍경,중소기업은행전무이사 김홍경,5,4,0,0,4,80.0,미상,미상,미상,미상,미상
중소기업협동조합중앙회회장김봉재,중소기업협동조합중앙회회장 김봉재,5,2,0,2,4,80.0,미상,미상,미상,미상,미상
최두고의원(위원,최두고 의원(위원,5,4,0,0,4,80.0,민주공화당,부산 진구을,남,재선,지역구
최영철의원,최영철 의원,5,1,2,1,4,80.0,유신정우회,미상,남,4선,통일주체국민회의
건설부장관고재일,건설부장관 고재일,4,4,0,0,4,100.0,미상,미상,미상,미상,미상
건설위원장대리류승원,건설위원장대리 류승원,4,3,0,1,4,100.0,미상,미상,미상,미상,미상
건설위원장대리장치훈,건설위원장대리 장치훈,4,3,0,1,4,100.0,신민당,미상,남,초선,전국구
공보부기획관리실장민유동,공보부기획관리실장 민유동,4,4,0,0,4,100.0,미상,미상,미상,미상,미상
공보부조사국장이용상,공보부조사국장 이용상,4,2,0,2,4,100.0,미상,미상,미상,미상,미상
교통부기획관리실주사김창원,교통부기획관리실주사 김창원,4,4,0,0,4,100.0,미상,미상,미상,미상,미상
국토통일원차관이규학,국토통일원차관 이규학,4,2,1,1,4,100.0,미상,미상,미상,미상,미상
김도연의원,김도연 의원,4,0,0,4,4,100.0,자유민주당,미상,남,6선,전국구
김병윤위원,김병윤 위원,4,4,0,0,4,100.0,민주공화당,"경북 포항시,울릉군",남,초선,지역구
김상진의원,김상진 의원,4,1,0,3,4,100.0,신민당,부산 영도구,남,3선,지역구
김용성의원,김용성 의원,4,0,0,4,4,100.0,신민당,미상,남,3선,전국구
김유탁의원,김유탁 의원,4,3,0,1,4,100.0,민주공화당,"경기 고양시,김포,강화군",남,4선,지역구
김윤덕의원,김윤덕 의원,4,1,0,3,4,100.0,신민당,"전남 광산,나주",여,3선,지역구
내무위원장대리박주현,내무위원장대리 박주현,4,4,0,0,4,100.0,민주공화당,"경북 경산시,청도군",남,재선,지역구
내무위원장대리임병수,내무위원장대리 임병수,4,2,0,2,4,100.0,민주공화당,"제주 제주,북제주군",남,초선,지역구
대통령비서실총무비서관고재일,대통령비서실총무비서관 고재일,4,4,0,0,4,100.0,미상,미상,미상,미상,미상
대한주택공사전무이사이용철,대한주택공사전무이사 이용철,4,3,1,0,4,100.0,미상,미상,미상,미상,미상
문교부차관조성옥,문교부차관 조성옥,4,3,0,1,4,100.0,미상,미상,미상,미상,미상
박명근의원,박명근 의원,4,1,0,3,4,100.0,민주공화당,"경기 의정부시,양주,파주군",남,4선,지역구
부총리남덕우,부총리 남덕우,4,3,0,1,4,100.0,미상,미상,미상,미상,미상
상공부차관심의환,상공부차관 심의환,4,4,0,0,4,100.0,미상,미상,미상,미상,미상
서인석의원,서인석 의원,4,2,0,2,4,100.0,민주공화당,미상,남,재선,전국구
양해준의원,양해준 의원,4,3,0,1,4,100.0,신민당,전북 남원,남,재선,지역구
연주흠위원,연주흠 위원,4,3,0,1,4,100.0,신민당,미상,남,초선,전국구
의장고문박동묘,의장고문 박동묘,4,4,0,0,4,100.0,미상,미상,미상,미상,미상
이대우의원,이대우 의원,4,1,1,2,4,100.0,신민당,미상,남,초선,전국구
이도선의원,이도선 의원,4,2,0,2,4,100.0,유신정우회,"전남 여수시,광양,여천군",남,4선,통일주체국민회의
이승윤의원,이승윤 의원,4,0,0,4,4,100.0,유신정우회,미상,남,4선,통일주체국민회의
이철승의원,이철승 의원,4,0,0,4,4,100.0,신민당,전북 전주,남,7선,지역구
임갑수의원,임갑수 의원,4,1,0,3,4,100.0,민주공화당,부산 동래구,남,초선,지역구
임종기의원,임종기 의원,4,4,0,0,4,100.0,신민당,전남 무안군,남,4선,지역구
장승태의원(위원,장승태 의원(위원,4,3,0,1,4,100.0,민주공화당,"강원 영월,정선군",남,4선,지역구
재정경제위원장대리이재만,재정경제위원장대리 이재만,4,4,0,0,4,100.0,민주공화당,경남 밀양,남,초선,지역구
정감찰관,정 감찰관,4,4,0,0,4,100.0,미상,미상,미상,미상,미상
정무식위원,정무식 위원,4,2,1,1,4,100.0,민주공화당,경북 영일군,남,재선,지역구
제3소위원장김정근,제3소위원장 김정근,4,3,0,1,4,100.0,민주공화당,경북 상주,남,재선,지역구
주일대사김동조,주일대사 김동조,4,1,0,3,4,100.0,미상,미상,미상,미상,미상
중앙선거관리위원회위원장주재황,중앙선거관리위원회위원장 주재황,4,3,0,1,4,100.0,미상,미상,미상,미상,미상
체신부전기통신시험소장최원식,체신부전기통신시험소장 최원식,4,4,0,0,4,100.0,미상,미상,미상,미상,미상
최재구의원,최재구 의원,4,3,0,1,4,100.0,민주공화당,경남 충무.통영.고성.거제,남,4선,지역구
최치환의원,최치환 의원,4,4,0,0,4,100.0,민주공화당,경남 남해군,남,5선,지역구
증인홍순창,증인 홍순창,643,3,0,0,3,0.46656298600311047,미상,미상,미상,미상,미상
위원장대리진형하,위원장대리 진형하,353,3,0,0,3,0.84985835694051,신민당,충남 대전,남,3선,지역구
증인우제인,증인 우제인,344,0,3,0,3,0.872093023255814,미상,미상,미상,미상,미상
증인안치연,증인 안치연,233,3,0,0,3,1.2875536480686696,미상,미상,미상,미상,미상
사회자,사회자,213,2,0,1,3,1.4084507042253522,미상,미상,미상,미상,미상
위원장이재형,위원장 이재형,195,2,1,0,3,1.5384615384615385,신민당,미상,남,7선,전국구
증인박희춘,증인 박희춘,176,3,0,0,3,1.7045454545454544,미상,미상,미상,미상,미상
증인김영동,증인 김영동,173,3,0,0,3,1.7341040462427744,미상,미상,미상,미상,미상
증인오혁종,증인 오혁종,164,1,2,0,3,1.8292682926829267,미상,미상,미상,미상,미상
참고인이택규,참고인 이택규,138,3,0,0,3,2.1739130434782608,미상,미상,미상,미상,미상
증인곽성준,증인 곽성준,131,3,0,0,3,2.2900763358778624,미상,미상,미상,미상,미상
위원장이동원,위원장 이동원,123,3,0,0,3,2.4390243902439024,민주공화당,미상,남,4선,전국구
위원장대리이동진,위원장대리 이동진,108,3,0,0,3,2.7777777777777777,민주공화당,충북 영동군,남,3선,지역구
증인황석규,증인 황석규,105,3,0,0,3,2.857142857142857,미상,미상,미상,미상,미상
증인문응국,증인 문응국,90,2,1,0,3,3.3333333333333335,미상,미상,미상,미상,미상
증인이수태,증인 이수태,90,3,0,0,3,3.3333333333333335,미상,미상,미상,미상,미상
위원장대리박한상,위원장대리 박한상,72,3,0,0,3,4.166666666666666,민정당,서울 영등포구을,남,6선,지역구
증인김해수,증인 김해수,70,3,0,0,3,4.285714285714286,미상,미상,미상,미상,미상
증인장송주,증인 장송주,68,3,0,0,3,4.411764705882353,미상,미상,미상,미상,미상
반장김인,반장 김인,63,3,0,0,3,4.761904761904762,민주공화당,경북 상주,남,초선,지역구
반장대리김유탁,반장대리 김유탁,63,3,0,0,3,4.761904761904762,민주공화당,미상,남,4선,전국구
위원장대리강문봉,위원장대리 강문봉,62,2,1,0,3,4.838709677419355,민정당,미상,남,재선,전국구
증인조태영,증인 조태영,62,1,2,0,3,4.838709677419355,미상,미상,미상,미상,미상
증인안주겸,증인 안주겸,45,2,1,0,3,6.666666666666667,미상,미상,미상,미상,미상
소위원장옥조남,소위원장 옥조남,44,0,3,0,3,6.8181818181818175,민주공화당,"경기 시흥,부천,옹진군",남,초선,지역구
증인최영철,증인 최영철,44,1,1,1,3,6.8181818181818175,미상,미상,미상,미상,미상
문교부고등교육국대학교육과장육진성,문교부고등교육국대학교육과장 육진성,41,3,0,0,3,7.317073170731707,미상,미상,미상,미상,미상
반장대리김주인,반장대리 김주인,40,3,0,0,3,7.5,민주공화당,경남 거제,남,4선,지역구
국립보건원장윤유선,국립보건원장 윤유선,39,3,0,0,3,7.6923076923076925,미상,미상,미상,미상,미상
반장김용호,반장 김용호,39,2,1,0,3,7.6923076923076925,민주공화당,강원 원주시원성군,남,4선,지역구
재무부사세국장직무대리배숙,재무부사세국장직무대리 배숙,38,3,0,0,3,7.894736842105263,미상,미상,미상,미상,미상
증인김영삼,증인 김영삼,38,0,2,1,3,7.894736842105263,신민당,부산 서구,남,9선,지역구
서기관이귀원,서기관 이귀원,37,1,2,0,3,8.108108108108109,미상,미상,미상,미상,미상
위원장대리신동욱,위원장대리 신동욱,37,3,0,0,3,8.108108108108109,민주공화당,미상,남,초선,전국구
증인김준연,증인 김준연,36,2,1,0,3,8.333333333333332,자유민주당,전남 영암군강진군,남,5선,지역구
서기관한병일,서기관 한병일,35,3,0,0,3,8.571428571428571,미상,미상,미상,미상,미상
위원장대리한건수,위원장대리 한건수,34,1,2,0,3,8.823529411764707,국민의당,충남 예산군,남,4선,지역구
김자문,김 자문,33,2,0,1,3,9.090909090909092,미상,미상,미상,미상,미상
소공세무서장배흥열,소공세무서장 배흥열,33,3,0,0,3,9.090909090909092,미상,미상,미상,미상,미상
윤치영위원,윤치영 위원,32,0,3,0,3,9.375,민주공화당,미상,남,4선,전국구
이사장이동수,이사장 이동수,32,3,0,0,3,9.375,미상,미상,미상,미상,미상
증인양규선,증인 양규선,32,3,0,0,3,9.375,미상,미상,미상,미상,미상
외무부총무과장김진홍,외무부총무과장 김진홍,31,3,0,0,3,9.67741935483871,미상,미상,미상,미상,미상
증인강병한,증인 강병한,31,1,2,0,3,9.67741935483871,미상,미상,미상,미상,미상
세무서장차용극,세무서장 차용극,30,3,0,0,3,10.0,미상,미상,미상,미상,미상
참고인민복기,참고인 민복기,30,3,0,0,3,10.0,미상,미상,미상,미상,미상
민병권의원,민병권 의원,29,1,0,2,3,10.344827586206897,민주공화당,"경남 함양,거창군",남,4선,지역구
증권거래소이사장김영근,증권거래소이사장 김영근,29,3,0,0,3,10.344827586206897,미상,미상,미상,미상,미상
토지개량조합연합회부회장박기연,토지개량조합연합회부회장 박기연,29,3,0,0,3,10.344827586206897,미상,미상,미상,미상,미상
민기식위원,민기식 위원,28,3,0,0,3,10.714285714285714,민주공화당,충북 청원군,남,3선,지역구
서기관최흥준,서기관 최흥준,28,3,0,0,3,10.714285714285714,미상,미상,미상,미상,미상
상공부공업제2국조선과장김철수,상공부공업제2국조선과장 김철수,27,3,0,0,3,11.11111111111111,미상,미상,미상,미상,미상
서울세관감시국장이안해,서울세관감시국장 이안해,27,1,2,0,3,11.11111111111111,미상,미상,미상,미상,미상
예춘호위원,예춘호 위원,27,2,1,0,3,11.11111111111111,민주공화당,부산 영도구,남,3선,지역구
교통부육운국장이용걸,교통부육운국장 이용걸,26,3,0,0,3,11.538461538461538,미상,미상,미상,미상,미상
증인신소원,증인 신소원,26,3,0,0,3,11.538461538461538,미상,미상,미상,미상,미상
반장대리김형일,반장대리 김형일,25,3,0,0,3,12.0,신민당,경기 화성,남,4선,지역구
외무부의전실장이범석,외무부의전실장 이범석,25,3,0,0,3,12.0,미상,미상,미상,미상,미상
증인김경수,증인 김경수,25,1,2,0,3,12.0,미상,미상,미상,미상,미상
서울특별시관광운수국장안영기,서울특별시관광운수국장 안영기,24,3,0,0,3,12.5,미상,미상,미상,미상,미상
참고인이용훈,참고인 이용훈,24,1,0,2,3,12.5,미상,미상,미상,미상,미상
교통부육운국장민영환,교통부육운국장 민영환,23,3,0,0,3,13.043478260869565,미상,미상,미상,미상,미상
외무부구미국장장상문,외무부구미국장 장상문,23,1,1,1,3,13.043478260869565,미상,미상,미상,미상,미상
김상흠의원(위원,김상흠 의원(위원,22,3,0,0,3,13.636363636363635,신민당,전북 고창군,남,재선,지역구
법사위원장대리길재호,법사위원장대리 길재호,22,3,0,0,3,13.636363636363635,미상,미상,미상,미상,미상
부의장이,부의장 이,22,2,1,0,3,13.636363636363635,미상,미상,미상,미상,미상
재무부장관제안이유,재무부장관 제안이유,22,3,0,0,3,13.636363636363635,미상,미상,미상,미상,미상
출장,출장,22,2,1,0,3,13.636363636363635,미상,미상,미상,미상,미상
충주비료주식회사공장장김영생,충주비료주식회사공장장 김영생,22,2,1,0,3,13.636363636363635,미상,미상,미상,미상,미상
건설부도로국장서영관,건설부도로국장 서영관,21,3,0,0,3,14.285714285714285,미상,미상,미상,미상,미상
농업협동조합중앙회경상북도지부장김동연,농업협동조합중앙회경상북도지부장 김동연,21,3,0,0,3,14.285714285714285,미상,미상,미상,미상,미상
상공부공업제1국장유각종,상공부공업제1국장 유각종,21,3,0,0,3,14.285714285714285,미상,미상,미상,미상,미상
지점장백윤석,지점장 백윤석,21,3,0,0,3,14.285714285714285,미상,미상,미상,미상,미상
농협중앙회충남지부장이정수,농협중앙회충남지부장 이정수,20,2,0,1,3,15.0,미상,미상,미상,미상,미상
재무부세제국제2과장임영득,재무부세제국제2과장 임영득,20,2,1,0,3,15.0,미상,미상,미상,미상,미상
의장이의,의장 이의,19,3,0,0,3,15.789473684210526,미상,미상,미상,미상,미상
인천지방해운국장김정학,인천지방해운국장 김정학,19,1,0,2,3,15.789473684210526,미상,미상,미상,미상,미상
증인유학성,증인 유학성,19,3,0,0,3,15.789473684210526,미상,미상,미상,미상,미상
증인이재화,증인 이재화,19,3,0,0,3,15.789473684210526,미상,미상,미상,미상,미상
대한항공공사경리이사김철조,대한항공공사경리이사 김철조,18,2,1,0,3,16.666666666666664,미상,미상,미상,미상,미상
반장김중한,반장 김중한,18,2,1,0,3,16.666666666666664,민주공화당,"경북 청송,영덕",남,초선,지역구
영월화력발전소장이재숙,영월화력발전소장 이재숙,18,3,0,0,3,16.666666666666664,미상,미상,미상,미상,미상
중소기업은행장정우창,중소기업은행장 정우창,18,3,0,0,3,16.666666666666664,미상,미상,미상,미상,미상
출석감사위원(20인),출석 감사위원(20인),18,3,0,0,3,16.666666666666664,미상,미상,미상,미상,미상
건설부수자원국이수과장전철지,건설부수자원국이수과장 전철지,17,3,0,0,3,17.647058823529413,미상,미상,미상,미상,미상
대구지방국세청장조성훈,대구지방국세청장 조성훈,17,1,1,1,3,17.647058823529413,미상,미상,미상,미상,미상
법무부차관권오병,법무부차관 권오병,17,2,1,0,3,17.647058823529413,미상,미상,미상,미상,미상
영남국토건설국제2과장최보영,영남국토건설국제2과장 최보영,17,3,0,0,3,17.647058823529413,미상,미상,미상,미상,미상
외무부총무과장신기흠,외무부총무과장 신기흠,17,3,0,0,3,17.647058823529413,미상,미상,미상,미상,미상
외무부총무과장이상옥,외무부총무과장 이상옥,17,3,0,0,3,17.647058823529413,미상,미상,미상,미상,미상
한국전력주식회사부산지점장김영익,한국전력주식회사부산지점장 김영익,17,3,0,0,3,17.647058823529413,미상,미상,미상,미상,미상
검찰총장신직수,검찰총장 신직수,16,2,0,1,3,18.75,미상,미상,미상,미상,미상
국방부시설국관재과장송영태,국방부시설국관재과장 송영태,16,1,2,0,3,18.75,미상,미상,미상,미상,미상
서울특별시립중부병원장조한영,서울특별시립중부병원장 조한영,16,2,0,1,3,18.75,미상,미상,미상,미상,미상
공보부공보국장민유동,공보부공보국장 민유동,15,2,1,0,3,20.0,미상,미상,미상,미상,미상
대법원장민복기,대법원장 민복기,15,3,0,0,3,20.0,미상,미상,미상,미상,미상
대한항공공사영업이사김계진,대한항공공사영업이사 김계진,15,3,0,0,3,20.0,미상,미상,미상,미상,미상
소위원장최영두,소위원장 최영두,15,3,0,0,3,20.0,민주공화당,전북 완주,남,초선,지역구
영남국토건설국남강댐공사사무소장이해진,영남국토건설국남강댐공사사무소장 이해진,15,3,0,0,3,20.0,미상,미상,미상,미상,미상
증인김원경,증인 김원경,15,3,0,0,3,20.0,미상,미상,미상,미상,미상
증인박상운,증인 박상운,15,3,0,0,3,20.0,미상,미상,미상,미상,미상
참고인김동철,참고인 김동철,15,2,0,1,3,20.0,미상,미상,미상,미상,미상
충청북도건설국장김약수,충청북도건설국장 김약수,15,3,0,0,3,20.0,미상,미상,미상,미상,미상
한국전력주식회사마산발전소소장최남진,한국전력주식회사마산발전소소장 최남진,15,3,0,0,3,20.0,미상,미상,미상,미상,미상
관광공사총재오재경,관광공사총재 오재경,14,3,0,0,3,21.428571428571427,미상,미상,미상,미상,미상
반장대리류청,반장대리 류청,14,2,0,1,3,21.428571428571427,미상,미상,미상,미상,미상
사장임원석,사장 임원석,14,3,0,0,3,21.428571428571427,미상,미상,미상,미상,미상
서울특별시교육위원회관리국장정재인,서울특별시교육위원회관리국장 정재인,14,3,0,0,3,21.428571428571427,미상,미상,미상,미상,미상
세관장김경식,세관장 김경식,14,3,0,0,3,21.428571428571427,미상,미상,미상,미상,미상
외무부장관최덕신,외무부장관 최덕신,14,3,0,0,3,21.428571428571427,미상,미상,미상,미상,미상
원자력원사무국장이동준,원자력원사무국장 이동준,14,3,0,0,3,21.428571428571427,미상,미상,미상,미상,미상
농림부축산국장박남순,농림부축산국장 박남순,13,3,0,0,3,23.076923076923077,미상,미상,미상,미상,미상
대구지방국세청장차동근,대구지방국세청장 차동근,13,2,0,1,3,23.076923076923077,미상,미상,미상,미상,미상
대한재보험공사사장이양호,대한재보험공사사장 이양호,13,2,0,1,3,23.076923076923077,미상,미상,미상,미상,미상
법무부장관이선중,법무부장관 이선중,13,3,0,0,3,23.076923076923077,미상,미상,미상,미상,미상
부산세관장조충훈,부산세관장 조충훈,13,1,1,1,3,23.076923076923077,미상,미상,미상,미상,미상
부산지방원호청장허길,부산지방원호청장 허길,13,3,0,0,3,23.076923076923077,미상,미상,미상,미상,미상
부산철도국장김명익,부산철도국장 김명익,13,3,0,0,3,23.076923076923077,미상,미상,미상,미상,미상
울산정유공장공장장전명석,울산정유공장공장장 전명석,13,3,0,0,3,23.076923076923077,미상,미상,미상,미상,미상
개인세과장임치갑,개인세과장 임치갑,12,3,0,0,3,25.0,미상,미상,미상,미상,미상
대전지방국세청장황화주,대전지방국세청장 황화주,12,3,0,0,3,25.0,미상,미상,미상,미상,미상
대전철도국장차동환,대전철도국장 차동환,12,3,0,0,3,25.0,미상,미상,미상,미상,미상
문교부차관최형규,문교부차관 최형규,12,3,0,0,3,25.0,미상,미상,미상,미상,미상
법무부차관김병화,법무부차관 김병화,12,3,0,0,3,25.0,미상,미상,미상,미상,미상
부산교도소소장권인호,부산교도소소장 권인호,12,2,1,0,3,25.0,미상,미상,미상,미상,미상
원호처차장윤영모,원호처차장 윤영모,12,3,0,0,3,25.0,미상,미상,미상,미상,미상
유수현위원,유수현 위원,12,3,0,0,3,25.0,무소속,전남 광주시갑,남,초선,지역구
광주지방검찰청검사장조태형,광주지방검찰청검사장 조태형,11,2,0,1,3,27.27272727272727,미상,미상,미상,미상,미상
국립농산물검사소장주성규,국립농산물검사소장 주성규,11,3,0,0,3,27.27272727272727,미상,미상,미상,미상,미상
국립부산생사검사소장이옥섭,국립부산생사검사소장 이옥섭,11,2,0,1,3,27.27272727272727,미상,미상,미상,미상,미상
대한주택공사기획부장김희동,대한주택공사기획부장 김희동,11,3,0,0,3,27.27272727272727,미상,미상,미상,미상,미상
법무부장관배영호,법무부장관 배영호,11,1,2,0,3,27.27272727272727,미상,미상,미상,미상,미상
소위원장송한철,소위원장 송한철,11,3,0,0,3,27.27272727272727,민주공화당,"경북 성주,칠곡군",남,재선,지역구
위원장대리김창근,위원장대리 김창근,11,3,0,0,3,27.27272727272727,민주공화당,"경북 영주,봉화군",남,4선,지역구
이종극의원(위원,이종극 의원(위원,11,3,0,0,3,27.27272727272727,민주공화당,미상,남,초선,전국구
전매청기획관리관류홍택,전매청기획관리관 류홍택,11,3,0,0,3,27.27272727272727,신민당,미상,남,3선,전국구
경기도직업재활원장최창룡,경기도직업재활원장 최창룡,10,3,0,0,3,30.0,미상,미상,미상,미상,미상
경상남도지사이기수,경상남도지사 이기수,10,3,0,0,3,30.0,미상,미상,미상,미상,미상
경제기획원경제기획국장우용해,경제기획원경제기획국장 우용해,10,3,0,0,3,30.0,미상,미상,미상,미상,미상
공군참모총장장지량,공군참모총장 장지량,10,0,1,2,3,30.0,미상,미상,미상,미상,미상
교통체신위원장대리황재홍,교통체신위원장대리 황재홍,10,3,0,0,3,30.0,민주공화당,"경북 문경시,예천군",남,초선,지역구
국립의료원사무국장오영욱,국립의료원사무국장 오영욱,10,3,0,0,3,30.0,미상,미상,미상,미상,미상
내무위원장대리이상희,내무위원장대리 이상희,10,3,0,0,3,30.0,민주공화당,충남 서산,남,재선,지역구
농림부농지국장이정하,농림부농지국장 이정하,10,3,0,0,3,30.0,미상,미상,미상,미상,미상
대한석유공사기술담당이사전민제,대한석유공사기술담당이사 전민제,10,3,0,0,3,30.0,미상,미상,미상,미상,미상
대한석유공사기술이사전민제,대한석유공사기술이사 전민제,10,3,0,0,3,30.0,미상,미상,미상,미상,미상
대한중석광업주식회사기술이사남상조,대한중석광업주식회사기술이사 남상조,10,3,0,0,3,30.0,미상,미상,미상,미상,미상
문교부편수국사무관이찬교,문교부편수국사무관 이찬교,10,3,0,0,3,30.0,미상,미상,미상,미상,미상
민영남의원(위원,민영남 의원(위원,10,3,0,0,3,30.0,무소속,전남 해남군,남,재선,지역구
보건사회부방역과장한상태,보건사회부방역과장 한상태,10,2,1,0,3,30.0,미상,미상,미상,미상,미상
사세국장김동수,사세국장 김동수,10,3,0,0,3,30.0,미상,미상,미상,미상,미상
심봉섭의원,심봉섭 의원,10,2,0,1,3,30.0,신민당,"경북 경주,월성군",남,초선,지역구
워커힐지배인장현수,워커힐지배인 장현수,10,2,0,1,3,30.0,미상,미상,미상,미상,미상
재무부기획조정관이철승,재무부기획조정관 이철승,10,2,1,0,3,30.0,미상,미상,미상,미상,미상
재무부외환국외환계장정인용,재무부외환국외환계장 정인용,10,3,0,0,3,30.0,미상,미상,미상,미상,미상
재무부이재국장명동근,재무부이재국장 명동근,10,3,0,0,3,30.0,미상,미상,미상,미상,미상
해사행정특별심의위원장김동배,해사행정특별심의위원장 김동배,10,3,0,0,3,30.0,미상,미상,미상,미상,미상
건설부법무관남덕현,건설부법무관 남덕현,9,3,0,0,3,33.33333333333333,미상,미상,미상,미상,미상
경상남도부지사조병규,경상남도부지사 조병규,9,3,0,0,3,33.33333333333333,미상,미상,미상,미상,미상
교통체신위원장대리김성두,교통체신위원장대리 김성두,9,3,0,0,3,33.33333333333333,유신정우회,미상,남,재선,통일주체국민회의
국립수산진흥원장이봉래,국립수산진흥원장 이봉래,9,3,0,0,3,33.33333333333333,미상,미상,미상,미상,미상
김포세관장김경식,김포세관장 김경식,9,2,1,0,3,33.33333333333333,미상,미상,미상,미상,미상
노재필의원(위원,노재필 의원(위원,9,3,0,0,3,33.33333333333333,민주공화당,"경남 양산,동래군",남,재선,지역구
문교부장관황산덕,문교부장관 황산덕,9,3,0,0,3,33.33333333333333,미상,미상,미상,미상,미상
박준규의원,박준규 의원,9,0,0,3,3,33.33333333333333,민주공화당,"경북 달성,경산,고령군",남,9선,지역구
반장대리이종근,반장대리 이종근,9,2,0,1,3,33.33333333333333,민주공화당,미상,남,6선,전국구
법제처차장유민상,법제처차장 유민상,9,3,0,0,3,33.33333333333333,미상,미상,미상,미상,미상
서부아프리카방문친선사절단장최두선,서부아프리카방문친선사절단장 최두선,9,3,0,0,3,33.33333333333333,미상,미상,미상,미상,미상
순천철도국장김영호,순천철도국장 김영호,9,2,0,1,3,33.33333333333333,미상,미상,미상,미상,미상
외무부아주국교민과장김정극,외무부아주국교민과장 김정극,9,2,1,0,3,33.33333333333333,미상,미상,미상,미상,미상
운기위장오치성,운기위장 오치성,9,3,0,0,3,33.33333333333333,미상,미상,미상,미상,미상
이종순의원,이종순 의원,9,3,0,0,3,33.33333333333333,민주공화당,부산 동구,남,초선,지역구
전남대학교총장박하욱,전남대학교총장 박하욱,9,3,0,0,3,33.33333333333333,미상,미상,미상,미상,미상
중앙시청각교육원관리과장이용걸,중앙시청각교육원관리과장 이용걸,9,3,0,0,3,33.33333333333333,미상,미상,미상,미상,미상
채문식위원,채문식 위원,9,2,0,1,3,33.33333333333333,신민당,미상,남,6선,전국구
청원인석만석,청원인 석만석,9,1,1,1,3,33.33333333333333,미상,미상,미상,미상,미상
충주비료주식회사장박진석,충주비료주식회사장 박진석,9,3,0,0,3,33.33333333333333,미상,미상,미상,미상,미상
한국지하수개발공사장임원석,한국지하수개발공사장 임원석,9,3,0,0,3,33.33333333333333,미상,미상,미상,미상,미상
황호현의원,황호현 의원,9,2,0,1,3,33.33333333333333,민주공화당,"강원 횡성,평창군",남,3선,지역구
김창근의원,김창근 의원,8,1,0,2,3,37.5,민주공화당,"경북 영주,봉화군",남,4선,지역구
농림위원장대리신영주,농림위원장대리 신영주,8,2,0,1,3,37.5,민주공화당,경남 창녕,남,재선,지역구
농수산위원장대리김충수,농수산위원장대리 김충수,8,3,0,0,3,37.5,유신정우회,미상,남,초선,통일주체국민회의
대전시장이완종,대전시장 이완종,8,3,0,0,3,37.5,미상,미상,미상,미상,미상
류진의원,류진 의원,8,2,1,0,3,37.5,신민당,미상,남,재선,전국구
박병선의원(위원,박병선 의원(위원,8,2,0,1,3,37.5,민주공화당,충남 예산군,남,재선,지역구
박원빈의원,박원빈 의원,8,3,0,0,3,37.5,미상,미상,미상,미상,미상
법무부기획관리실장이두성,법무부기획관리실장 이두성,8,3,0,0,3,37.5,미상,미상,미상,미상,미상
법무부장관김치열,법무부장관 김치열,8,3,0,0,3,37.5,미상,미상,미상,미상,미상
외무부정보문화국외신과장주석환,외무부정보문화국외신과장 주석환,8,3,0,0,3,37.5,미상,미상,미상,미상,미상
원호처직업재활원장조형기,원호처직업재활원장 조형기,8,2,0,1,3,37.5,미상,미상,미상,미상,미상
윤길중의원,윤길중 의원,8,1,1,1,3,37.5,신민당,서울 영등포구정,남,6선,지역구
이종순의원(위원,이종순 의원(위원,8,3,0,0,3,37.5,민주공화당,부산 동구,남,초선,지역구
전매청주계과장백찬기,전매청주계과장 백찬기,8,3,0,0,3,37.5,미상,미상,미상,미상,미상
정대철의원,정대철 의원,8,2,0,1,3,37.5,무소속,"서울 종로,중구",남,5선,지역구
참고인이희승,참고인 이희승,8,1,1,1,3,37.5,자유민주당,충북 충주시중원,남,초선,지역구
철도청자재국장윤희창,철도청자재국장 윤희창,8,2,0,1,3,37.5,미상,미상,미상,미상,미상
최석림의원,최석림 의원,8,1,0,2,3,37.5,민주공화당,"경남 충무,통영,고성군",남,4선,지역구
한국은행감독원장문상철,한국은행감독원장 문상철,8,3,0,0,3,37.5,미상,미상,미상,미상,미상
황인원의원(위원,황인원 의원(위원,8,3,0,0,3,37.5,신민당,"경기 파주,고양군",남,재선,지역구
황호동의원,황호동 의원,8,0,1,2,3,37.5,신민당,"전남 장흥,강진,영암,완도군",남,초선,지역구
감사원장이석제,감사원장 이석제,7,3,0,0,3,42.857142857142854,미상,미상,미상,미상,미상
건설부주택도시국장김학소,건설부주택도시국장 김학소,7,3,0,0,3,42.857142857142854,미상,미상,미상,미상,미상
광주체신청장황현익,광주체신청장 황현익,7,3,0,0,3,42.857142857142854,미상,미상,미상,미상,미상
교통부총무과장이갑녕,교통부총무과장 이갑녕,7,2,1,0,3,42.857142857142854,미상,미상,미상,미상,미상
국립수산진흥원주문진지원장변충규,국립수산진흥원주문진지원장 변충규,7,2,1,0,3,42.857142857142854,미상,미상,미상,미상,미상
국세청기획관리관노용환,국세청기획관리관 노용환,7,3,0,0,3,42.857142857142854,미상,미상,미상,미상,미상
기타출석자,기타 출석자,7,3,0,0,3,42.857142857142854,미상,미상,미상,미상,미상
농림부식산차관보이득룡,농림부식산차관보 이득룡,7,3,0,0,3,42.857142857142854,미상,미상,미상,미상,미상
대구지방국세청장권태호,대구지방국세청장 권태호,7,3,0,0,3,42.857142857142854,미상,미상,미상,미상,미상
문창탁위원,문창탁 위원,7,3,0,0,3,42.857142857142854,민주공화당,미상,남,초선,전국구
문화공보부장관이원경,문화공보부장관 이원경,7,0,0,3,3,42.857142857142854,미상,미상,미상,미상,미상
문화재관리국장허연,문화재관리국장 허연,7,3,0,0,3,42.857142857142854,미상,미상,미상,미상,미상
법무부법무국장이선중,법무부법무국장 이선중,7,1,1,1,3,42.857142857142854,미상,미상,미상,미상,미상
법원행정처장김우영,법원행정처장 김우영,7,3,0,0,3,42.857142857142854,미상,미상,미상,미상,미상
법제사법위원장대리김세배,법제사법위원장대리 김세배,7,3,0,0,3,42.857142857142854,유신정우회,미상,남,3선,통일주체국민회의
서울특별시재무국장김윤환,서울특별시재무국장 김윤환,7,3,0,0,3,42.857142857142854,미상,미상,미상,미상,미상
수산개발공사사장박원빈,수산개발공사사장 박원빈,7,3,0,0,3,42.857142857142854,미상,미상,미상,미상,미상
신관우의원,신관우 의원,7,2,0,1,3,42.857142857142854,민주공화당,충북 청원군,남,초선,지역구
유치송의원,유치송 의원,7,1,0,2,3,42.857142857142854,민정당,경기 평택군,남,5선,지역구
의장고문성창환,의장고문 성창환,7,3,0,0,3,42.857142857142854,미상,미상,미상,미상,미상
임병수의원,임병수 의원,7,0,0,3,3,42.857142857142854,민주공화당,"제주 제주,북제주군",남,초선,지역구
재무부세관국장민영훈,재무부세관국장 민영훈,7,0,3,0,3,42.857142857142854,미상,미상,미상,미상,미상
재무부세정차관보백경복,재무부세정차관보 백경복,7,2,0,1,3,42.857142857142854,미상,미상,미상,미상,미상
재무부차관조충훈,재무부차관 조충훈,7,3,0,0,3,42.857142857142854,미상,미상,미상,미상,미상
참고인심상준,참고인 심상준,7,3,0,0,3,42.857142857142854,미상,미상,미상,미상,미상
최치환의원(위원,최치환 의원(위원,7,2,0,1,3,42.857142857142854,민주공화당,경남 남해군,남,5선,지역구
한국마사회장김동하,한국마사회장 김동하,7,3,0,0,3,42.857142857142854,미상,미상,미상,미상,미상
호남국토건설국장이병칠,호남국토건설국장 이병칠,7,3,0,0,3,42.857142857142854,미상,미상,미상,미상,미상
건설부관리과장전경우,건설부관리과장 전경우,6,3,0,0,3,50.0,미상,미상,미상,미상,미상
경상북도농촌진흥원장정재원,경상북도농촌진흥원장 정재원,6,2,0,1,3,50.0,미상,미상,미상,미상,미상
경제기획원경제기획국장이희일,경제기획원경제기획국장 이희일,6,3,0,0,3,50.0,미상,미상,미상,미상,미상
광주지방원호청장최창용,광주지방원호청장 최창용,6,3,0,0,3,50.0,미상,미상,미상,미상,미상
교통부기획관리실장김준배,교통부기획관리실장 김준배,6,3,0,0,3,50.0,미상,미상,미상,미상,미상
교통부항공국장김두방,교통부항공국장 김두방,6,3,0,0,3,50.0,미상,미상,미상,미상,미상
교통부해운국장김정현,교통부해운국장 김정현,6,2,0,1,3,50.0,미상,미상,미상,미상,미상
국립의료원장안병훈,국립의료원장 안병훈,6,1,0,2,3,50.0,미상,미상,미상,미상,미상
국회운영위원장현오봉,국회운영위원장 현오봉,6,3,0,0,3,50.0,민주공화당,제주 남제주군,남,6선,지역구
금속연료종합연구소장지응업,금속연료종합연구소장 지응업,6,3,0,0,3,50.0,미상,미상,미상,미상,미상
김상흠의원,김상흠 의원,6,2,0,1,3,50.0,신민당,전북 고창군,남,재선,지역구
농업진흥공사충청북도지사장정용선,농업진흥공사충청북도지사장 정용선,6,3,0,0,3,50.0,미상,미상,미상,미상,미상
동립감독관윤차춘,동립감독관 윤차춘,6,3,0,0,3,50.0,미상,미상,미상,미상,미상
문교공보위원장대리김종호,문교공보위원장대리 김종호,6,2,0,1,3,50.0,민주공화당,"강원 속초시,고성,양양",남,재선,지역구
문교부장관박찬현,문교부장관 박찬현,6,2,0,1,3,50.0,유신정우회,"충남 공주,논산군",남,4선,통일주체국민회의
문태준의원,문태준 의원,6,3,0,0,3,50.0,민주공화당,"경북 청송,영덕",남,4선,지역구
민병기의원(위원,민병기 의원(위원,6,3,0,0,3,50.0,민주공화당,미상,남,초선,전국구
보건원장윤유선,보건원장 윤유선,6,3,0,0,3,50.0,미상,미상,미상,미상,미상
부이사관황영근,부이사관 황영근,6,3,0,0,3,50.0,미상,미상,미상,미상,미상
부총리겸경제기획원장관김학렬,부총리겸경제기획원장관 김학렬,6,3,0,0,3,50.0,미상,미상,미상,미상,미상
상공부중앙계량국장이준구,상공부중앙계량국장 이준구,6,3,0,0,3,50.0,미상,미상,미상,미상,미상
서울중앙방송국장김재연,서울중앙방송국장 김재연,6,3,0,0,3,50.0,미상,미상,미상,미상,미상
소위원장이우헌,소위원장 이우헌,6,3,0,0,3,50.0,민주공화당,"전남 여수시,여천군",남,재선,지역구
유승원위원,유승원 위원,6,1,0,2,3,50.0,민주공화당,경기 인천시갑,남,4선,지역구
윤인식의원,윤인식 의원,6,3,0,0,3,50.0,민주공화당,"전남 함평,영광군",남,4선,지역구
은행장김진흥,은행장 김진흥,6,2,0,1,3,50.0,미상,미상,미상,미상,미상
전휴상의원,전휴상 의원,6,3,0,0,3,50.0,민주공화당,"전북 진안,무주,장수",남,4선,지역구
제3관구사령관이준학,제3관구사령관 이준학,6,3,0,0,3,50.0,미상,미상,미상,미상,미상
제주도지사정우식,제주도지사 정우식,6,0,1,2,3,50.0,미상,미상,미상,미상,미상
주태국대사장성환,주태국대사 장성환,6,2,0,1,3,50.0,미상,미상,미상,미상,미상
중소기업은행이사지생업,중소기업은행이사 지생업,6,3,0,0,3,50.0,미상,미상,미상,미상,미상
진형하의원(위원,진형하 의원(위원,6,2,0,1,3,50.0,신민당,충남 대전,남,3선,지역구
차형근의원,차형근 의원,6,1,1,1,3,50.0,민주공화당,"전북 군산시,옥구",남,초선,지역구
총무처장관심흥선,총무처장관 심흥선,6,2,1,0,3,50.0,미상,미상,미상,미상,미상
한국수산개발공사사장이한림,한국수산개발공사사장 이한림,6,3,0,0,3,50.0,미상,미상,미상,미상,미상
한국연극연구원대표유치진,한국연극연구원대표 유치진,6,3,0,0,3,50.0,미상,미상,미상,미상,미상
한태연의원,한태연 의원,6,1,0,2,3,50.0,민주공화당,미상,남,3선,전국구
행정개혁조사위원회위원장이형근,행정개혁조사위원회위원장 이형근,6,3,0,0,3,50.0,미상,미상,미상,미상,미상
강상욱의원,강상욱 의원,5,2,0,1,3,60.0,민주공화당,서울 동대문구,남,재선,지역구
강원도경찰국장최정환,강원도경찰국장 최정환,5,2,0,1,3,60.0,미상,미상,미상,미상,미상
경리국장윤종혁,경리국장 윤종혁,5,3,0,0,3,60.0,미상,미상,미상,미상,미상
경상남도농촌진흥원장이병춘,경상남도농촌진흥원장 이병춘,5,3,0,0,3,60.0,미상,미상,미상,미상,미상
경상북도경찰국장서재근,경상북도경찰국장 서재근,5,2,1,0,3,60.0,미상,미상,미상,미상,미상
국립공업연구소소장이범순,국립공업연구소소장 이범순,5,3,0,0,3,60.0,미상,미상,미상,미상,미상
국방위원장대리황인원,국방위원장대리 황인원,5,2,0,1,3,60.0,신민당,"경기 파주,고양군",남,재선,지역구
국제관광공사부총재신만재,국제관광공사부총재 신만재,5,2,0,1,3,60.0,미상,미상,미상,미상,미상
김정렬의원,김정렬 의원,5,3,0,0,3,60.0,미상,미상,미상,미상,미상
농림부농산국장채관식,농림부농산국장 채관식,5,3,0,0,3,60.0,미상,미상,미상,미상,미상
농촌진흥청장최응상,농촌진흥청장 최응상,5,3,0,0,3,60.0,미상,미상,미상,미상,미상
대한석탄공사생산이사채수갑,대한석탄공사생산이사 채수갑,5,3,0,0,3,60.0,미상,미상,미상,미상,미상
대한철광개발주식회사개발이사전영룡,대한철광개발주식회사개발이사 전영룡,5,3,0,0,3,60.0,미상,미상,미상,미상,미상
류창열의원(계속),류창열 의원(계속),5,1,0,2,3,60.0,미상,미상,미상,미상,미상
민기식의원,민기식 의원,5,2,0,1,3,60.0,민주공화당,충북 청원군,남,3선,지역구
박철위원,박철 위원,5,3,0,0,3,60.0,민주공화당,미상,남,재선,전국구
박태준의원,박태준 의원,5,3,0,0,3,60.0,미상,미상,미상,미상,미상
백남억의원(계속),백남억 의원(계속),5,3,0,0,3,60.0,민주공화당,경북 김천시금릉,남,5선,지역구
상공부광무국장박임숙,상공부광무국장 박임숙,5,3,0,0,3,60.0,미상,미상,미상,미상,미상
상공위원장대리길전식,상공위원장대리 길전식,5,3,0,0,3,60.0,민주공화당,전남 장흥군,남,5선,지역구
상공위원회전문위원이창규,상공위원회전문위원 이창규,5,3,0,0,3,60.0,미상,미상,미상,미상,미상
서울특별시건설국장이기주,서울특별시건설국장 이기주,5,3,0,0,3,60.0,미상,미상,미상,미상,미상
서울특별시경찰국장채원식,서울특별시경찰국장 채원식,5,3,0,0,3,60.0,미상,미상,미상,미상,미상
성창환의장고문,성창환 의장고문,5,3,0,0,3,60.0,미상,미상,미상,미상,미상
소선규의원(위원,소선규 의원(위원,5,3,0,0,3,60.0,무소속,미상,남,4선,전국구
소위원장대리민영남,소위원장대리 민영남,5,3,0,0,3,60.0,무소속,전남 해남군,남,재선,지역구
신영월화력발전소건설사무소장권태휴,신영월화력발전소건설사무소장 권태휴,5,3,0,0,3,60.0,미상,미상,미상,미상,미상
연사신도성,연사 신도성,5,0,1,2,3,60.0,미상,미상,미상,미상,미상
영남화학주식회사사장김창규,영남화학주식회사사장 김창규,5,3,0,0,3,60.0,미상,미상,미상,미상,미상
의장고문곽상수,의장고문 곽상수,5,3,0,0,3,60.0,미상,미상,미상,미상,미상
이용희의원,이용희 의원,5,2,0,1,3,60.0,무소속,"충청북도 보은,옥천,영동군",남,5선,지역구
재무부세관국장임영득,재무부세관국장 임영득,5,2,1,0,3,60.0,미상,미상,미상,미상,미상
재정경제위원장대리김용순,재정경제위원장대리 김용순,5,3,0,0,3,60.0,민주공화당,"경남 사천,하동,삼천포",남,재선,지역구
제1소위원장이동진,제1소위원장 이동진,5,3,0,0,3,60.0,민주공화당,충북 영동군,남,3선,지역구
주불란서대사백선엽,주불란서대사 백선엽,5,3,0,0,3,60.0,미상,미상,미상,미상,미상
주비율빈대사유양수,주비율빈대사 유양수,5,1,1,1,3,60.0,미상,미상,미상,미상,미상
중앙전자계산소장송길영,중앙전자계산소장 송길영,5,3,0,0,3,60.0,미상,미상,미상,미상,미상
채문식의원,채문식 의원,5,0,1,2,3,60.0,신민당,경북 문경군예천군,남,6선,지역구
철도청차장이득용,철도청차장 이득용,5,3,0,0,3,60.0,미상,미상,미상,미상,미상
체신부경리국장이영만,체신부경리국장 이영만,5,3,0,0,3,60.0,미상,미상,미상,미상,미상
한국은행부총재홍용희,한국은행부총재 홍용희,5,3,0,0,3,60.0,미상,미상,미상,미상,미상
한국전력주식회사상무이사이재인,한국전력주식회사상무이사 이재인,5,3,0,0,3,60.0,미상,미상,미상,미상,미상
홍종철의원,홍종철 의원,5,3,0,0,3,60.0,미상,미상,미상,미상,미상
화순광업소장김만곤,화순광업소장 김만곤,5,3,0,0,3,60.0,미상,미상,미상,미상,미상
강원도산재사무국장강찬구,강원도산재사무국장 강찬구,4,3,0,0,3,75.0,미상,미상,미상,미상,미상
건설위원장대리양극필,건설위원장대리 양극필,4,3,0,0,3,75.0,민주공화당,경남 동래,남,초선,지역구
경북대학교부속병원장한동섭,경북대학교부속병원장 한동섭,4,3,0,0,3,75.0,미상,미상,미상,미상,미상
경상남도경찰국장정석모,경상남도경찰국장 정석모,4,2,0,1,3,75.0,미상,미상,미상,미상,미상
국회운영위원장문태준,국회운영위원장 문태준,4,2,0,1,3,75.0,민주공화당,"경북 청송,영덕",남,4선,지역구
김용채의원,김용채 의원,4,2,0,1,3,75.0,민주공화당,"경기 연천,포천,가평,양평군",남,5선,지역구
나석호위원,나석호 위원,4,3,0,0,3,75.0,신민당,전남 나주,남,3선,지역구
노동청한독부산공공직업훈련소장홍종래,노동청한독부산공공직업훈련소장 홍종래,4,3,0,0,3,75.0,미상,미상,미상,미상,미상
문교공보위원장대리육인수,문교공보위원장대리 육인수,4,1,1,1,3,75.0,민주공화당,"충북 보은,옥천군",남,5선,지역구
문화공보부기획관리실장홍경모,문화공보부기획관리실장 홍경모,4,3,0,0,3,75.0,미상,미상,미상,미상,미상
사무관이강려,사무관 이강려,4,2,0,1,3,75.0,미상,미상,미상,미상,미상
상공부공업제2국장신오식,상공부공업제2국장 신오식,4,3,0,0,3,75.0,미상,미상,미상,미상,미상
상공부기획관리실장이우룡,상공부기획관리실장 이우룡,4,3,0,0,3,75.0,미상,미상,미상,미상,미상
상공부사무관임인택,상공부사무관 임인택,4,3,0,0,3,75.0,미상,미상,미상,미상,미상
상공위원장대리정명섭,상공위원장대리 정명섭,4,3,0,0,3,75.0,자유민주당,전남 나주,남,3선,지역구
상공위원장예춘호,상공위원장 예춘호,4,3,0,0,3,75.0,민주공화당,부산 영도구,남,3선,지역구
서무과장박흥국,서무과장 박흥국,4,3,0,0,3,75.0,미상,미상,미상,미상,미상
서울특별시도시계획국장김원하,서울특별시도시계획국장 김원하,4,3,0,0,3,75.0,미상,미상,미상,미상,미상
서울특별시우유협동조합장채영식,서울특별시우유협동조합장 채영식,4,3,0,0,3,75.0,미상,미상,미상,미상,미상
서울특별시재무국장송효정,서울특별시재무국장 송효정,4,2,1,0,3,75.0,미상,미상,미상,미상,미상
신용남의원,신용남 의원,4,2,0,1,3,75.0,민주공화당,전북 고창군,남,초선,지역구
오중열위원,오중열 위원,4,3,0,0,3,75.0,민주공화당,전남 광산,남,초선,지역구
원자력원원자력위원오현위,원자력원원자력위원 오현위,4,3,0,0,3,75.0,미상,미상,미상,미상,미상
유진오의원,유진오 의원,4,2,0,1,3,75.0,신민당,서울 종로구,남,초선,지역구
이돈해의원,이돈해 의원,4,2,0,1,3,75.0,민주공화당,"경기 김포,강화",남,초선,지역구
이원만의원,이원만 의원,4,0,0,3,3,75.0,민주공화당,"경북 대구시,동구",남,3선,지역구
이택희의원,이택희 의원,4,1,0,2,3,75.0,신민당,충북 충주시중원,남,3선,지역구
이해원의원,이해원 의원,4,3,0,0,3,75.0,민주공화당,"충북 충주,중원,제천,단양",남,4선,지역구
재무위원장대리이승윤,재무위원장대리 이승윤,4,2,0,1,3,75.0,유신정우회,미상,남,4선,통일주체국민회의
재정경제위원장대리이남준,재정경제위원장대리 이남준,4,2,1,0,3,75.0,민주공화당,전남 진도군,남,재선,지역구
전매청생산국장권태방,전매청생산국장 권태방,4,3,0,0,3,75.0,미상,미상,미상,미상,미상
전정구의원,전정구 의원,4,3,0,0,3,75.0,민주공화당,미상,남,재선,전국구
정헌조의원,정헌조 의원,4,3,0,0,3,75.0,민주공화당,"전남 함평,영광군",남,재선,지역구
제주도지사권용식,제주도지사 권용식,4,2,0,1,3,75.0,미상,미상,미상,미상,미상
천우사사장전택보,천우사사장 전택보,4,2,0,1,3,75.0,미상,미상,미상,미상,미상
최희송의원,최희송 의원,4,1,2,0,3,75.0,민주당,미상,남,4선,전국구
한국광업제련공사업무담당이사이시형,한국광업제련공사업무담당이사 이시형,4,2,0,1,3,75.0,미상,미상,미상,미상,미상
한국전력주식회사부사장심의섭,한국전력주식회사부사장 심의섭,4,3,0,0,3,75.0,미상,미상,미상,미상,미상
한국전력주식회사부산화력발전소소장김승효,한국전력주식회사부산화력발전소소장 김승효,4,3,0,0,3,75.0,미상,미상,미상,미상,미상
황호현의원(계속),황호현 의원(계속),4,2,1,0,3,75.0,민주공화당,"강원 횡성,평창군",남,3선,지역구
건설부기획관리실장조진희,건설부기획관리실장 조진희,3,3,0,0,3,100.0,미상,미상,미상,미상,미상
건설부장관이낙선,건설부장관 이낙선,3,3,0,0,3,100.0,미상,미상,미상,미상,미상
건설위원장최치환,건설위원장 최치환,3,3,0,0,3,100.0,민주공화당,경남 남해군,남,5선,지역구
경제과학심의회위원주요한,경제과학심의회위원 주요한,3,3,0,0,3,100.0,미상,미상,미상,미상,미상
경제기획원차관이재설,경제기획원차관 이재설,3,3,0,0,3,100.0,미상,미상,미상,미상,미상
경제기획원차관최각규,경제기획원차관 최각규,3,2,0,1,3,100.0,미상,미상,미상,미상,미상
구범모의원,구범모 의원,3,1,0,2,3,100.0,유신정우회,미상,남,재선,통일주체국민회의
국립공업연구소서무과장이필모,국립공업연구소서무과장 이필모,3,3,0,0,3,100.0,미상,미상,미상,미상,미상
권오태의원,권오태 의원,3,0,1,2,3,100.0,무소속,"경북 포항시,영일,영천,울릉군",남,3선,지역구
김동영의원,김동영 의원,3,1,0,2,3,100.0,신민당,"경남 산청,함양,거창군",남,4선,지역구
김성철의원,김성철 의원,3,2,0,1,3,100.0,민주공화당,"전북 이리시,익산군",남,재선,지역구
김유택의원,김유택 의원,3,1,0,2,3,100.0,민주공화당,충북 제천시단양군,남,초선,지역구
김종필의원,김종필 의원,3,1,0,2,3,100.0,민주공화당,충남 부여군,남,9선,지역구
김형일의원(계속),김형일 의원(계속),3,1,2,0,3,100.0,민정당,"경기 수원시,화성군",남,4선,전국구
내무위원장대리김용순,내무위원장대리 김용순,3,2,0,1,3,100.0,민주공화당,"경남 사천,하동,삼천포",남,재선,지역구
노동청전라남도사무소장이규휘,노동청전라남도사무소장 이규휘,3,3,0,0,3,100.0,미상,미상,미상,미상,미상
노승환의원,노승환 의원,3,2,0,1,3,100.0,신민당,서울 마포구,남,5선,지역구
동양석판공업주식회사사장손열호,동양석판공업주식회사사장 손열호,3,3,0,0,3,100.0,미상,미상,미상,미상,미상
류제연의원,류제연 의원,3,1,0,2,3,100.0,미상,미상,미상,미상,미상
문교부차관김증한,문교부차관 김증한,3,3,0,0,3,100.0,미상,미상,미상,미상,미상
문교부차관장인숙,문교부차관 장인숙,3,1,0,2,3,100.0,미상,미상,미상,미상,미상
민병기의원,민병기 의원,3,0,0,3,3,100.0,민주공화당,서울 성동구,남,초선,지역구
박병배의원(계속),박병배 의원(계속),3,1,0,2,3,100.0,신민당,충남 대전,남,5선,지역구
박병효의원,박병효 의원,3,2,1,0,3,100.0,신민당,"전남 여수시,광양,여천군",남,재선,지역구
보건사회위원장대리오원선,보건사회위원장대리 오원선,3,3,0,0,3,100.0,민주공화당,"충북 진천,음성군",남,초선,지역구
상공부광공전차관보이우용,상공부광공전차관보 이우용,3,2,1,0,3,100.0,미상,미상,미상,미상,미상
상공부광무국금속과장김철,상공부광무국금속과장 김철,3,3,0,0,3,100.0,미상,미상,미상,미상,미상
상공부장관정래혁,상공부장관 정래혁,3,2,0,1,3,100.0,미상,미상,미상,미상,미상
상공부장관현재,상공부장관 현재,3,3,0,0,3,100.0,미상,미상,미상,미상,미상
상공위원장대리김성철,상공위원장대리 김성철,3,3,0,0,3,100.0,민주공화당,"전북 이리시,익산군",남,재선,지역구
상공위원장대리함종빈,상공위원장대리 함종빈,3,3,0,0,3,100.0,유신정우회,미상,남,3선,통일주체국민회의
상임위원고승제,상임위원 고승제,3,3,0,0,3,100.0,미상,미상,미상,미상,미상
손주항의원,손주항 의원,3,0,0,3,3,100.0,무소속,"전북 임실,남원,순창군",남,3선,지역구
신광순위원,신광순 위원,3,2,0,1,3,100.0,민주공화당,미상,남,3선,전국구
아세아반공연맹자유센터사무총장고제훈,아세아반공연맹자유센터사무총장 고제훈,3,2,0,1,3,100.0,미상,미상,미상,미상,미상
양정규의원,양정규 의원,3,1,0,2,3,100.0,민주공화당,"제주 제주,북제주군",남,6선,지역구
예산결산특별위원장장승태,예산결산특별위원장 장승태,3,1,0,2,3,100.0,민주공화당,"강원 영월,평창,정선군",남,4선,지역구
외무부차관윤하정,외무부차관 윤하정,3,1,0,2,3,100.0,미상,미상,미상,미상,미상
외무위원장대리송원영,외무위원장대리 송원영,3,0,0,3,3,100.0,신민당,서울 동대문구갑,남,5선,지역구
원자력위원박익수,원자력위원 박익수,3,3,0,0,3,100.0,미상,미상,미상,미상,미상
윤치영의원,윤치영 의원,3,2,0,1,3,100.0,민주공화당,미상,남,4선,전국구
이병희의원(위원,이병희 의원(위원,3,3,0,0,3,100.0,민주공화당,경기 수원,남,7선,지역구
이재부장박봉환,이재부장 박봉환,3,3,0,0,3,100.0,미상,미상,미상,미상,미상
이진희의원,이진희 의원,3,2,0,1,3,100.0,유신정우회,미상,남,초선,통일주체국민회의
이택희위원,이택희 위원,3,3,0,0,3,100.0,신민당,충북 충주시중원,남,3선,지역구
재무부세관국지도과장김이수,재무부세관국지도과장 김이수,3,2,1,0,3,100.0,미상,미상,미상,미상,미상
재정경제위원장대리김영복,재정경제위원장대리 김영복,3,3,0,0,3,100.0,민주공화당,미상,남,초선,전국구
재정경제위원장대리김임식,재정경제위원장대리 김임식,3,3,0,0,3,100.0,민주공화당,부산 진구갑,남,4선,지역구
정간용의원(위원,정간용 의원(위원,3,3,0,0,3,100.0,민주공화당,전남 완도군,남,재선,지역구
정진동의원,정진동 의원,3,2,1,0,3,100.0,민주공화당,경북 예천군,남,재선,지역구
제2소위원장이종순,제2소위원장 이종순,3,3,0,0,3,100.0,민주공화당,부산 동구,남,초선,지역구
조경한의원,조경한 의원,3,2,0,1,3,100.0,민주공화당,"전남 순천시,승주군",남,초선,지역구
철도청경리국장윤종혁,철도청경리국장 윤종혁,3,3,0,0,3,100.0,미상,미상,미상,미상,미상
체신부법무관김창진,체신부법무관 김창진,3,3,0,0,3,100.0,미상,미상,미상,미상,미상
한영수의원,한영수 의원,3,1,0,2,3,100.0,무소속,"충남 서산,당진군",남,5선,지역구
합동참모본부의장김종오,합동참모본부의장 김종오,3,0,3,0,3,100.0,미상,미상,미상,미상,미상
홍익표의원,홍익표 의원,3,2,0,1,3,100.0,민주당,"경기 연천,포천,가평군",남,6선,지역구
출석의원,출석 의원,877,1,1,0,2,0.22805017103762829,미상,미상,미상,미상,미상
증인김약이,증인 김약이,252,1,1,0,2,0.7936507936507936,미상,미상,미상,미상,미상
증인김재국,증인 김재국,251,0,2,0,2,0.796812749003984,미상,미상,미상,미상,미상
증인송이국,증인 송이국,213,2,0,0,2,0.9389671361502347,미상,미상,미상,미상,미상
증인박해조,증인 박해조,206,1,1,0,2,0.9708737864077669,미상,미상,미상,미상,미상
증인정기봉,증인 정기봉,198,1,1,0,2,1.0101010101010102,미상,미상,미상,미상,미상
위원장대리정운갑,위원장대리 정운갑,177,0,2,0,2,1.1299435028248588,신민당,미상,남,5선,전국구
증인이창수,증인 이창수,154,2,0,0,2,1.2987012987012987,미상,미상,미상,미상,미상
증인하정길,증인 하정길,146,1,1,0,2,1.36986301369863,미상,미상,미상,미상,미상
증인최길순,증인 최길순,108,2,0,0,2,1.8518518518518516,미상,미상,미상,미상,미상
증인최종운,증인 최종운,105,0,2,0,2,1.9047619047619049,미상,미상,미상,미상,미상
반장신윤창,반장 신윤창,97,2,0,0,2,2.0618556701030926,민주공화당,미상,남,재선,전국구
증인육지수,증인 육지수,96,2,0,0,2,2.083333333333333,미상,미상,미상,미상,미상
법률공포,법률 공포,87,2,0,0,2,2.2988505747126435,미상,미상,미상,미상,미상
위원장대리박두선,위원장대리 박두선,82,2,0,0,2,2.4390243902439024,민주공화당,전북 정읍,남,초선,지역구
증인이선철,증인 이선철,80,2,0,0,2,2.5,미상,미상,미상,미상,미상
증인김두만,증인 김두만,76,2,0,0,2,2.631578947368421,미상,미상,미상,미상,미상
증인박봉춘,증인 박봉춘,76,2,0,0,2,2.631578947368421,미상,미상,미상,미상,미상
증인임종삼,증인 임종삼,71,2,0,0,2,2.8169014084507045,미상,미상,미상,미상,미상
증인하만정,증인 하만정,68,2,0,0,2,2.941176470588235,미상,미상,미상,미상,미상
증인김인태,증인 김인태,61,1,1,0,2,3.278688524590164,미상,미상,미상,미상,미상
증인이석,증인 이석,61,0,2,0,2,3.278688524590164,미상,미상,미상,미상,미상
청원자김정환,청원자 김정환,59,1,1,0,2,3.389830508474576,미상,미상,미상,미상,미상
증인이봉규,증인 이봉규,58,2,0,0,2,3.4482758620689653,미상,미상,미상,미상,미상
청장장재식,청장 장재식,54,1,1,0,2,3.7037037037037033,미상,미상,미상,미상,미상
출석위원(13인),출석 위원(13인),53,0,2,0,2,3.7735849056603774,미상,미상,미상,미상,미상
증인임기순,증인 임기순,50,1,1,0,2,4.0,미상,미상,미상,미상,미상
증인주관중,증인 주관중,50,2,0,0,2,4.0,미상,미상,미상,미상,미상
문화재관리국관리과장박상인,문화재관리국관리과장 박상인,46,1,1,0,2,4.3478260869565215,미상,미상,미상,미상,미상
증인김영목,증인 김영목,45,2,0,0,2,4.444444444444445,미상,미상,미상,미상,미상
출석감사위원(10인),출석 감사위원(10인),44,1,1,0,2,4.545454545454546,미상,미상,미상,미상,미상
증인엄병건,증인 엄병건,41,0,1,1,2,4.878048780487805,미상,미상,미상,미상,미상
홍익회전무이사이희권,홍익회전무이사 이희권,41,2,0,0,2,4.878048780487805,미상,미상,미상,미상,미상
증인우상덕,증인 우상덕,40,2,0,0,2,5.0,미상,미상,미상,미상,미상
신옥철위원,신옥철 위원,38,2,0,0,2,5.263157894736842,민주공화당,"강원 춘천,춘성",남,초선,지역구
임시위원장이정래,임시위원장 이정래,38,0,2,0,2,5.263157894736842,신민당,전남 보성군,남,3선,지역구
청장최기연,청장 최기연,38,1,1,0,2,5.263157894736842,미상,미상,미상,미상,미상
한국선주협회부회장김우회,한국선주협회부회장 김우회,38,2,0,0,2,5.263157894736842,미상,미상,미상,미상,미상
위원장대리이우태,위원장대리 이우태,37,1,1,0,2,5.405405405405405,신민당,미상,남,초선,전국구
반장조시형,반장 조시형,36,1,0,1,2,5.555555555555555,민주공화당,부산 중구,남,초선,지역구
위원장대리윤천주,위원장대리 윤천주,36,2,0,0,2,5.555555555555555,민주공화당,미상,남,초선,전국구
지부장이경훈,지부장 이경훈,36,1,1,0,2,5.555555555555555,미상,미상,미상,미상,미상
인천세관장남옥현,인천세관장 남옥현,35,2,0,0,2,5.714285714285714,미상,미상,미상,미상,미상
서장조한창,서장 조한창,34,2,0,0,2,5.88235294117647,미상,미상,미상,미상,미상
증인최정석,증인 최정석,34,1,1,0,2,5.88235294117647,미상,미상,미상,미상,미상
증권거래소이사장이명재,증권거래소이사장 이명재,33,2,0,0,2,6.0606060606060606,미상,미상,미상,미상,미상
부의장민관식,부의장 민관식,32,2,0,0,2,6.25,민주공화당,"서울 종로,중구",남,5선,지역구
서울특별시종로보건소장안수벽,서울특별시종로보건소장 안수벽,32,2,0,0,2,6.25,미상,미상,미상,미상,미상
참고인김재홍,참고인 김재홍,32,0,2,0,2,6.25,미상,미상,미상,미상,미상
반장편용호,반장 편용호,31,2,0,0,2,6.451612903225806,신민당,미상,남,재선,전국구
보건사회부법무관류준식,보건사회부법무관 류준식,31,2,0,0,2,6.451612903225806,미상,미상,미상,미상,미상
김포세관장최정수,김포세관장 최정수,28,2,0,0,2,7.142857142857142,미상,미상,미상,미상,미상
출석위원(20인),출석 위원(20인),28,2,0,0,2,7.142857142857142,미상,미상,미상,미상,미상
대전소년원장문윤모,대전소년원장 문윤모,27,2,0,0,2,7.4074074074074066,미상,미상,미상,미상,미상
부산시교육감오복근,부산시교육감 오복근,26,2,0,0,2,7.6923076923076925,미상,미상,미상,미상,미상
위원장대리양정규,위원장대리 양정규,26,2,0,0,2,7.6923076923076925,민주공화당,"제주 제주,북제주군",남,6선,지역구
위원장대리정우식,위원장대리 정우식,26,2,0,0,2,7.6923076923076925,민주공화당,경남 산청군,남,재선,지역구
재무부이재국장김원기,재무부이재국장 김원기,26,2,0,0,2,7.6923076923076925,미상,미상,미상,미상,미상
증인이병두,증인 이병두,26,2,0,0,2,7.6923076923076925,미상,미상,미상,미상,미상
증인조충훈,증인 조충훈,26,2,0,0,2,7.6923076923076925,미상,미상,미상,미상,미상
증인김원규,증인 김원규,25,0,2,0,2,8.0,미상,미상,미상,미상,미상
한국은행이사윤승두,한국은행이사 윤승두,25,2,0,0,2,8.0,미상,미상,미상,미상,미상
영월광업소장박용덕,영월광업소장 박용덕,24,2,0,0,2,8.333333333333332,미상,미상,미상,미상,미상
증인김문제,증인 김문제,24,2,0,0,2,8.333333333333332,미상,미상,미상,미상,미상
교통부해운국장김정학,교통부해운국장 김정학,22,2,0,0,2,9.090909090909092,미상,미상,미상,미상,미상
교통부해운국장유덕준,교통부해운국장 유덕준,22,2,0,0,2,9.090909090909092,미상,미상,미상,미상,미상
증인구자춘,증인 구자춘,22,1,1,0,2,9.090909090909092,미상,미상,미상,미상,미상
출석감사위원(19인),출석 감사위원(19인),22,2,0,0,2,9.090909090909092,미상,미상,미상,미상,미상
내각기획통제관실심사분석관김영찬,내각기획통제관실심사분석관 김영찬,20,2,0,0,2,10.0,미상,미상,미상,미상,미상
위원장대리李敏雨,위원장대리 李敏雨,20,2,0,0,2,10.0,미상,미상,미상,미상,미상
은행감독원장김성환,은행감독원장 김성환,20,1,0,1,2,10.0,미상,미상,미상,미상,미상
재무부세정차관보정소영,재무부세정차관보 정소영,20,2,0,0,2,10.0,미상,미상,미상,미상,미상
증인문영석,증인 문영석,20,2,0,0,2,10.0,미상,미상,미상,미상,미상
참고인신직수,참고인 신직수,20,2,0,0,2,10.0,미상,미상,미상,미상,미상
참고인안경상,참고인 안경상,20,2,0,0,2,10.0,미상,미상,미상,미상,미상
운영기획위원장오치성,운영기획위원장 오치성,19,2,0,0,2,10.526315789473683,미상,미상,미상,미상,미상
한국도로공사건설사업부차장이종철,한국도로공사건설사업부차장 이종철,19,2,0,0,2,10.526315789473683,미상,미상,미상,미상,미상
한국은행업무담당이사김성환,한국은행업무담당이사 김성환,19,2,0,0,2,10.526315789473683,미상,미상,미상,미상,미상
철도청경리국장윤희창,철도청경리국장 윤희창,18,2,0,0,2,11.11111111111111,미상,미상,미상,미상,미상
출석감사위원(22인),출석 감사위원(22인),18,2,0,0,2,11.11111111111111,미상,미상,미상,미상,미상
한국증권거래소상무이사이현상,한국증권거래소상무이사 이현상,18,2,0,0,2,11.11111111111111,미상,미상,미상,미상,미상
반장대리장승태,반장대리 장승태,17,2,0,0,2,11.76470588235294,민주공화당,"강원 영월,정선군",남,4선,지역구
외무부기획관리실장윤하정,외무부기획관리실장 윤하정,17,2,0,0,2,11.76470588235294,미상,미상,미상,미상,미상
증인이정우,증인 이정우,17,1,0,1,2,11.76470588235294,미상,미상,미상,미상,미상
출석감사위원(21인),출석 감사위원(21인),17,2,0,0,2,11.76470588235294,미상,미상,미상,미상,미상
충주비료주식회사관리이사변정규,충주비료주식회사관리이사 변정규,17,2,0,0,2,11.76470588235294,미상,미상,미상,미상,미상
부산지방해운국장이원옥,부산지방해운국장 이원옥,16,2,0,0,2,12.5,미상,미상,미상,미상,미상
위원장장승태,위원장 장승태,16,2,0,0,2,12.5,민주공화당,"강원 영월,정선군",남,4선,지역구
검찰총장이봉성,검찰총장 이봉성,15,2,0,0,2,13.333333333333334,미상,미상,미상,미상,미상
서울특별시청소국장정종갑,서울특별시청소국장 정종갑,15,2,0,0,2,13.333333333333334,미상,미상,미상,미상,미상
중앙선거관리위원회위원장사광욱,중앙선거관리위원회위원장 사광욱,15,1,1,0,2,13.333333333333334,미상,미상,미상,미상,미상
증인김성은,증인 김성은,15,2,0,0,2,13.333333333333334,미상,미상,미상,미상,미상
국세청기획관리관엄빈,국세청기획관리관 엄빈,14,2,0,0,2,14.285714285714285,미상,미상,미상,미상,미상
성창환고문,성창환 고문,14,2,0,0,2,14.285714285714285,미상,미상,미상,미상,미상
소위원장김상흠,소위원장 김상흠,14,2,0,0,2,14.285714285714285,신민당,전북 고창군,남,재선,지역구
수산업협동조합중앙회경기도지부장최종욱,수산업협동조합중앙회경기도지부장 최종욱,14,1,1,0,2,14.285714285714285,미상,미상,미상,미상,미상
원호처법무관원명순,원호처법무관 원명순,14,1,1,0,2,14.285714285714285,미상,미상,미상,미상,미상
이사박은회,이사 박은회,14,2,0,0,2,14.285714285714285,미상,미상,미상,미상,미상
증인이상연,증인 이상연,14,1,1,0,2,14.285714285714285,미상,미상,미상,미상,미상
참고인정치근,참고인 정치근,14,0,2,0,2,14.285714285714285,미상,미상,미상,미상,미상
체신부총무과장장승태,체신부총무과장 장승태,14,2,0,0,2,14.285714285714285,미상,미상,미상,미상,미상
서울지방국세청장장재식,서울지방국세청장 장재식,13,2,0,0,2,15.384615384615385,미상,미상,미상,미상,미상
외무부구미국장함영훈,외무부구미국장 함영훈,13,1,1,0,2,15.384615384615385,미상,미상,미상,미상,미상
울산특별건설국부국장김병옥,울산특별건설국부국장 김병옥,13,2,0,0,2,15.384615384615385,미상,미상,미상,미상,미상
정해영의원(위원,정해영 의원(위원,13,0,1,1,2,15.384615384615385,신민당,미상,남,7선,전국구
춘천시장유기천,춘천시장 유기천,13,2,0,0,2,15.384615384615385,미상,미상,미상,미상,미상
국립정신병원장진성기,국립정신병원장 진성기,12,1,1,0,2,16.666666666666664,미상,미상,미상,미상,미상
농업협동조합중앙회전라북도지부장박한종,농업협동조합중앙회전라북도지부장 박한종,12,1,0,1,2,16.666666666666664,미상,미상,미상,미상,미상
대구방송국장박영선,대구방송국장 박영선,12,1,1,0,2,16.666666666666664,미상,미상,미상,미상,미상
반장김은하,반장 김은하,12,2,0,0,2,16.666666666666664,신민당,경기 인천시을,남,6선,지역구
외무부구미국장윤하정,외무부구미국장 윤하정,12,2,0,0,2,16.666666666666664,미상,미상,미상,미상,미상
외무부통상국장전상진,외무부통상국장 전상진,12,0,2,0,2,16.666666666666664,미상,미상,미상,미상,미상
전라남도교육감안용백,전라남도교육감 안용백,12,1,1,0,2,16.666666666666664,미상,미상,미상,미상,미상
증인고경영,증인 고경영,12,1,1,0,2,16.666666666666664,미상,미상,미상,미상,미상
참고인김의택,참고인 김의택,12,0,2,0,2,16.666666666666664,미상,미상,미상,미상,미상
국제관광공사영업관리담당이사이동희,국제관광공사영업관리담당이사 이동희,11,0,2,0,2,18.181818181818183,미상,미상,미상,미상,미상
농촌진흥청축산시험장장김진복,농촌진흥청축산시험장장 김진복,11,2,0,0,2,18.181818181818183,미상,미상,미상,미상,미상
의장고문(신),의장고문 (신),11,2,0,0,2,18.181818181818183,미상,미상,미상,미상,미상
전매청장신만재,전매청장 신만재,11,2,0,0,2,18.181818181818183,미상,미상,미상,미상,미상
증인한영식,증인 한영식,11,2,0,0,2,18.181818181818183,미상,미상,미상,미상,미상
총무처기획관리실장김재후,총무처기획관리실장 김재후,11,2,0,0,2,18.181818181818183,미상,미상,미상,미상,미상
공장장손문창,공장장 손문창,10,2,0,0,2,20.0,미상,미상,미상,미상,미상
구태회의원(위원,구태회 의원(위원,10,2,0,0,2,20.0,민주공화당,"경남 진주,진양",남,6선,지역구
대한조선공사이사하영환,대한조선공사이사 하영환,10,2,0,0,2,20.0,미상,미상,미상,미상,미상
부산출입국관리사무소소장구연택,부산출입국관리사무소소장 구연택,10,1,1,0,2,20.0,미상,미상,미상,미상,미상
상공부제1공업국장오원철,상공부제1공업국장 오원철,10,2,0,0,2,20.0,미상,미상,미상,미상,미상
전북대학교총장유영대,전북대학교총장 유영대,10,2,0,0,2,20.0,미상,미상,미상,미상,미상
중앙정보부부장김형욱,중앙정보부부장 김형욱,10,1,1,0,2,20.0,미상,미상,미상,미상,미상
한국마사회회장최재홍,한국마사회회장 최재홍,10,2,0,0,2,20.0,미상,미상,미상,미상,미상
경작과장신영균,경작과장 신영균,9,2,0,0,2,22.22222222222222,미상,미상,미상,미상,미상
국립원호병원원장박영식,국립원호병원원장 박영식,9,2,0,0,2,22.22222222222222,미상,미상,미상,미상,미상
국방부장관박병권,국방부장관 박병권,9,2,0,0,2,22.22222222222222,미상,미상,미상,미상,미상
국제관광공사기획실장임병삼,국제관광공사기획실장 임병삼,9,1,1,0,2,22.22222222222222,미상,미상,미상,미상,미상
길재호의원,길재호 의원,9,2,0,0,2,22.22222222222222,민주공화당,충남 금산군,남,3선,지역구
노동청서독주재노무관이효석,노동청서독주재노무관 이효석,9,1,0,1,2,22.22222222222222,미상,미상,미상,미상,미상
대구지방법원장한만수,대구지방법원장 한만수,9,2,0,0,2,22.22222222222222,미상,미상,미상,미상,미상
대한석탄공사부산지사장박원기,대한석탄공사부산지사장 박원기,9,2,0,0,2,22.22222222222222,미상,미상,미상,미상,미상
법제사법위원장노재필,법제사법위원장 노재필,9,2,0,0,2,22.22222222222222,민주공화당,"경남 양산,동래군",남,재선,지역구
상공부광무국장배상욱,상공부광무국장 배상욱,9,2,0,0,2,22.22222222222222,미상,미상,미상,미상,미상
상공부광무국장전준항,상공부광무국장 전준항,9,2,0,0,2,22.22222222222222,미상,미상,미상,미상,미상
외무부정보문화국장윤경도,외무부정보문화국장 윤경도,9,2,0,0,2,22.22222222222222,미상,미상,미상,미상,미상
장항제련소장박상혁,장항제련소장 박상혁,9,2,0,0,2,22.22222222222222,미상,미상,미상,미상,미상
전라남도경찰국장최정환,전라남도경찰국장 최정환,9,2,0,0,2,22.22222222222222,미상,미상,미상,미상,미상
중앙직업훈련원장서성태,중앙직업훈련원장 서성태,9,2,0,0,2,22.22222222222222,미상,미상,미상,미상,미상
체신부총무과장민병기,체신부총무과장 민병기,9,2,0,0,2,22.22222222222222,민주공화당,미상,남,초선,전국구
춘천방송국장한승은,춘천방송국장 한승은,9,2,0,0,2,22.22222222222222,미상,미상,미상,미상,미상
한국조폐공사사장이치령,한국조폐공사사장 이치령,9,2,0,0,2,22.22222222222222,미상,미상,미상,미상,미상
경제기획원총무과장강용순,경제기획원총무과장 강용순,8,2,0,0,2,25.0,미상,미상,미상,미상,미상
교통체신위원장이상희,교통체신위원장 이상희,8,2,0,0,2,25.0,민주공화당,충남 서산,남,재선,지역구
농업진흥공사경상북도지사장유만규,농업진흥공사경상북도지사장 유만규,8,2,0,0,2,25.0,미상,미상,미상,미상,미상
농업진흥공사평택사업소장김영규,농업진흥공사평택사업소장 김영규,8,2,0,0,2,25.0,미상,미상,미상,미상,미상
농업협동조합중앙회경기도지부장황재선,농업협동조합중앙회경기도지부장 황재선,8,0,1,1,2,25.0,미상,미상,미상,미상,미상
농업협동조합중앙회장문방흠,농업협동조합중앙회장 문방흠,8,2,0,0,2,25.0,미상,미상,미상,미상,미상
대한석탄공사화순광업소장김만곤,대한석탄공사화순광업소장 김만곤,8,2,0,0,2,25.0,미상,미상,미상,미상,미상
문교부고등교육국장이종항,문교부고등교육국장 이종항,8,1,1,0,2,25.0,미상,미상,미상,미상,미상
서울특별시산업국장박유식,서울특별시산업국장 박유식,8,1,0,1,2,25.0,미상,미상,미상,미상,미상
소위원회위원장김봉환,소위원회위원장 김봉환,8,2,0,0,2,25.0,민주공화당,"경북 군위,선산",남,4선,지역구
인천시장유병택,인천시장 유병택,8,2,0,0,2,25.0,미상,미상,미상,미상,미상
전라북도농촌진흥원장강성기,전라북도농촌진흥원장 강성기,8,2,0,0,2,25.0,미상,미상,미상,미상,미상
정태성의원(위원,정태성 의원(위원,8,1,1,0,2,25.0,민주공화당,충북 청주,남,재선,지역구
증인서주연,증인 서주연,8,2,0,0,2,25.0,미상,미상,미상,미상,미상
증인안경모,증인 안경모,8,2,0,0,2,25.0,미상,미상,미상,미상,미상
증인정영주,증인 정영주,8,2,0,0,2,25.0,미상,미상,미상,미상,미상
철도청재정과장원성희,철도청재정과장 원성희,8,2,0,0,2,25.0,미상,미상,미상,미상,미상
체신부경리국장백오현,체신부경리국장 백오현,8,2,0,0,2,25.0,미상,미상,미상,미상,미상
충청남도내무국장김태경,충청남도내무국장 김태경,8,2,0,0,2,25.0,미상,미상,미상,미상,미상
강성원위원,강성원 위원,7,0,1,1,2,28.57142857142857,민주공화당,미상,남,초선,전국구
건설부항만시설국장이일선,건설부항만시설국장 이일선,7,2,0,0,2,28.57142857142857,미상,미상,미상,미상,미상
경기도경찰국장채원식,경기도경찰국장 채원식,7,1,1,0,2,28.57142857142857,미상,미상,미상,미상,미상
국제관광공사이사김태진,국제관광공사이사 김태진,7,1,1,0,2,28.57142857142857,미상,미상,미상,미상,미상
권일위원,권일 위원,7,0,1,1,2,28.57142857142857,민주공화당,미상,남,재선,전국구
내무부지도과장김태경,내무부지도과장 김태경,7,1,1,0,2,28.57142857142857,미상,미상,미상,미상,미상
내무부지방국장정해식,내무부지방국장 정해식,7,2,0,0,2,28.57142857142857,미상,미상,미상,미상,미상
농림부농업생산국장김인환,농림부농업생산국장 김인환,7,2,0,0,2,28.57142857142857,미상,미상,미상,미상,미상
농림부농지국장장덕희,농림부농지국장 장덕희,7,2,0,0,2,28.57142857142857,미상,미상,미상,미상,미상
농업진흥공사전라남도지사장윤완중,농업진흥공사전라남도지사장 윤완중,7,1,0,1,2,28.57142857142857,미상,미상,미상,미상,미상
농업협동조합중앙회전라남도지부장황의선,농업협동조합중앙회전라남도지부장 황의선,7,2,0,0,2,28.57142857142857,미상,미상,미상,미상,미상
대한광업제련공사사장오점석,대한광업제련공사사장 오점석,7,2,0,0,2,28.57142857142857,미상,미상,미상,미상,미상
대한무역진흥공사사장안광호,대한무역진흥공사사장 안광호,7,2,0,0,2,28.57142857142857,미상,미상,미상,미상,미상
대한주택공사영업담당이사장덕용,대한주택공사영업담당이사 장덕용,7,2,0,0,2,28.57142857142857,미상,미상,미상,미상,미상
대한주택공사이사김득모,대한주택공사이사 김득모,7,1,0,1,2,28.57142857142857,미상,미상,미상,미상,미상
대한철광주식회사이사임선재,대한철광주식회사이사 임선재,7,2,0,0,2,28.57142857142857,미상,미상,미상,미상,미상
법원행정처차장이병호,법원행정처차장 이병호,7,1,0,1,2,28.57142857142857,미상,미상,미상,미상,미상
부산지방국세청장나오연,부산지방국세청장 나오연,7,2,0,0,2,28.57142857142857,미상,미상,미상,미상,미상
부산직할시경찰국장이종학,부산직할시경찰국장 이종학,7,1,0,1,2,28.57142857142857,미상,미상,미상,미상,미상
삼척화력발전소장이형근,삼척화력발전소장 이형근,7,2,0,0,2,28.57142857142857,미상,미상,미상,미상,미상
상공부동력국장원용대,상공부동력국장 원용대,7,2,0,0,2,28.57142857142857,미상,미상,미상,미상,미상
상공부장관제안이유,상공부장관 제안이유,7,2,0,0,2,28.57142857142857,미상,미상,미상,미상,미상
수협경상북도지부장조원형,수협경상북도지부장 조원형,7,2,0,0,2,28.57142857142857,미상,미상,미상,미상,미상
외교연구원교육부장장재용,외교연구원교육부장 장재용,7,1,1,0,2,28.57142857142857,미상,미상,미상,미상,미상
외무부정보문화국장박창남,외무부정보문화국장 박창남,7,1,0,1,2,28.57142857142857,미상,미상,미상,미상,미상
원자력원원장윤일선,원자력원원장 윤일선,7,2,0,0,2,28.57142857142857,미상,미상,미상,미상,미상
이성근의원,이성근 의원,7,0,0,2,2,28.57142857142857,유신정우회,미상,남,재선,통일주체국민회의
이영준의원,이영준 의원,7,1,1,0,2,28.57142857142857,신민당,서울 동대문구을,남,4선,지역구
재무부관재국장유길상,재무부관재국장 유길상,7,2,0,0,2,28.57142857142857,미상,미상,미상,미상,미상
재무부세관국장조충훈,재무부세관국장 조충훈,7,1,1,0,2,28.57142857142857,미상,미상,미상,미상,미상
재일한국거류민단사무차장정동하,재일한국거류민단사무차장 정동하,7,1,0,1,2,28.57142857142857,미상,미상,미상,미상,미상
증인김춘희,증인 김춘희,7,2,0,0,2,28.57142857142857,미상,미상,미상,미상,미상
증인한국진,증인 한국진,7,2,0,0,2,28.57142857142857,미상,미상,미상,미상,미상
진기배의원(위원,진기배 의원(위원,7,2,0,0,2,28.57142857142857,신민당,"경북 영양,울진군",남,초선,지역구
청원인,청원인,7,2,0,0,2,28.57142857142857,미상,미상,미상,미상,미상
체신부장관박경원,체신부장관 박경원,7,2,0,0,2,28.57142857142857,미상,미상,미상,미상,미상
한국산업은행총재홍승희,한국산업은행총재 홍승희,7,2,0,0,2,28.57142857142857,미상,미상,미상,미상,미상
한국은행이사정원훈,한국은행이사 정원훈,7,2,0,0,2,28.57142857142857,미상,미상,미상,미상,미상
간세국장배도,간세국장 배도,6,2,0,0,2,33.33333333333333,미상,미상,미상,미상,미상
국방부군수국장정영모,국방부군수국장 정영모,6,2,0,0,2,33.33333333333333,미상,미상,미상,미상,미상
국제관광공사기획부장임병삼,국제관광공사기획부장 임병삼,6,2,0,0,2,33.33333333333333,미상,미상,미상,미상,미상
국제관광공사업무이사이동희,국제관광공사업무이사 이동희,6,2,0,0,2,33.33333333333333,미상,미상,미상,미상,미상
김우경의원,김우경 의원,6,0,1,1,2,33.33333333333333,민주공화당,미상,남,재선,전국구
김창근의원(위원,김창근 의원(위원,6,2,0,0,2,33.33333333333333,민주공화당,"경북 영주,봉화군",남,4선,지역구
내무위원장대리박원빈,내무위원장대리 박원빈,6,2,0,0,2,33.33333333333333,미상,미상,미상,미상,미상
농림위원장대리정간용,농림위원장대리 정간용,6,2,0,0,2,33.33333333333333,민주공화당,전남 완도군,남,재선,지역구
농업진흥공사충청남도지사장김광철,농업진흥공사충청남도지사장 김광철,6,2,0,0,2,33.33333333333333,미상,미상,미상,미상,미상
대한석탄공사영업부장권영관,대한석탄공사영업부장 권영관,6,2,0,0,2,33.33333333333333,미상,미상,미상,미상,미상
반장대리오원선,반장대리 오원선,6,1,0,1,2,33.33333333333333,민주공화당,"충북 진천,음성군",남,초선,지역구
법무부차관오탁근,법무부차관 오탁근,6,1,1,0,2,33.33333333333333,미상,미상,미상,미상,미상
산림조합연합회전라남도지부서무과장최동석,산림조합연합회전라남도지부서무과장 최동석,6,2,0,0,2,33.33333333333333,미상,미상,미상,미상,미상
상공부공업제2국장김동규,상공부공업제2국장 김동규,6,2,0,0,2,33.33333333333333,미상,미상,미상,미상,미상
서울특별시청소제1과장장희중,서울특별시청소제1과장 장희중,6,2,0,0,2,33.33333333333333,미상,미상,미상,미상,미상
소위원장오원선,소위원장 오원선,6,2,0,0,2,33.33333333333333,민주공화당,"충북 진천,음성군",남,초선,지역구
수도국장이상연,수도국장 이상연,6,2,0,0,2,33.33333333333333,미상,미상,미상,미상,미상
숙명여자대학교총장김순식,숙명여자대학교총장 김순식,6,1,1,0,2,33.33333333333333,미상,미상,미상,미상,미상
신탄진연초제조창장남정락,신탄진연초제조창장 남정락,6,2,0,0,2,33.33333333333333,미상,미상,미상,미상,미상
외무부방교국국제기구과장한우석,외무부방교국국제기구과장 한우석,6,2,0,0,2,33.33333333333333,미상,미상,미상,미상,미상
울산특별건설국장김동원,울산특별건설국장 김동원,6,2,0,0,2,33.33333333333333,미상,미상,미상,미상,미상
유진오의원(계속),유진오 의원(계속),6,2,0,0,2,33.33333333333333,신민당,서울 종로구,남,초선,지역구
재무부세정차관보김원기,재무부세정차관보 김원기,6,1,1,0,2,33.33333333333333,미상,미상,미상,미상,미상
재무부이재국장백경복,재무부이재국장 백경복,6,2,0,0,2,33.33333333333333,미상,미상,미상,미상,미상
제2군단장윤태호,제2군단장 윤태호,6,2,0,0,2,33.33333333333333,미상,미상,미상,미상,미상
제2군사령관채명신,제2군사령관 채명신,6,2,0,0,2,33.33333333333333,미상,미상,미상,미상,미상
조달청외자국장김의훈,조달청외자국장 김의훈,6,2,0,0,2,33.33333333333333,미상,미상,미상,미상,미상
철도청공전국장이태원,철도청공전국장 이태원,6,2,0,0,2,33.33333333333333,미상,미상,미상,미상,미상
충청북도농촌진흥원장정용석,충청북도농촌진흥원장 정용석,6,2,0,0,2,33.33333333333333,미상,미상,미상,미상,미상
토지개량조합연합회개간간척부장임영춘,토지개량조합연합회개간간척부장 임영춘,6,2,0,0,2,33.33333333333333,미상,미상,미상,미상,미상
토지개량조합연합회동진강출장소부소장김영규,토지개량조합연합회동진강출장소부소장 김영규,6,2,0,0,2,33.33333333333333,미상,미상,미상,미상,미상
토지개량조합연합회부회장박기승,토지개량조합연합회부회장 박기승,6,2,0,0,2,33.33333333333333,미상,미상,미상,미상,미상
한국도로공사부사장김용회,한국도로공사부사장 김용회,6,2,0,0,2,33.33333333333333,미상,미상,미상,미상,미상
행정개혁조사위원회부위원장장지량,행정개혁조사위원회부위원장 장지량,6,2,0,0,2,33.33333333333333,미상,미상,미상,미상,미상
강원도회계과장원낙희,강원도회계과장 원낙희,5,2,0,0,2,40.0,미상,미상,미상,미상,미상
건설공제조합이사장이성환,건설공제조합이사장 이성환,5,2,0,0,2,40.0,미상,미상,미상,미상,미상
경기도농촌진흥원장박금동,경기도농촌진흥원장 박금동,5,2,0,0,2,40.0,미상,미상,미상,미상,미상
경부고속도로공사사무소장허필은,경부고속도로공사사무소장 허필은,5,2,0,0,2,40.0,미상,미상,미상,미상,미상
경상남도부지사김해두,경상남도부지사 김해두,5,2,0,0,2,40.0,미상,미상,미상,미상,미상
경상북도부지사남봉진,경상북도부지사 남봉진,5,2,0,0,2,40.0,미상,미상,미상,미상,미상
경상북도지사양택식,경상북도지사 양택식,5,2,0,0,2,40.0,미상,미상,미상,미상,미상
경제기획원차관김태병,경제기획원차관 김태병,5,2,0,0,2,40.0,미상,미상,미상,미상,미상
경찰국장안명수,경찰국장 안명수,5,2,0,0,2,40.0,미상,미상,미상,미상,미상
관리과장정동우,관리과장 정동우,5,1,0,1,2,40.0,미상,미상,미상,미상,미상
광주고등법원장민문기,광주고등법원장 민문기,5,2,0,0,2,40.0,미상,미상,미상,미상,미상
국립지질조사연구소장박인규,국립지질조사연구소장 박인규,5,1,1,0,2,40.0,미상,미상,미상,미상,미상
국방부군수차관보신원식,국방부군수차관보 신원식,5,2,0,0,2,40.0,미상,미상,미상,미상,미상
국방부병무국장유근창,국방부병무국장 유근창,5,2,0,0,2,40.0,미상,미상,미상,미상,미상
국방위원장최영희,국방위원장 최영희,5,2,0,0,2,40.0,유신정우회,미상,남,4선,통일주체국민회의
김두한의원(계속),김두한 의원(계속),5,1,0,1,2,40.0,한국독립당,서울 용산구,남,재선,지역구
김용진의원(위원,김용진 의원(위원,5,1,0,1,2,40.0,민주공화당,전북 전주,남,초선,지역구
내무위원장김용호,내무위원장 김용호,5,2,0,0,2,40.0,민주공화당,"강원 원주시,홍천,횡성,원성군",남,4선,지역구
내무위원회전문위원조병완,내무위원회전문위원 조병완,5,2,0,0,2,40.0,미상,미상,미상,미상,미상
농림부농산국장김인환,농림부농산국장 김인환,5,2,0,0,2,40.0,미상,미상,미상,미상,미상
농림부농지국장대리김용원,농림부농지국장대리 김용원,5,2,0,0,2,40.0,미상,미상,미상,미상,미상
농업협동조합경상남도지부장조백조,농업협동조합경상남도지부장 조백조,5,2,0,0,2,40.0,미상,미상,미상,미상,미상
농업협동조합중앙회경상북도지부장최갑수,농업협동조합중앙회경상북도지부장 최갑수,5,1,0,1,2,40.0,미상,미상,미상,미상,미상
농업협동조합중앙회전라남도지부장민달식,농업협동조합중앙회전라남도지부장 민달식,5,1,0,1,2,40.0,미상,미상,미상,미상,미상
농업협동조합중앙회충북지부장옥정종,농업협동조합중앙회충북지부장 옥정종,5,1,0,1,2,40.0,미상,미상,미상,미상,미상
대구지방검찰청검사장조태형,대구지방검찰청검사장 조태형,5,2,0,0,2,40.0,미상,미상,미상,미상,미상
대한산림조합연합회전라남도지부장최동석,대한산림조합연합회전라남도지부장 최동석,5,2,0,0,2,40.0,미상,미상,미상,미상,미상
대한재보험공사부사장이종진,대한재보험공사부사장 이종진,5,1,1,0,2,40.0,미상,미상,미상,미상,미상
문형태위원,문형태 위원,5,1,1,0,2,40.0,민주공화당,"전남 곡성,화순군",남,3선,지역구
보건사회부약정국장대리허용,보건사회부약정국장대리 허용,5,2,0,0,2,40.0,미상,미상,미상,미상,미상
보건사회부의정국만성병과장오중근,보건사회부의정국만성병과장 오중근,5,2,0,0,2,40.0,미상,미상,미상,미상,미상
부산직할시부시장김규수,부산직할시부시장 김규수,5,2,0,0,2,40.0,미상,미상,미상,미상,미상
부정축재환수관리위원회사무국장이홍진,부정축재환수관리위원회사무국장 이홍진,5,2,0,0,2,40.0,미상,미상,미상,미상,미상
사장황기용,사장 황기용,5,2,0,0,2,40.0,미상,미상,미상,미상,미상
상공부제1공업국장고석윤,상공부제1공업국장 고석윤,5,2,0,0,2,40.0,미상,미상,미상,미상,미상
소위원장대리김종환,소위원장대리 김종환,5,2,0,0,2,40.0,민주공화당,"경북 대구시,북,서구",남,초선,지역구
소위원장장치훈,소위원장 장치훈,5,1,0,1,2,40.0,신민당,미상,남,초선,전국구
수산업협동조합중앙회경상북도지부장최재구,수산업협동조합중앙회경상북도지부장 최재구,5,1,1,0,2,40.0,미상,미상,미상,미상,미상
수산업협동조합중앙회전남동구지부장김동환,수산업협동조합중앙회전남동구지부장 김동환,5,1,0,1,2,40.0,미상,미상,미상,미상,미상
수산업협동조합중앙회전남서구지부장조길인,수산업협동조합중앙회전남서구지부장 조길인,5,2,0,0,2,40.0,미상,미상,미상,미상,미상
이상무의원(위원,이상무 의원(위원,5,1,1,0,2,40.0,민주공화당,"경북 경주,월성군",남,재선,지역구
임시위원장이상철,임시위원장 이상철,5,2,0,0,2,40.0,국민의당,"충남 청양,홍성군",남,3선,지역구
재무부간세국장이달형,재무부간세국장 이달형,5,2,0,0,2,40.0,미상,미상,미상,미상,미상
재무부국고국장김영일,재무부국고국장 김영일,5,2,0,0,2,40.0,미상,미상,미상,미상,미상
전매청기획예산관홍현기,전매청기획예산관 홍현기,5,2,0,0,2,40.0,미상,미상,미상,미상,미상
전문위원류호선,전문위원 류호선,5,2,0,0,2,40.0,미상,미상,미상,미상,미상
조달청기획관리관박기종,조달청기획관리관 박기종,5,2,0,0,2,40.0,미상,미상,미상,미상,미상
직세과장노병원,직세과장 노병원,5,0,2,0,2,40.0,미상,미상,미상,미상,미상
청원인김장수,청원인 김장수,5,2,0,0,2,40.0,미상,미상,미상,미상,미상
체신부전파관리국장박조욱,체신부전파관리국장 박조욱,5,2,0,0,2,40.0,미상,미상,미상,미상,미상
총무국장유홍식,총무국장 유홍식,5,2,0,0,2,40.0,미상,미상,미상,미상,미상
출석정무위원,출석 정무위원,5,2,0,0,2,40.0,미상,미상,미상,미상,미상
충청남도산업국장이남호,충청남도산업국장 이남호,5,2,0,0,2,40.0,미상,미상,미상,미상,미상
포항종합제철주식회사이사고준식,포항종합제철주식회사이사 고준식,5,2,0,0,2,40.0,미상,미상,미상,미상,미상
한국전력주식회사이사김선집,한국전력주식회사이사 김선집,5,2,0,0,2,40.0,미상,미상,미상,미상,미상
한국전력주식회사이사허순오,한국전력주식회사이사 허순오,5,2,0,0,2,40.0,미상,미상,미상,미상,미상
한국전력주식회사장정래혁,한국전력주식회사장 정래혁,5,2,0,0,2,40.0,미상,미상,미상,미상,미상
행정개혁조사위원회부위원장김석범,행정개혁조사위원회부위원장 김석범,5,2,0,0,2,40.0,미상,미상,미상,미상,미상
홍영기의원(계속),홍영기 의원(계속),5,2,0,0,2,40.0,민중당,서울 서대문구을,남,5선,지역구
감사단장유양수,감사단장 유양수,4,2,0,0,2,50.0,미상,미상,미상,미상,미상
경기도부지사서정화,경기도부지사 서정화,4,1,0,1,2,50.0,미상,미상,미상,미상,미상
경상남도경찰국장하삼식,경상남도경찰국장 하삼식,4,0,0,2,2,50.0,미상,미상,미상,미상,미상
경제기획원경제협력국외자총괄과장양윤세,경제기획원경제협력국외자총괄과장 양윤세,4,2,0,0,2,50.0,미상,미상,미상,미상,미상
경제기획원부원장,경제기획원 부원장,4,1,1,0,2,50.0,미상,미상,미상,미상,미상
교통부기획관리실장정재석,교통부기획관리실장 정재석,4,2,0,0,2,50.0,미상,미상,미상,미상,미상
국립수산진흥원서해지구시험소장김선용,국립수산진흥원서해지구시험소장 김선용,4,1,0,1,2,50.0,미상,미상,미상,미상,미상
국립종축장장박남순,국립종축장장 박남순,4,2,0,0,2,50.0,미상,미상,미상,미상,미상
국방부차관이흥배,국방부차관 이흥배,4,1,1,0,2,50.0,미상,미상,미상,미상,미상
국회도서관장강상운,국회도서관장 강상운,4,2,0,0,2,50.0,미상,미상,미상,미상,미상
국회운영위원장대리김재광,국회운영위원장대리 김재광,4,0,2,0,2,50.0,민정당,서울 서대문구갑,남,8선,지역구
길재호의원(위원,길재호 의원(위원,4,2,0,0,2,50.0,민주공화당,충남 금산군,남,3선,지역구
김윤근의원,김윤근 의원,4,1,0,1,2,50.0,미상,미상,미상,미상,미상
김진위위원,김진위 위원,4,1,1,0,2,50.0,미상,미상,미상,미상,미상
김충수의원,김충수 의원,4,1,0,1,2,50.0,유신정우회,미상,남,초선,통일주체국민회의
농림국양정국장장덕희,농림국양정국장 장덕희,4,2,0,0,2,50.0,미상,미상,미상,미상,미상
농림부농정국장김용원,농림부농정국장 김용원,4,2,0,0,2,50.0,미상,미상,미상,미상,미상
농림부산림국장심종섭,농림부산림국장 심종섭,4,2,0,0,2,50.0,미상,미상,미상,미상,미상
농림부차관제안이유,농림부차관 제안이유,4,2,0,0,2,50.0,미상,미상,미상,미상,미상
농촌진흥청장현신규,농촌진흥청장 현신규,4,2,0,0,2,50.0,미상,미상,미상,미상,미상
대통령경호실차장박용운,대통령경호실차장 박용운,4,2,0,0,2,50.0,미상,미상,미상,미상,미상
대한석유공사업무부장노춘우,대한석유공사업무부장 노춘우,4,2,0,0,2,50.0,미상,미상,미상,미상,미상
대한철광주식회사이사박병화,대한철광주식회사이사 박병화,4,2,0,0,2,50.0,미상,미상,미상,미상,미상
대한해운공사선박도입반장박현호,대한해운공사선박도입반장 박현호,4,2,0,0,2,50.0,미상,미상,미상,미상,미상
류진산의원(계속),류진산 의원(계속),4,0,0,2,2,50.0,신민당,미상,남,재선,전국구
마산지점장조선희,마산지점장 조선희,4,2,0,0,2,50.0,미상,미상,미상,미상,미상
문교공보위원장대리김명회,문교공보위원장대리 김명회,4,1,0,1,2,50.0,유신정우회,미상,남,초선,통일주체국민회의
문교부법무관류해인,문교부법무관 류해인,4,2,0,0,2,50.0,미상,미상,미상,미상,미상
보건사회부기획관리실장손정선,보건사회부기획관리실장 손정선,4,2,0,0,2,50.0,미상,미상,미상,미상,미상
사무총장직무대리권경식,사무총장직무대리 권경식,4,2,0,0,2,50.0,미상,미상,미상,미상,미상
상공부전기공업과장최규배,상공부전기공업과장 최규배,4,2,0,0,2,50.0,미상,미상,미상,미상,미상
상공부표준국장직무대리박승엽,상공부표준국장직무대리 박승엽,4,2,0,0,2,50.0,미상,미상,미상,미상,미상
서울산재보험사무소장양태근,서울산재보험사무소장 양태근,4,2,0,0,2,50.0,미상,미상,미상,미상,미상
서울특별시건설국건축과장이명춘,서울특별시건설국건축과장 이명춘,4,2,0,0,2,50.0,미상,미상,미상,미상,미상
서울특별시관광운수국장김동준,서울특별시관광운수국장 김동준,4,2,0,0,2,50.0,미상,미상,미상,미상,미상
성낙현의원,성낙현 의원,4,1,0,1,2,50.0,신민당,경남 창녕군,남,재선,지역구
소위원장이병옥,소위원장 이병옥,4,2,0,0,2,50.0,민주공화당,전북 부안군,남,4선,지역구
송효순의원,송효순 의원,4,0,0,2,2,50.0,유신정우회,미상,남,초선,통일주체국민회의
수산업협동조합중앙회경기도지부장김윤하,수산업협동조합중앙회경기도지부장 김윤하,4,2,0,0,2,50.0,미상,미상,미상,미상,미상
수산업협동조합중앙회경기도지부장박희철,수산업협동조합중앙회경기도지부장 박희철,4,1,0,1,2,50.0,미상,미상,미상,미상,미상
수협전북지부장류옥,수협전북지부장 류옥,4,2,0,0,2,50.0,미상,미상,미상,미상,미상
신인우의원(위원,신인우 의원(위원,4,2,0,0,2,50.0,신민당,서울 중구,남,재선,지역구
심계원장이원엽,심계원장 이원엽,4,2,0,0,2,50.0,미상,미상,미상,미상,미상
여수지방해운국장이종성,여수지방해운국장 이종성,4,2,0,0,2,50.0,미상,미상,미상,미상,미상
외무위원장대리신형식,외무위원장대리 신형식,4,1,0,1,2,50.0,민주공화당,전남 고흥,남,4선,지역구
외무위원장대리정일영,외무위원장대리 정일영,4,0,0,2,2,50.0,유신정우회,미상,남,재선,통일주체국민회의
외무위원회전문위원김보환,외무위원회전문위원 김보환,4,2,0,0,2,50.0,미상,미상,미상,미상,미상
윤보선의원,윤보선 의원,4,1,0,1,2,50.0,민중당,미상,남,4선,전국구
이현재의원,이현재 의원,4,1,0,1,2,50.0,민주공화당,"전남 광양,구례군",남,초선,지역구
임시위원장조경한,임시위원장 조경한,4,2,0,0,2,50.0,민주공화당,"전남 순천시,승주군",남,초선,지역구
재경위원장유양수,재경위원장 유양수,4,2,0,0,2,50.0,미상,미상,미상,미상,미상
재무부차관김용환,재무부차관 김용환,4,2,0,0,2,50.0,미상,미상,미상,미상,미상
재정경제위원회간사이재만,재정경제위원회간사 이재만,4,2,0,0,2,50.0,민주공화당,경남 밀양,남,초선,지역구
전라북도경찰국장이종학,전라북도경찰국장 이종학,4,2,0,0,2,50.0,미상,미상,미상,미상,미상
전라북도교육위원회학무국장김경식,전라북도교육위원회학무국장 김경식,4,0,2,0,2,50.0,미상,미상,미상,미상,미상
전라북도농림국장유남기,전라북도농림국장 유남기,4,2,0,0,2,50.0,미상,미상,미상,미상,미상
정구영의원,정구영 의원,4,0,0,2,2,50.0,민주공화당,미상,남,재선,전국구
중앙관상대장양인기,중앙관상대장 양인기,4,2,0,0,2,50.0,미상,미상,미상,미상,미상
중앙의료원장윤유선,중앙의료원장 윤유선,4,0,1,1,2,50.0,미상,미상,미상,미상,미상
중앙직업훈련원장손흥태,중앙직업훈련원장 손흥태,4,2,0,0,2,50.0,미상,미상,미상,미상,미상
증인이영진,증인 이영진,4,2,0,0,2,50.0,민주공화당,충남 아산,남,초선,지역구
참고인권성기,참고인 권성기,4,2,0,0,2,50.0,미상,미상,미상,미상,미상
참고인박근식,참고인 박근식,4,2,0,0,2,50.0,미상,미상,미상,미상,미상
체신부우정국장배오현,체신부우정국장 배오현,4,2,0,0,2,50.0,미상,미상,미상,미상,미상
최돈웅위원,최돈웅 위원,4,2,0,0,2,50.0,민주공화당,"강원 강릉,명주",남,3선,지역구
최병길의원,최병길 의원,4,1,0,1,2,50.0,신민당,충북 청주,남,초선,지역구
출석위원(30인),출석 위원(30인),4,2,0,0,2,50.0,미상,미상,미상,미상,미상
출석위원(32인),출석 위원(32인),4,2,0,0,2,50.0,미상,미상,미상,미상,미상
충청남도보사국장유병택,충청남도보사국장 유병택,4,1,0,1,2,50.0,미상,미상,미상,미상,미상
충청북도부지사한정수,충청북도부지사 한정수,4,1,0,1,2,50.0,미상,미상,미상,미상,미상
한국광업제련공사관리담당이사이종,한국광업제련공사관리담당이사 이종,4,2,0,0,2,50.0,미상,미상,미상,미상,미상
한국수산개발공사장박원빈,한국수산개발공사장 박원빈,4,2,0,0,2,50.0,미상,미상,미상,미상,미상
한국수자원개발공사공무이사김여택,한국수자원개발공사공무이사 김여택,4,2,0,0,2,50.0,미상,미상,미상,미상,미상
홍병철의원,홍병철 의원,4,1,0,1,2,50.0,민주공화당,"제주 제주,북제주군",남,재선,지역구
강선규의원(위원,강선규 의원(위원,3,2,0,0,2,66.66666666666666,신민당,경남 마산,남,초선,지역구
강승구의원(위원,강승구 의원(위원,3,2,0,0,2,66.66666666666666,신민당,"경기 의정부시,양주군",남,3선,지역구
건설부기획관리실장이승우,건설부기획관리실장 이승우,3,2,0,0,2,66.66666666666666,미상,미상,미상,미상,미상
경상북도부지사강신익,경상북도부지사 강신익,3,2,0,0,2,66.66666666666666,미상,미상,미상,미상,미상
경제과학심의회의심의실장유태현,경제과학심의회의심의실장 유태현,3,2,0,0,2,66.66666666666666,미상,미상,미상,미상,미상
경제과학심의회의제1조사분석국장윤영구,경제과학심의회의제1조사분석국장 윤영구,3,2,0,0,2,66.66666666666666,미상,미상,미상,미상,미상
경제과학위원장대리강문용,경제과학위원장대리 강문용,3,2,0,0,2,66.66666666666666,유신정우회,미상,남,초선,통일주체국민회의
경제기획원경제협력국장진봉현,경제기획원경제협력국장 진봉현,3,2,0,0,2,66.66666666666666,미상,미상,미상,미상,미상
경제기획원기획관리실장이문탁,경제기획원기획관리실장 이문탁,3,2,0,0,2,66.66666666666666,미상,미상,미상,미상,미상
경제기획원기획차관보진윤현,경제기획원기획차관보 진윤현,3,2,0,0,2,66.66666666666666,미상,미상,미상,미상,미상
경제기획원부원장송정범,경제기획원부원장 송정범,3,2,0,0,2,66.66666666666666,미상,미상,미상,미상,미상
공보부장관제안이유,공보부장관 제안이유,3,2,0,0,2,66.66666666666666,미상,미상,미상,미상,미상
관세청기획관리관오세영,관세청기획관리관 오세영,3,2,0,0,2,66.66666666666666,미상,미상,미상,미상,미상
교통부장관김신,교통부장관 김신,3,2,0,0,2,66.66666666666666,유신정우회,미상,남,초선,통일주체국민회의
국립농산물검사소광주지소장황호진,국립농산물검사소광주지소장 황호진,3,2,0,0,2,66.66666666666666,미상,미상,미상,미상,미상
국립농산물검사소전주지소장김장관,국립농산물검사소전주지소장 김장관,3,2,0,0,2,66.66666666666666,미상,미상,미상,미상,미상
국립중앙의료원사무국장오영욱,국립중앙의료원사무국장 오영욱,3,2,0,0,2,66.66666666666666,미상,미상,미상,미상,미상
국무총리정일권(계속),국무총리 정일권(계속),3,2,0,0,2,66.66666666666666,미상,미상,미상,미상,미상
국제관광공사이사서명석,국제관광공사이사 서명석,3,2,0,0,2,66.66666666666666,미상,미상,미상,미상,미상
국회운영위원장대리고재필,국회운영위원장대리 고재필,3,2,0,0,2,66.66666666666666,민주공화당,"전남 담양,장성군",남,4선,지역구
국회운영위원장대리노재필,국회운영위원장대리 노재필,3,1,1,0,2,66.66666666666666,민주공화당,"경남 양산,동래군",남,재선,지역구
국회운영위원장대리정간용,국회운영위원장대리 정간용,3,2,0,0,2,66.66666666666666,민주공화당,전남 완도,남,재선,지역구
권오병위원,권오병 위원,3,2,0,0,2,66.66666666666666,민주공화당,미상,남,초선,전국구
김상영의원,김상영 의원,3,1,0,1,2,66.66666666666666,민주공화당,"전남 여수시,광양,여천군",남,재선,지역구
김숙현의원,김숙현 의원,3,2,0,0,2,66.66666666666666,민주공화당,경기 인천시병,남,3선,지역구
김인위원,김인 위원,3,2,0,0,2,66.66666666666666,민주공화당,경북 상주,남,초선,지역구
김재소의원(위원,김재소 의원(위원,3,2,0,0,2,66.66666666666666,민주공화당,"경기 김포,강화",남,초선,지역구
김종환의원(위원,김종환 의원(위원,3,2,0,0,2,66.66666666666666,민주공화당,"경북 대구시,북,서구",남,초선,지역구
김준태의원,김준태 의원,3,2,0,0,2,66.66666666666666,민주공화당,"경북 경산시,청도군",남,3선,지역구
김진만의원(위원,김진만 의원(위원,3,1,1,0,2,66.66666666666666,민주공화당,강원 삼척군,남,7선,지역구
노동청직업훈련담당관김은호,노동청직업훈련담당관 김은호,3,2,0,0,2,66.66666666666666,미상,미상,미상,미상,미상
농림부농정차관보구윤석,농림부농정차관보 구윤석,3,2,0,0,2,66.66666666666666,미상,미상,미상,미상,미상
농림부산림국임정과장엄병건,농림부산림국임정과장 엄병건,3,2,0,0,2,66.66666666666666,미상,미상,미상,미상,미상
농업진흥공사충청북도지사장김태규,농업진흥공사충청북도지사장 김태규,3,2,0,0,2,66.66666666666666,미상,미상,미상,미상,미상
대간첩작전대책본부장류근창,대간첩작전대책본부장 류근창,3,2,0,0,2,66.66666666666666,미상,미상,미상,미상,미상
대구지방법원장임항준,대구지방법원장 임항준,3,0,2,0,2,66.66666666666666,미상,미상,미상,미상,미상
대전지방원호청장원종혁,대전지방원호청장 원종혁,3,1,0,1,2,66.66666666666666,미상,미상,미상,미상,미상
대한광업제련공사이사이종,대한광업제련공사이사 이종,3,2,0,0,2,66.66666666666666,미상,미상,미상,미상,미상
대한산림조합연합회경기도지부장유준태,대한산림조합연합회경기도지부장 유준태,3,2,0,0,2,66.66666666666666,미상,미상,미상,미상,미상
대한산림조합연합회충청북도지부장곽주열,대한산림조합연합회충청북도지부장 곽주열,3,2,0,0,2,66.66666666666666,미상,미상,미상,미상,미상
대한석유공사경리부장김재호,대한석유공사경리부장 김재호,3,2,0,0,2,66.66666666666666,미상,미상,미상,미상,미상
대한주택공사이사이용철,대한주택공사이사 이용철,3,2,0,0,2,66.66666666666666,미상,미상,미상,미상,미상
문교부보통교육국장손영경,문교부보통교육국장 손영경,3,2,0,0,2,66.66666666666666,미상,미상,미상,미상,미상
문교부보통교육국장홍순철,문교부보통교육국장 홍순철,3,2,0,0,2,66.66666666666666,미상,미상,미상,미상,미상
법제사법위원장대리김우영(계속),법제사법위원장대리 김우영(계속),3,1,0,1,2,66.66666666666666,민주공화당,"강원 춘천,춘성",남,초선,지역구
보건사회부보건국방역과장한상태,보건사회부보건국방역과장 한상태,3,1,1,0,2,66.66666666666666,미상,미상,미상,미상,미상
보사부장관이러한,보사부장관 이러한,3,2,0,0,2,66.66666666666666,미상,미상,미상,미상,미상
부산지방원호청장박인권,부산지방원호청장 박인권,3,1,1,0,2,66.66666666666666,미상,미상,미상,미상,미상
부산화력발전소소장신명철,부산화력발전소소장 신명철,3,2,0,0,2,66.66666666666666,미상,미상,미상,미상,미상
산림조합연합회경기도지부장오광중,산림조합연합회경기도지부장 오광중,3,2,0,0,2,66.66666666666666,미상,미상,미상,미상,미상
산림청기획관리관김인수,산림청기획관리관 김인수,3,2,0,0,2,66.66666666666666,미상,미상,미상,미상,미상
상공부공업제1국장배상욱,상공부공업제1국장 배상욱,3,2,0,0,2,66.66666666666666,미상,미상,미상,미상,미상
상공부공업제2국장문병하,상공부공업제2국장 문병하,3,2,0,0,2,66.66666666666666,미상,미상,미상,미상,미상
상공부동력국장이상섭,상공부동력국장 이상섭,3,2,0,0,2,66.66666666666666,미상,미상,미상,미상,미상
상공위원장대리정진동,상공위원장대리 정진동,3,2,0,0,2,66.66666666666666,민주공화당,경북 예천군,남,재선,지역구
서울대학교공과대학학장이양,서울대학교공과대학학장 이양,3,2,0,0,2,66.66666666666666,미상,미상,미상,미상,미상
서울시장양탁식,서울시장 양탁식,3,1,0,1,2,66.66666666666666,미상,미상,미상,미상,미상
서울특별시경찰국장정우식,서울특별시경찰국장 정우식,3,2,0,0,2,66.66666666666666,미상,미상,미상,미상,미상
서울특별시교육위원회학무국초등교육과장김병보,서울특별시교육위원회학무국초등교육과장 김병보,3,0,1,1,2,66.66666666666666,미상,미상,미상,미상,미상
서울특별시재무국장최익명,서울특별시재무국장 최익명,3,0,2,0,2,66.66666666666666,미상,미상,미상,미상,미상
서울특별시제1부시장김재덕,서울특별시제1부시장 김재덕,3,2,0,0,2,66.66666666666666,미상,미상,미상,미상,미상
성덕용위원,성덕용 위원,3,2,0,0,2,66.66666666666666,미상,미상,미상,미상,미상
소위원장박영록,소위원장 박영록,3,2,0,0,2,66.66666666666666,민주당,강원 원주시원성군,남,4선,지역구
소위원장황인원,소위원장 황인원,3,1,0,1,2,66.66666666666666,신민당,"경기 파주,고양군",남,재선,지역구
수산업협동조합중앙회전라남도동구지부장김용규,수산업협동조합중앙회전라남도동구지부장 김용규,3,2,0,0,2,66.66666666666666,미상,미상,미상,미상,미상
수산업협동조합중앙회회장김재식,수산업협동조합중앙회회장 김재식,3,2,0,0,2,66.66666666666666,미상,미상,미상,미상,미상
신형식의원(계속),신형식 의원(계속),3,1,0,1,2,66.66666666666666,민주공화당,전남 고흥,남,4선,지역구
연사이병린,연사 이병린,3,1,0,1,2,66.66666666666666,미상,미상,미상,미상,미상
오중렬위원,오중렬 위원,3,2,0,0,2,66.66666666666666,미상,미상,미상,미상,미상
외교연구원장한유동,외교연구원장 한유동,3,2,0,0,2,66.66666666666666,미상,미상,미상,미상,미상
외무위원장김세련,외무위원장 김세련,3,1,1,0,2,66.66666666666666,유신정우회,미상,남,초선,통일주체국민회의
외무위원장대리정일형,외무위원장대리 정일형,3,1,0,1,2,66.66666666666666,신민당,서울 중구,남,8선,지역구
우홍구의원,우홍구 의원,3,1,0,1,2,66.66666666666666,신민당,경북 의성군,남,재선,지역구
이동원의원,이동원 의원,3,1,1,0,2,66.66666666666666,민주공화당,미상,남,4선,전국구
이원영의원,이원영 의원,3,2,0,0,2,66.66666666666666,민주공화당,미상,남,초선,전국구
이중재의원(계속),이중재 의원(계속),3,2,0,0,2,66.66666666666666,민정당,미상,남,6선,전국구
이효상의원,이효상 의원,3,1,0,1,2,66.66666666666666,민주공화당,"경북 대구시,남구",남,5선,지역구
재무부국고과장이건중,재무부국고과장 이건중,3,2,0,0,2,66.66666666666666,미상,미상,미상,미상,미상
전라남도보건사회국사회과장임계환,전라남도보건사회국사회과장 임계환,3,2,0,0,2,66.66666666666666,미상,미상,미상,미상,미상
전라남도보건사회국장최정학,전라남도보건사회국장 최정학,3,2,0,0,2,66.66666666666666,미상,미상,미상,미상,미상
전매청차장최영환,전매청차장 최영환,3,2,0,0,2,66.66666666666666,미상,미상,미상,미상,미상
전문위원백운봉,전문위원 백운봉,3,1,0,1,2,66.66666666666666,미상,미상,미상,미상,미상
정간용의원,정간용 의원,3,1,0,1,2,66.66666666666666,민주공화당,전남 완도군,남,재선,지역구
정상구위원(위원,정상구 위원(위원,3,2,0,0,2,66.66666666666666,신민당,부산 진구갑,남,5선,지역구
정일형의원(계속),정일형 의원(계속),3,1,0,1,2,66.66666666666666,민주당,서울 중구,남,8선,지역구
조일환의원(계속),조일환 의원(계속),3,2,0,0,2,66.66666666666666,신민당,"경북 대구시,북,서구",남,4선,지역구
조한백의원,조한백 의원,3,1,0,1,2,66.66666666666666,신민당,서울 성동구갑,남,4선,지역구
증권거래소상무이사김승준,증권거래소상무이사 김승준,3,2,0,0,2,66.66666666666666,미상,미상,미상,미상,미상
증인최주평,증인 최주평,3,2,0,0,2,66.66666666666666,미상,미상,미상,미상,미상
체신부장관이재설,체신부장관 이재설,3,2,0,0,2,66.66666666666666,미상,미상,미상,미상,미상
최병길위원,최병길 위원,3,2,0,0,2,66.66666666666666,신민당,충북 청주,남,초선,지역구
충청남도내무국장정승희,충청남도내무국장 정승희,3,1,0,1,2,66.66666666666666,미상,미상,미상,미상,미상
피감사기관출석자,피감사기관 출석자,3,2,0,0,2,66.66666666666666,미상,미상,미상,미상,미상
한국광업제련공사장항제련소장박상혁,한국광업제련공사장항제련소장 박상혁,3,2,0,0,2,66.66666666666666,미상,미상,미상,미상,미상
한국생산성본부경제개발국장이시봉,한국생산성본부경제개발국장 이시봉,3,2,0,0,2,66.66666666666666,미상,미상,미상,미상,미상
한국은행이사김성환,한국은행이사 김성환,3,2,0,0,2,66.66666666666666,미상,미상,미상,미상,미상
한국전력주식회사상무이사박대진,한국전력주식회사상무이사 박대진,3,2,0,0,2,66.66666666666666,미상,미상,미상,미상,미상
황낙주의원,황낙주 의원,3,0,0,2,2,66.66666666666666,신민당,"경남 진해,창원시",남,7선,지역구
朴璨의원,朴璨 의원,2,0,0,2,2,100.0,미상,미상,미상,미상,미상
강길만의원,강길만 의원,2,0,0,2,2,100.0,무소속,"전남 순천시,구례,승주군",남,초선,지역구
강성원의원,강성원 의원,2,0,1,1,2,100.0,민주공화당,미상,남,초선,전국구
건설위원장대리한태일,건설위원장대리 한태일,2,2,0,0,2,100.0,민주공화당,경남 마산,남,초선,지역구
경기원조정국장이문택,경기원조정국장 이문택,2,2,0,0,2,100.0,미상,미상,미상,미상,미상
경제기획원기획차관보우용해,경제기획원기획차관보 우용해,2,2,0,0,2,100.0,미상,미상,미상,미상,미상
경제기획원운영담당차관보이선희,경제기획원운영담당차관보 이선희,2,1,0,1,2,100.0,미상,미상,미상,미상,미상
경제기획원운영차관보장예준,경제기획원운영차관보 장예준,2,2,0,0,2,100.0,미상,미상,미상,미상,미상
경제기획원장관김유택(계속),경제기획원장관 김유택(계속),2,2,0,0,2,100.0,미상,미상,미상,미상,미상
경제기획원차관보김영준,경제기획원차관보 김영준,2,2,0,0,2,100.0,미상,미상,미상,미상,미상
광주시장정시채,광주시장 정시채,2,2,0,0,2,100.0,미상,미상,미상,미상,미상
교통부장관민병권,교통부장관 민병권,2,2,0,0,2,100.0,유신정우회,미상,남,4선,통일주체국민회의
교통체신위원장대리이우태,교통체신위원장대리 이우태,2,2,0,0,2,100.0,신민당,미상,남,초선,전국구
국립건설연구소소장최종완,국립건설연구소소장 최종완,2,2,0,0,2,100.0,미상,미상,미상,미상,미상
국립산업재활원장구자헌,국립산업재활원장 구자헌,2,2,0,0,2,100.0,미상,미상,미상,미상,미상
국민운동본부장유달영,국민운동본부장 유달영,2,2,0,0,2,100.0,미상,미상,미상,미상,미상
국방위원장대리김정근,국방위원장대리 김정근,2,2,0,0,2,100.0,민주공화당,경북 상주,남,재선,지역구
국제관광공사여행담당이사윤석균,국제관광공사여행담당이사 윤석균,2,0,2,0,2,100.0,미상,미상,미상,미상,미상
국토통일원교육홍보실장조동하,국토통일원교육홍보실장 조동하,2,1,1,0,2,100.0,미상,미상,미상,미상,미상
권중돈의원,권중돈 의원,2,1,0,1,2,100.0,신민당,서울 종로구,남,5선,지역구
김광수의원,김광수 의원,2,1,0,1,2,100.0,무소속,"전북 진안,무주,장수",남,5선,지역구
김기섭의원,김기섭 의원,2,1,0,1,2,100.0,신민당,"경남 충무,통영군",남,초선,지역구
김두현의원,김두현 의원,2,1,0,1,2,100.0,민주공화당,충남 당진,남,초선,지역구
김삼봉의원,김삼봉 의원,2,2,0,0,2,100.0,유신정우회,미상,남,초선,통일주체국민회의
김상년의원,김상년 의원,2,1,0,1,2,100.0,민주공화당,경북 의성군,남,3선,지역구
김세련의원,김세련 의원,2,1,0,1,2,100.0,유신정우회,미상,남,초선,통일주체국민회의
김영병의원,김영병 의원,2,2,0,0,2,100.0,민주공화당,경남 김해,남,재선,지역구
김원만의원(계속),김원만 의원(계속),2,2,0,0,2,100.0,신민당,서울 용산구,남,5선,지역구
김원태의원,김원태 의원,2,2,0,0,2,100.0,민주공화당,충북 괴산군,남,3선,지역구
김장섭의원(위원,김장섭 의원(위원,2,2,0,0,2,100.0,민주공화당,"경북 포항시,영일,울릉군",남,4선,지역구
김재광위원(계속),김재광 위원(계속),2,1,1,0,2,100.0,민정당,서울 서대문구갑,남,8선,지역구
김제원의원,김제원 의원,2,1,0,1,2,100.0,민주공화당,"충남 대덕,연기군",남,재선,지역구
김종철의원,김종철 의원,2,1,0,1,2,100.0,민주공화당,"충남 천안,천원군",남,6선,지역구
김진봉의원,김진봉 의원,2,1,0,1,2,100.0,유신정우회,미상,남,초선,통일주체국민회의
김창규의원,김창규 의원,2,0,1,1,2,100.0,유신정우회,미상,남,초선,통일주체국민회의
김창욱의원,김창욱 의원,2,1,0,1,2,100.0,민주공화당,"경남 의령,함안군",남,초선,지역구
김탁하의원,김탁하 의원,2,1,0,1,2,100.0,미상,미상,미상,미상,미상
내각기획조정실장최주철,내각기획조정실장 최주철,2,2,0,0,2,100.0,미상,미상,미상,미상,미상
내각사무처차장박영석,내각사무처차장 박영석,2,2,0,0,2,100.0,미상,미상,미상,미상,미상
농림부기획관리실장이득룡,농림부기획관리실장 이득룡,2,2,0,0,2,100.0,미상,미상,미상,미상,미상
농수산위원장이병옥,농수산위원장 이병옥,2,2,0,0,2,100.0,민주공화당,"전북 고창,부안군",남,4선,지역구
농정국장설명,농정국장 설명,2,1,0,1,2,100.0,미상,미상,미상,미상,미상
대한고무공업협회이사박원식,대한고무공업협회이사 박원식,2,2,0,0,2,100.0,미상,미상,미상,미상,미상
대한석유공사기획부장나공건,대한석유공사기획부장 나공건,2,2,0,0,2,100.0,미상,미상,미상,미상,미상
대한석탄공사사장박원석,대한석탄공사사장 박원석,2,2,0,0,2,100.0,미상,미상,미상,미상,미상
대한조선공사사장지금,대한조선공사사장 지금,2,2,0,0,2,100.0,미상,미상,미상,미상,미상
무임소장관김윤기,무임소장관 김윤기,2,2,0,0,2,100.0,미상,미상,미상,미상,미상
문교공보위원장대리이돈해,문교공보위원장대리 이돈해,2,2,0,0,2,100.0,민주공화당,"경기 김포,강화",남,초선,지역구
문교부장관류기춘,문교부장관 류기춘,2,1,1,0,2,100.0,미상,미상,미상,미상,미상
문화공보부기획관리실장민유동,문화공보부기획관리실장 민유동,2,2,0,0,2,100.0,미상,미상,미상,미상,미상
박귀수의원,박귀수 의원,2,0,0,2,2,100.0,무소속,"경남 남해,진도군",남,초선,지역구
박규상의원(위원,박규상 의원(위원,2,1,0,1,2,100.0,민주공화당,미상,남,초선,전국구
박노준위원,박노준 위원,2,2,0,0,2,100.0,미상,미상,미상,미상,미상
박동묘의원,박동묘 의원,2,2,0,0,2,100.0,유신정우회,미상,남,재선,통일주체국민회의
박영록의원(위원,박영록 의원(위원,2,2,0,0,2,100.0,민주당,강원 원주시원성군,남,4선,지역구
박재우의원,박재우 의원,2,2,0,0,2,100.0,통일사회당,미상,남,초선,전국구
박찬종의원,박찬종 의원,2,1,0,1,2,100.0,민주공화당,"부산 동,서구",남,5선,지역구
박철의원,박철 의원,2,1,0,1,2,100.0,민주공화당,전남 광주,남,재선,전국구
배길도의원(위원,배길도 의원(위원,2,2,0,0,2,100.0,민주공화당,전남 무안,남,재선,지역구
백영훈의원,백영훈 의원,2,1,0,1,2,100.0,유신정우회,미상,남,재선,통일주체국민회의
법제사법위원장대리김영복,법제사법위원장대리 김영복,2,2,0,0,2,100.0,민주공화당,미상,남,초선,전국구
법제사법위원장대리옥조남,법제사법위원장대리 옥조남,2,2,0,0,2,100.0,민주공화당,"경기 시흥,부천,옹진군",남,초선,지역구
법제사법위원장대리홍승만,법제사법위원장대리 홍승만,2,2,0,0,2,100.0,민주공화당,미상,남,초선,전국구
보건사회위원장대리김성철,보건사회위원장대리 김성철,2,2,0,0,2,100.0,민주공화당,"전북 이리시,익산군",남,재선,지역구
보건사회위원장대리김재소,보건사회위원장대리 김재소,2,0,0,2,2,100.0,민주공화당,"경기 김포,강화",남,초선,지역구
부산지방해운국장이종춘,부산지방해운국장 이종춘,2,2,0,0,2,100.0,미상,미상,미상,미상,미상
부산직할시산업국장이창석,부산직할시산업국장 이창석,2,2,0,0,2,100.0,미상,미상,미상,미상,미상
부의장요는,부의장 요는,2,2,0,0,2,100.0,미상,미상,미상,미상,미상
산림조합연합회충청북도지부장곽주열,산림조합연합회충청북도지부장 곽주열,2,2,0,0,2,100.0,미상,미상,미상,미상,미상
상공부공업제2국기계제1과장이종화,상공부공업제2국기계제1과장 이종화,2,2,0,0,2,100.0,미상,미상,미상,미상,미상
상공부담당관1.,상공부담당관 1.,2,2,0,0,2,100.0,미상,미상,미상,미상,미상
상공부제2공업국장신오식,상공부제2공업국장 신오식,2,2,0,0,2,100.0,미상,미상,미상,미상,미상
상공부지질조사소소장박인규,상공부지질조사소소장 박인규,2,2,0,0,2,100.0,미상,미상,미상,미상,미상
상공위원장대리박삼준,상공위원장대리 박삼준,2,2,0,0,2,100.0,신민당,미상,남,초선,전국구
상공위원장대리송한철,상공위원장대리 송한철,2,2,0,0,2,100.0,민주공화당,"경북 성주,칠곡군",남,재선,지역구
상공위원장오학진,상공위원장 오학진,2,1,1,0,2,100.0,민주공화당,"경기 안양,부천,시흥,옹진군",남,4선,지역구
서울대학교학생처장심상황,서울대학교학생처장 심상황,2,1,1,0,2,100.0,미상,미상,미상,미상,미상
서울연초제조창회계과장오연영,서울연초제조창회계과장 오연영,2,2,0,0,2,100.0,미상,미상,미상,미상,미상
서울특별시내무국장김정오,서울특별시내무국장 김정오,2,1,0,1,2,100.0,미상,미상,미상,미상,미상
소위원장대리신동욱,소위원장대리 신동욱,2,2,0,0,2,100.0,민주공화당,미상,남,초선,전국구
소위원장대리진기배,소위원장대리 진기배,2,2,0,0,2,100.0,신민당,"경북 영양,울진군",남,초선,지역구
소위원장신윤창,소위원장 신윤창,2,2,0,0,2,100.0,민주공화당,"경기 파주,고양군",남,재선,지역구
신동관의원,신동관 의원,2,0,0,2,2,100.0,민주공화당,경남 남해군,남,3선,지역구
신동욱의원,신동욱 의원,2,1,0,1,2,100.0,민주공화당,미상,남,초선,전국구
신하균의원,신하균 의원,2,0,0,2,2,100.0,신민당,"경기 광주,이천",남,3선,지역구
안종열의원,안종열 의원,2,1,0,1,2,100.0,유신정우회,미상,남,초선,통일주체국민회의
연사,연사,2,2,0,0,2,100.0,미상,미상,미상,미상,미상
연사주요한,연사 주요한,2,0,1,1,2,100.0,미상,미상,미상,미상,미상
예산결산특별위원장김유탁,예산결산특별위원장 김유탁,2,2,0,0,2,100.0,민주공화당,"경기 고양시,김포,강화군",남,4선,지역구
예산결산특별위원장대리이원우,예산결산특별위원장대리 이원우,2,2,0,0,2,100.0,민주공화당,경북 영천,남,초선,지역구
예산결산특별위원장박명근,예산결산특별위원장 박명근,2,2,0,0,2,100.0,민주공화당,"경기 의정부시,양주,파주군",남,4선,지역구
예산결산특별위원장안동준,예산결산특별위원장 안동준,2,1,0,1,2,100.0,민주공화당,충북 괴산,남,4선,지역구
예산결산특별위원장이병주,예산결산특별위원장 이병주,2,1,0,1,2,100.0,민주공화당,"충남 공주,논산군",남,3선,지역구
예산국장김학열,예산국장 김학열,2,2,0,0,2,100.0,미상,미상,미상,미상,미상
오유방의원,오유방 의원,2,0,0,2,2,100.0,민주공화당,서울 서대문구,남,3선,지역구
외무부아주국교민과장김상규,외무부아주국교민과장 김상규,2,2,0,0,2,100.0,미상,미상,미상,미상,미상
외무위원장대리오세응,외무위원장대리 오세응,2,1,0,1,2,100.0,신민당,"경기 성남,여주,광주,이천",남,7선,지역구
외무위원장대리차지철,외무위원장대리 차지철,2,0,0,2,2,100.0,민주공화당,"경기 광주,이천",남,4선,지역구
육군본부군수참모부시설처장이만복,육군본부군수참모부시설처장 이만복,2,1,1,0,2,100.0,미상,미상,미상,미상,미상
육군참모차장김계원,육군참모차장 김계원,2,2,0,0,2,100.0,미상,미상,미상,미상,미상
윤주영의원,윤주영 의원,2,0,0,2,2,100.0,유신정우회,미상,남,초선,통일주체국민회의
의장모든,의장 모든,2,1,0,1,2,100.0,미상,미상,미상,미상,미상
이상익위원,이상익 위원,2,2,0,0,2,100.0,민주공화당,충남 서천,남,4선,지역구
이활의원,이활 의원,2,2,0,0,2,100.0,민주공화당,경북 영천,남,초선,지역구
임병수의원(위원,임병수 의원(위원,2,1,1,0,2,100.0,민주공화당,"제주 제주,북제주군",남,초선,지역구
임인채의원,임인채 의원,2,1,0,1,2,100.0,민주공화당,"전남 광산,나주",남,초선,지역구
장덕진(서울)위원,장덕진(서울) 위원,2,2,0,0,2,100.0,민주공화당,서울 영등포구갑,남,초선,지역구
장동식의원,장동식 의원,2,0,0,2,2,100.0,유신정우회,미상,남,초선,통일주체국민회의
장승태의원,장승태 의원,2,2,0,0,2,100.0,민주공화당,"강원 영월,정선군",남,4선,지역구
재무부이재국장김용환,재무부이재국장 김용환,2,2,0,0,2,100.0,미상,미상,미상,미상,미상
재무부장관앞으로,재무부장관 앞으로,2,2,0,0,2,100.0,미상,미상,미상,미상,미상
재무부장관천병규,재무부장관 천병규,2,2,0,0,2,100.0,미상,미상,미상,미상,미상
재무위원장김임식,재무위원장 김임식,2,0,0,2,2,100.0,민주공화당,부산 진구,남,4선,지역구
재정경제위원장대리이호범,재정경제위원장대리 이호범,2,2,0,0,2,100.0,민주공화당,전남 나주군,남,초선,지역구
전남대학교공과대학장오항기,전남대학교공과대학장 오항기,2,2,0,0,2,100.0,미상,미상,미상,미상,미상
전남대학교농과대학장고재천,전남대학교농과대학장 고재천,2,1,0,1,2,100.0,미상,미상,미상,미상,미상
전라남도부지사장형태,전라남도부지사 장형태,2,1,0,1,2,100.0,미상,미상,미상,미상,미상
전매청업무국장홍승환,전매청업무국장 홍승환,2,2,0,0,2,100.0,미상,미상,미상,미상,미상
전매청차장우리가,전매청차장 우리가,2,2,0,0,2,100.0,미상,미상,미상,미상,미상
전문위원유호선,전문위원 유호선,2,2,0,0,2,100.0,미상,미상,미상,미상,미상
전재구의원,전재구 의원,2,1,0,1,2,100.0,유신정우회,미상,남,초선,통일주체국민회의
정래혁의원,정래혁 의원,2,0,0,2,2,100.0,민주공화당,"서울 성북,도봉구",남,3선,지역구
정무식의원,정무식 의원,2,0,0,2,2,100.0,민주공화당,경북 영일군,남,재선,지역구
정우식의원,정우식 의원,2,0,0,2,2,100.0,민주공화당,"경남 산청,함양,거창군",남,재선,지역구
정재호의원,정재호 의원,2,1,0,1,2,100.0,유신정우회,미상,남,재선,통일주체국민회의
정진동의원(위원,정진동 의원(위원,2,2,0,0,2,100.0,민주공화당,경북 예천,남,재선,지역구
정판국의원,정판국 의원,2,1,0,1,2,100.0,민주공화당,전남 신안군,남,초선,지역구
제2소위원장대리최영근,제2소위원장대리 최영근,2,2,0,0,2,100.0,민주당,경남 울산시울주구,남,3선,지역구
조달청기획관리관유상규,조달청기획관리관 유상규,2,2,0,0,2,100.0,미상,미상,미상,미상,미상
주아이보리코스트대사강춘희,주아이보리코스트대사 강춘희,2,2,0,0,2,100.0,미상,미상,미상,미상,미상
주월한국군사령관이세호,주월한국군사령관 이세호,2,0,1,1,2,100.0,미상,미상,미상,미상,미상
중부국토건설국축항과장장인섭,중부국토건설국축항과장 장인섭,2,2,0,0,2,100.0,미상,미상,미상,미상,미상
증인김정렴,증인 김정렴,2,0,0,2,2,100.0,미상,미상,미상,미상,미상
진해화학사장김창규,진해화학사장 김창규,2,2,0,0,2,100.0,미상,미상,미상,미상,미상
차형근의원(위원,차형근 의원(위원,2,2,0,0,2,100.0,민주공화당,"전북 군산시,옥구",남,초선,지역구
참고인박동운,참고인 박동운,2,1,0,1,2,100.0,미상,미상,미상,미상,미상
철도청장이동섭,철도청장 이동섭,2,2,0,0,2,100.0,미상,미상,미상,미상,미상
철도청차장윤종혁,철도청차장 윤종혁,2,2,0,0,2,100.0,미상,미상,미상,미상,미상
체신부전무국장이우연,체신부전무국장 이우연,2,2,0,0,2,100.0,미상,미상,미상,미상,미상
최고위원유원식,최고위원 유원식,2,1,0,1,2,100.0,미상,미상,미상,미상,미상
최용수의원,최용수 의원,2,1,0,1,2,100.0,민주공화당,미상,남,재선,전국구
출석위원(25인),출석 위원(25인),2,2,0,0,2,100.0,미상,미상,미상,미상,미상
태국대사유재흥,태국대사 유재흥,2,1,0,1,2,100.0,미상,미상,미상,미상,미상
편용호의원,편용호 의원,2,2,0,0,2,100.0,신민당,미상,남,재선,전국구
포항종합제철사장박태준,포항종합제철사장 박태준,2,1,0,1,2,100.0,미상,미상,미상,미상,미상
한국개발금융주식회사대표이사김진형,한국개발금융주식회사대표이사 김진형,2,2,0,0,2,100.0,미상,미상,미상,미상,미상
한상진위원,한상진 위원,2,2,0,0,2,100.0,미상,미상,미상,미상,미상
해사행정특별심의위원장신현확,해사행정특별심의위원장 신현확,2,2,0,0,2,100.0,미상,미상,미상,미상,미상
현오봉의원,현오봉 의원,2,2,0,0,2,100.0,민주공화당,제주 남제주군,남,6선,지역구
홍승만의원,홍승만 의원,2,2,0,0,2,100.0,민주공화당,미상,남,초선,전국구
홍익표의원(위원,홍익표 의원(위원,2,2,0,0,2,100.0,민주당,"경기 연천,포천,가평군",남,6선,지역구
황은환의원,황은환 의원,2,1,0,1,2,100.0,신민당,경남 마산,남,초선,지역구
증인김기복,증인 김기복,322,1,0,0,1,0.3105590062111801,미상,미상,미상,미상,미상
증인황태성,증인 황태성,310,1,0,0,1,0.3225806451612903,미상,미상,미상,미상,미상
증인박판술,증인 박판술,288,1,0,0,1,0.3472222222222222,미상,미상,미상,미상,미상
증인동영선,증인 동영선,281,0,1,0,1,0.3558718861209964,미상,미상,미상,미상,미상
증인김영기,증인 김영기,257,0,1,0,1,0.38910505836575876,미상,미상,미상,미상,미상
증인장재원,증인 장재원,249,1,0,0,1,0.4016064257028112,미상,미상,미상,미상,미상
부의장이의,부의장 이의,233,1,0,0,1,0.4291845493562232,미상,미상,미상,미상,미상
증인김명신,증인 김명신,226,1,0,0,1,0.4424778761061947,미상,미상,미상,미상,미상
증인김철영,증인 김철영,201,1,0,0,1,0.4975124378109453,미상,미상,미상,미상,미상
증인나순자,증인 나순자,175,1,0,0,1,0.5714285714285714,미상,미상,미상,미상,미상
증인박봉오,증인 박봉오,174,1,0,0,1,0.5747126436781609,미상,미상,미상,미상,미상
증인이삼조,증인 이삼조,169,1,0,0,1,0.591715976331361,미상,미상,미상,미상,미상
증인김백두,증인 김백두,157,1,0,0,1,0.6369426751592357,미상,미상,미상,미상,미상
풍국해운주식회사이사박현규,풍국해운주식회사이사 박현규,147,1,0,0,1,0.6802721088435374,미상,미상,미상,미상,미상
증인양길용,증인 양길용,141,1,0,0,1,0.7092198581560284,미상,미상,미상,미상,미상
증인김병호,증인 김병호,119,1,0,0,1,0.8403361344537815,미상,미상,미상,미상,미상
증인장택상,증인 장택상,118,0,1,0,1,0.847457627118644,미상,미상,미상,미상,미상
증인권오형,증인 권오형,115,1,0,0,1,0.8695652173913043,미상,미상,미상,미상,미상
증인강재성,증인 강재성,111,1,0,0,1,0.9009009009009009,미상,미상,미상,미상,미상
증인정덕교,증인 정덕교,94,1,0,0,1,1.0638297872340425,미상,미상,미상,미상,미상
증인이강묵,증인 이강묵,92,0,1,0,1,1.0869565217391304,미상,미상,미상,미상,미상
증인김태호,증인 김태호,91,0,1,0,1,1.098901098901099,미상,미상,미상,미상,미상
증인이갑선,증인 이갑선,88,1,0,0,1,1.1363636363636365,미상,미상,미상,미상,미상
출석감사위원(6인),출석 감사위원(6인),78,0,1,0,1,1.282051282051282,미상,미상,미상,미상,미상
증인심재후,증인 심재후,77,0,1,0,1,1.2987012987012987,미상,미상,미상,미상,미상
위원장대리배길도,위원장대리 배길도,72,1,0,0,1,1.3888888888888888,민주공화당,전남 무안,남,재선,지역구
증인한래원,증인 한래원,70,1,0,0,1,1.4285714285714286,미상,미상,미상,미상,미상
의사국장조종현,의사국장 조종현,66,1,0,0,1,1.5151515151515151,미상,미상,미상,미상,미상
증인김향환,증인 김향환,66,1,0,0,1,1.5151515151515151,미상,미상,미상,미상,미상
반장이상철,반장 이상철,62,1,0,0,1,1.6129032258064515,국민의당,"충남 청양,홍성군",남,3선,지역구
위원장대리오원선,위원장대리 오원선,62,0,1,0,1,1.6129032258064515,민주공화당,"충북 진천,음성군",남,초선,지역구
서기관박노주,서기관 박노주,58,1,0,0,1,1.7241379310344827,미상,미상,미상,미상,미상
증인이성주,증인 이성주,58,1,0,0,1,1.7241379310344827,미상,미상,미상,미상,미상
반장이승춘,반장 이승춘,57,1,0,0,1,1.7543859649122806,민주공화당,"강원 홍천,인제군",남,재선,지역구
참고인정문식,참고인 정문식,57,1,0,0,1,1.7543859649122806,미상,미상,미상,미상,미상
반장대리문태준,반장대리 문태준,56,1,0,0,1,1.7857142857142856,민주공화당,"경북 청송,영덕",남,4선,지역구
증인우인기,증인 우인기,54,0,1,0,1,1.8518518518518516,미상,미상,미상,미상,미상
증인박영호,증인 박영호,53,1,0,0,1,1.8867924528301887,미상,미상,미상,미상,미상
증인신정호,증인 신정호,50,0,0,1,1,2.0,미상,미상,미상,미상,미상
증인정영모,증인 정영모,50,0,1,0,1,2.0,미상,미상,미상,미상,미상
증인권정달,증인 권정달,49,1,0,0,1,2.0408163265306123,미상,미상,미상,미상,미상
증인김병훈,증인 김병훈,49,1,0,0,1,2.0408163265306123,미상,미상,미상,미상,미상
증인우제록,증인 우제록,49,0,1,0,1,2.0408163265306123,미상,미상,미상,미상,미상
증인박신흘,증인 박신흘,47,1,0,0,1,2.127659574468085,미상,미상,미상,미상,미상
반장김창근,반장 김창근,46,1,0,0,1,2.1739130434782608,민주공화당,경북 영주,남,4선,지역구
증인정기성,증인 정기성,46,1,0,0,1,2.1739130434782608,미상,미상,미상,미상,미상
증인이철수,증인 이철수,45,1,0,0,1,2.2222222222222223,미상,미상,미상,미상,미상
계엄사령관민기식,계엄사령관 민기식,44,1,0,0,1,2.272727272727273,미상,미상,미상,미상,미상
서기관주문옥,서기관 주문옥,44,1,0,0,1,2.272727272727273,미상,미상,미상,미상,미상
증인이규홍,증인 이규홍,43,0,0,1,1,2.3255813953488373,미상,미상,미상,미상,미상
증인김상원,증인 김상원,42,1,0,0,1,2.380952380952381,미상,미상,미상,미상,미상
증인전재근,증인 전재근,41,1,0,0,1,2.4390243902439024,미상,미상,미상,미상,미상
반장대리김재춘,반장대리 김재춘,40,1,0,0,1,2.5,민중당,"경기 김포,강화",남,재선,지역구
서기관장창종,서기관 장창종,40,1,0,0,1,2.5,미상,미상,미상,미상,미상
증인이정하,증인 이정하,39,1,0,0,1,2.564102564102564,미상,미상,미상,미상,미상
증인방윤찬,증인 방윤찬,38,0,1,0,1,2.631578947368421,미상,미상,미상,미상,미상
증인이창석,증인 이창석,37,0,1,0,1,2.7027027027027026,미상,미상,미상,미상,미상
참고인김용린,참고인 김용린,37,0,1,0,1,2.7027027027027026,미상,미상,미상,미상,미상
증인민병호,증인 민병호,36,1,0,0,1,2.7777777777777777,미상,미상,미상,미상,미상
사무관김종수,사무관 김종수,35,1,0,0,1,2.857142857142857,미상,미상,미상,미상,미상
증인기천식,증인 기천식,35,1,0,0,1,2.857142857142857,미상,미상,미상,미상,미상
증인채수만,증인 채수만,35,1,0,0,1,2.857142857142857,미상,미상,미상,미상,미상
참고인이봉성,참고인 이봉성,34,0,1,0,1,2.941176470588235,미상,미상,미상,미상,미상
증인이영복,증인 이영복,33,1,0,0,1,3.0303030303030303,미상,미상,미상,미상,미상
반장김유탁,반장 김유탁,32,1,0,0,1,3.125,민주공화당,미상,남,4선,전국구
섭외실장김옥진,섭외실장 김옥진,32,1,0,0,1,3.125,미상,미상,미상,미상,미상
증인조병집,증인 조병집,32,1,0,0,1,3.125,미상,미상,미상,미상,미상
한국해운조합전무이사서정열,한국해운조합전무이사 서정열,32,1,0,0,1,3.125,미상,미상,미상,미상,미상
증인김용견,증인 김용견,30,1,0,0,1,3.3333333333333335,미상,미상,미상,미상,미상
증인장지수,증인 장지수,30,0,1,0,1,3.3333333333333335,미상,미상,미상,미상,미상
출석위원(22인),출석 위원(22인),29,1,0,0,1,3.4482758620689653,미상,미상,미상,미상,미상
반장대리류광현,반장대리 류광현,28,1,0,0,1,3.571428571428571,미상,미상,미상,미상,미상
반장대리배길도,반장대리 배길도,28,1,0,0,1,3.571428571428571,민주공화당,전남 무안,남,재선,지역구
위원과장이필용,위원과장 이필용,28,1,0,0,1,3.571428571428571,미상,미상,미상,미상,미상
중부세무서장황하주,중부세무서장 황하주,27,0,1,0,1,3.7037037037037033,미상,미상,미상,미상,미상
참고인김병화,참고인 김병화,27,1,0,0,1,3.7037037037037033,미상,미상,미상,미상,미상
반장대리이재만,반장대리 이재만,26,1,0,0,1,3.8461538461538463,민주공화당,경남 밀양,남,초선,지역구
서기관김상철,서기관 김상철,26,1,0,0,1,3.8461538461538463,미상,미상,미상,미상,미상
서기관최인수,서기관 최인수,26,1,0,0,1,3.8461538461538463,미상,미상,미상,미상,미상
손자문,손 자문,26,1,0,0,1,3.8461538461538463,미상,미상,미상,미상,미상
한국선주협회회장임광섭,한국선주협회회장 임광섭,26,1,0,0,1,3.8461538461538463,미상,미상,미상,미상,미상
반장대리조창대,반장대리 조창대,25,1,0,0,1,4.0,민주공화당,"경남 진해,창원시",남,재선,전국구
부이사관허준,부이사관 허준,25,1,0,0,1,4.0,미상,미상,미상,미상,미상
사무관이소현,사무관 이소현,25,0,0,1,1,4.0,미상,미상,미상,미상,미상
증인장대권,증인 장대권,25,1,0,0,1,4.0,미상,미상,미상,미상,미상
참고인이창우,참고인 이창우,25,1,0,0,1,4.0,미상,미상,미상,미상,미상
감사원장대리한종건,감사원장대리 한종건,24,1,0,0,1,4.166666666666666,미상,미상,미상,미상,미상
반장대리김삼상,반장대리 김삼상,24,1,0,0,1,4.166666666666666,민주공화당,"경남 산청,합천군",남,초선,지역구
사무관강신배,사무관 강신배,24,1,0,0,1,4.166666666666666,미상,미상,미상,미상,미상
위원장대리김상현,위원장대리 김상현,24,1,0,0,1,4.166666666666666,신민당,미상,남,6선,전국구
위원장대리김익기,위원장대리 김익기,24,1,0,0,1,4.166666666666666,신민당,미상,남,5선,전국구
증인홍금표,증인 홍금표,24,1,0,0,1,4.166666666666666,미상,미상,미상,미상,미상
반장대리박한상,반장대리 박한상,23,1,0,0,1,4.3478260869565215,신민당,서울 영등포구을,남,6선,지역구
외무부방교국장송광정,외무부방교국장 송광정,23,1,0,0,1,4.3478260869565215,미상,미상,미상,미상,미상
증인이숙종,증인 이숙종,23,1,0,0,1,4.3478260869565215,미상,미상,미상,미상,미상
서기관이한용,서기관 이한용,22,1,0,0,1,4.545454545454546,미상,미상,미상,미상,미상
증인박동언,증인 박동언,22,1,0,0,1,4.545454545454546,미상,미상,미상,미상,미상
증인오광수,증인 오광수,22,1,0,0,1,4.545454545454546,미상,미상,미상,미상,미상
공보부방송관리국장홍천,공보부방송관리국장 홍천,21,1,0,0,1,4.761904761904762,미상,미상,미상,미상,미상
반장대리최두고,반장대리 최두고,21,1,0,0,1,4.761904761904762,민주공화당,부산 진구을,남,재선,지역구
보건사회부법무관유준식,보건사회부법무관 유준식,21,0,1,0,1,4.761904761904762,미상,미상,미상,미상,미상
외무부방교국장김인권,외무부방교국장 김인권,21,1,0,0,1,4.761904761904762,미상,미상,미상,미상,미상
출석위원(24인),출석 위원(24인),21,1,0,0,1,4.761904761904762,미상,미상,미상,미상,미상
참고인이정남,참고인 이정남,20,1,0,0,1,5.0,미상,미상,미상,미상,미상
소공세무서장변문규,소공세무서장 변문규,19,1,0,0,1,5.263157894736842,미상,미상,미상,미상,미상
위원장대리한병기,위원장대리 한병기,19,1,0,0,1,5.263157894736842,민주공화당,"강원 속초시,고성,양양",남,초선,지역구
증인김성희,증인 김성희,19,1,0,0,1,5.263157894736842,미상,미상,미상,미상,미상
증인유병옥,증인 유병옥,19,1,0,0,1,5.263157894736842,미상,미상,미상,미상,미상
증인한부일,증인 한부일,18,0,1,0,1,5.555555555555555,미상,미상,미상,미상,미상
체신부우정국장손승록,체신부우정국장 손승록,18,1,0,0,1,5.555555555555555,미상,미상,미상,미상,미상
한국조폐공사사장최홍순,한국조폐공사사장 최홍순,18,1,0,0,1,5.555555555555555,미상,미상,미상,미상,미상
대한석탄공사함백광업소소장김동호,대한석탄공사함백광업소소장 김동호,17,1,0,0,1,5.88235294117647,미상,미상,미상,미상,미상
영주철도국장김명수,영주철도국장 김명수,17,1,0,0,1,5.88235294117647,미상,미상,미상,미상,미상
증인박성범,증인 박성범,17,1,0,0,1,5.88235294117647,미상,미상,미상,미상,미상
교통부해운국해사과장김상진,교통부해운국해사과장 김상진,16,0,1,0,1,6.25,미상,미상,미상,미상,미상
위원장대리김익준,위원장대리 김익준,16,1,0,0,1,6.25,민주공화당,미상,남,재선,전국구
중부보건소장조희증,중부보건소장 조희증,16,1,0,0,1,6.25,미상,미상,미상,미상,미상
한국은행광주지점장윤영표,한국은행광주지점장 윤영표,16,1,0,0,1,6.25,미상,미상,미상,미상,미상
감찰위원회제3국장박배근,감찰위원회제3국장 박배근,15,1,0,0,1,6.666666666666667,미상,미상,미상,미상,미상
문교부편수관이희복,문교부편수관 이희복,15,1,0,0,1,6.666666666666667,미상,미상,미상,미상,미상
반장이병옥,반장 이병옥,15,1,0,0,1,6.666666666666667,민주공화당,전북 부안군,남,4선,지역구
인천공작창장김명수,인천공작창장 김명수,15,1,0,0,1,6.666666666666667,미상,미상,미상,미상,미상
전주방송국장김순경,전주방송국장 김순경,15,1,0,0,1,6.666666666666667,미상,미상,미상,미상,미상
증인차균희,증인 차균희,15,1,0,0,1,6.666666666666667,미상,미상,미상,미상,미상
내무부지방세과장김학중,내무부지방세과장 김학중,14,0,1,0,1,7.142857142857142,미상,미상,미상,미상,미상
대구지방국세청장배도,대구지방국세청장 배도,14,0,0,1,1,7.142857142857142,미상,미상,미상,미상,미상
대한항공공사부사장박성배,대한항공공사부사장 박성배,14,1,0,0,1,7.142857142857142,미상,미상,미상,미상,미상
증인박제국,증인 박제국,14,1,0,0,1,7.142857142857142,미상,미상,미상,미상,미상
총무과장한원조,총무과장 한원조,14,1,0,0,1,7.142857142857142,미상,미상,미상,미상,미상
통지,통지,14,1,0,0,1,7.142857142857142,미상,미상,미상,미상,미상
국세청사찰과장유형석,국세청사찰과장 유형석,13,0,1,0,1,7.6923076923076925,미상,미상,미상,미상,미상
국제관광공사부총재이창수,국제관광공사부총재 이창수,13,1,0,0,1,7.6923076923076925,미상,미상,미상,미상,미상
서울특별시교육위원회재무과장장인기,서울특별시교육위원회재무과장 장인기,13,1,0,0,1,7.6923076923076925,미상,미상,미상,미상,미상
서울특별시보건사회국장김윤환,서울특별시보건사회국장 김윤환,13,1,0,0,1,7.6923076923076925,미상,미상,미상,미상,미상
영남국토건설국제3과장이병기,영남국토건설국제3과장 이병기,13,1,0,0,1,7.6923076923076925,미상,미상,미상,미상,미상
위원장대리박찬,위원장대리 박찬,13,1,0,0,1,7.6923076923076925,민정당,충남 공주,남,3선,지역구
이전문위원,이 전문위원,13,0,1,0,1,7.6923076923076925,미상,미상,미상,미상,미상
증인김정국,증인 김정국,13,1,0,0,1,7.6923076923076925,미상,미상,미상,미상,미상
감사단부단장오정근,감사단부단장 오정근,12,1,0,0,1,8.333333333333332,미상,미상,미상,미상,미상
공보부장관이수영,공보부장관 이수영,12,1,0,0,1,8.333333333333332,미상,미상,미상,미상,미상
국민은행장문상철,국민은행장 문상철,12,0,0,1,1,8.333333333333332,미상,미상,미상,미상,미상
대한주택공사대지담당이사김득모,대한주택공사대지담당이사 김득모,12,1,0,0,1,8.333333333333332,미상,미상,미상,미상,미상
대한항공공사경리부장한흥수,대한항공공사경리부장 한흥수,12,1,0,0,1,8.333333333333332,미상,미상,미상,미상,미상
대한항공공사기획실장강을식,대한항공공사기획실장 강을식,12,1,0,0,1,8.333333333333332,미상,미상,미상,미상,미상
반장대리김중한,반장대리 김중한,12,1,0,0,1,8.333333333333332,민주공화당,"경북 청송,영덕",남,초선,지역구
앨버트의원,앨버트 의원,12,0,0,1,1,8.333333333333332,미상,미상,미상,미상,미상
외무부방교국장이민용,외무부방교국장 이민용,12,1,0,0,1,8.333333333333332,미상,미상,미상,미상,미상
위원장대리이윤용,위원장대리 이윤용,12,1,0,0,1,8.333333333333332,민주공화당,경기 평택,남,초선,지역구
위원장대리전정구,위원장대리 전정구,12,1,0,0,1,8.333333333333332,민주공화당,미상,남,재선,전국구
증인이수일,증인 이수일,12,1,0,0,1,8.333333333333332,미상,미상,미상,미상,미상
참고인김영주,참고인 김영주,12,1,0,0,1,8.333333333333332,미상,미상,미상,미상,미상
경기도교육위원회문정과장최열곤,경기도교육위원회문정과장 최열곤,11,1,0,0,1,9.090909090909092,미상,미상,미상,미상,미상
경상북도산재사무소장천재녕,경상북도산재사무소장 천재녕,11,1,0,0,1,9.090909090909092,미상,미상,미상,미상,미상
광주지방국세청장조경환,광주지방국세청장 조경환,11,0,1,0,1,9.090909090909092,미상,미상,미상,미상,미상
교체위원장대리옥창호,교체위원장대리 옥창호,11,1,0,0,1,9.090909090909092,미상,미상,미상,미상,미상
국세청조사국장서영철,국세청조사국장 서영철,11,1,0,0,1,9.090909090909092,미상,미상,미상,미상,미상
내무부지방국장남봉진,내무부지방국장 남봉진,11,1,0,0,1,9.090909090909092,미상,미상,미상,미상,미상
농림부농정국장직무대리김용원,농림부농정국장직무대리 김용원,11,1,0,0,1,9.090909090909092,미상,미상,미상,미상,미상
농업협동조합중앙회경기도지부장민달식,농업협동조합중앙회경기도지부장 민달식,11,1,0,0,1,9.090909090909092,미상,미상,미상,미상,미상
동대문전화국장김인국,동대문전화국장 김인국,11,1,0,0,1,9.090909090909092,미상,미상,미상,미상,미상
위원과장유용규,위원과장 유용규,11,1,0,0,1,9.090909090909092,미상,미상,미상,미상,미상
위원장대리김병순,위원장대리 김병순,11,1,0,0,1,9.090909090909092,민주공화당,미상,남,4선,전국구
증인이경득,증인 이경득,11,1,0,0,1,9.090909090909092,미상,미상,미상,미상,미상
증인이남룡,증인 이남룡,11,1,0,0,1,9.090909090909092,미상,미상,미상,미상,미상
철도청운수국장이병권,철도청운수국장 이병권,11,1,0,0,1,9.090909090909092,미상,미상,미상,미상,미상
한국마사회총무부장이두남,한국마사회총무부장 이두남,11,0,1,0,1,9.090909090909092,미상,미상,미상,미상,미상
국립건설연구소소장이효승,국립건설연구소소장 이효승,10,1,0,0,1,10.0,미상,미상,미상,미상,미상
국립부산검역소장김완근,국립부산검역소장 김완근,10,1,0,0,1,10.0,미상,미상,미상,미상,미상
김동환의원(위원,김동환 의원(위원,10,0,0,1,1,10.0,민주공화당,미상,남,재선,전국구
김영삼의원(위원,김영삼 의원(위원,10,1,0,0,1,10.0,민정당,부산 서구,남,9선,지역구
대한산림조합연합회장장송주,대한산림조합연합회장 장송주,10,1,0,0,1,10.0,미상,미상,미상,미상,미상
박동묘고문,박동묘 고문,10,1,0,0,1,10.0,미상,미상,미상,미상,미상
상공부기계과장유석기,상공부기계과장 유석기,10,1,0,0,1,10.0,미상,미상,미상,미상,미상
외환은행장홍승희,외환은행장 홍승희,10,1,0,0,1,10.0,미상,미상,미상,미상,미상
의장고문신직수,의장고문 신직수,10,1,0,0,1,10.0,미상,미상,미상,미상,미상
이주일부의장,이주일 부의장,10,1,0,0,1,10.0,미상,미상,미상,미상,미상
임시위원장정직래,임시위원장 정직래,10,0,1,0,1,10.0,민주공화당,충북 영동군,남,초선,지역구
재무부국고국장대리김영일,재무부국고국장대리 김영일,10,1,0,0,1,10.0,미상,미상,미상,미상,미상
전라북도보건사회국장임성재,전라북도보건사회국장 임성재,10,1,0,0,1,10.0,미상,미상,미상,미상,미상
증인김호칠,증인 김호칠,10,0,0,1,1,10.0,민주공화당,미상,남,초선,전국구
증인심용현,증인 심용현,10,1,0,0,1,10.0,미상,미상,미상,미상,미상
참고인김재명,참고인 김재명,10,1,0,0,1,10.0,미상,미상,미상,미상,미상
참고인남문희,참고인 남문희,10,1,0,0,1,10.0,미상,미상,미상,미상,미상
청원자김종구,청원자 김종구,10,1,0,0,1,10.0,미상,미상,미상,미상,미상
청주지방검찰청검사장이근수,청주지방검찰청검사장 이근수,10,1,0,0,1,10.0,미상,미상,미상,미상,미상
경인고속도로현장사무소장한유록,경인고속도로현장사무소장 한유록,9,1,0,0,1,11.11111111111111,미상,미상,미상,미상,미상
국세청세정감독관박영호,국세청세정감독관 박영호,9,1,0,0,1,11.11111111111111,미상,미상,미상,미상,미상
기술과장김진홍,기술과장 김진홍,9,1,0,0,1,11.11111111111111,미상,미상,미상,미상,미상
문화재관리국장정문순,문화재관리국장 정문순,9,0,0,1,1,11.11111111111111,미상,미상,미상,미상,미상
반장대리김용진,반장대리 김용진,9,1,0,0,1,11.11111111111111,민주공화당,전북 전주,남,초선,지역구
반장대리박영록,반장대리 박영록,9,1,0,0,1,11.11111111111111,신민당,강원 원주시원성군,남,4선,지역구
부산지방검찰청검사장나길조,부산지방검찰청검사장 나길조,9,1,0,0,1,11.11111111111111,미상,미상,미상,미상,미상
사무관박상준,사무관 박상준,9,1,0,0,1,11.11111111111111,미상,미상,미상,미상,미상
서울대학교법과대학장김기두,서울대학교법과대학장 김기두,9,1,0,0,1,11.11111111111111,미상,미상,미상,미상,미상
서울영림서장이진성,서울영림서장 이진성,9,1,0,0,1,11.11111111111111,미상,미상,미상,미상,미상
영남국토건설국서무과장심재욱,영남국토건설국서무과장 심재욱,9,1,0,0,1,11.11111111111111,미상,미상,미상,미상,미상
원자력연구소서무과장두진규,원자력연구소서무과장 두진규,9,1,0,0,1,11.11111111111111,미상,미상,미상,미상,미상
의장고문(곽),의장고문 (곽),9,1,0,0,1,11.11111111111111,미상,미상,미상,미상,미상
중부지방국세청장장재식,중부지방국세청장 장재식,9,1,0,0,1,11.11111111111111,미상,미상,미상,미상,미상
증인이규섭,증인 이규섭,9,1,0,0,1,11.11111111111111,미상,미상,미상,미상,미상
출석감사위원(23인),출석 감사위원(23인),9,1,0,0,1,11.11111111111111,미상,미상,미상,미상,미상
회부된청원,회부된 청원,9,1,0,0,1,11.11111111111111,미상,미상,미상,미상,미상
감사원사무차장이정삼,감사원사무차장 이정삼,8,1,0,0,1,12.5,미상,미상,미상,미상,미상
감사원사무총장김사도,감사원사무총장 김사도,8,1,0,0,1,12.5,미상,미상,미상,미상,미상
공보부공보국장이성철,공보부공보국장 이성철,8,1,0,0,1,12.5,미상,미상,미상,미상,미상
관리과장이광덕,관리과장 이광덕,8,1,0,0,1,12.5,미상,미상,미상,미상,미상
김포세관장김역수,김포세관장 김역수,8,1,0,0,1,12.5,미상,미상,미상,미상,미상
내무부치안국장한옥신,내무부치안국장 한옥신,8,1,0,0,1,12.5,미상,미상,미상,미상,미상
농림부농지국부기감이정하,농림부농지국부기감 이정하,8,1,0,0,1,12.5,미상,미상,미상,미상,미상
박준규의원(위원,박준규 의원(위원,8,1,0,0,1,12.5,민주공화당,서울 성동구을,남,9선,지역구
부의장이것은,부의장 이것은,8,1,0,0,1,12.5,미상,미상,미상,미상,미상
부의장현재,부의장 현재,8,1,0,0,1,12.5,미상,미상,미상,미상,미상
서울대학교학생처장심종섭,서울대학교학생처장 심종섭,8,1,0,0,1,12.5,미상,미상,미상,미상,미상
서울특별시경찰국장장동식,서울특별시경찰국장 장동식,8,1,0,0,1,12.5,미상,미상,미상,미상,미상
소공동세무서장차용극,소공동세무서장 차용극,8,1,0,0,1,12.5,미상,미상,미상,미상,미상
업무이사노창호,업무이사 노창호,8,0,0,1,1,12.5,미상,미상,미상,미상,미상
외무부영사국장안광수,외무부영사국장 안광수,8,0,1,0,1,12.5,미상,미상,미상,미상,미상
외무부총무과장지성구,외무부총무과장 지성구,8,1,0,0,1,12.5,미상,미상,미상,미상,미상
장경순의원(위원,장경순 의원(위원,8,0,0,1,1,12.5,민주공화당,전북 김제,남,5선,지역구
재경위원유병현,재경위원 유병현,8,1,0,0,1,12.5,미상,미상,미상,미상,미상
전라남도교육위원회학무국장정병택,전라남도교육위원회학무국장 정병택,8,0,1,0,1,12.5,미상,미상,미상,미상,미상
전매청예산관홍형기,전매청예산관 홍형기,8,1,0,0,1,12.5,미상,미상,미상,미상,미상
제일은행장이보형,제일은행장 이보형,8,1,0,0,1,12.5,미상,미상,미상,미상,미상
증인김병화,증인 김병화,8,1,0,0,1,12.5,미상,미상,미상,미상,미상
참고인이상기,참고인 이상기,8,1,0,0,1,12.5,미상,미상,미상,미상,미상
창장박찬현,창장 박찬현,8,1,0,0,1,12.5,미상,미상,미상,미상,미상
청주지방법원장이재옥,청주지방법원장 이재옥,8,1,0,0,1,12.5,미상,미상,미상,미상,미상
춘천지방검찰청검사장최찬식,춘천지방검찰청검사장 최찬식,8,1,0,0,1,12.5,미상,미상,미상,미상,미상
한강세무서장길경식,한강세무서장 길경식,8,1,0,0,1,12.5,미상,미상,미상,미상,미상
한국은행이사김봉은,한국은행이사 김봉은,8,1,0,0,1,12.5,미상,미상,미상,미상,미상
해양경찰대정보계장강일선,해양경찰대정보계장 강일선,8,1,0,0,1,12.5,미상,미상,미상,미상,미상
광주고등법원장이재옥,광주고등법원장 이재옥,7,1,0,0,1,14.285714285714285,미상,미상,미상,미상,미상
교통부기획관리실장정인화,교통부기획관리실장 정인화,7,1,0,0,1,14.285714285714285,미상,미상,미상,미상,미상
국토건설청장제안이유,국토건설청장 제안이유,7,1,0,0,1,14.285714285714285,미상,미상,미상,미상,미상
길기상대령,길기상 대령,7,1,0,0,1,14.285714285714285,미상,미상,미상,미상,미상
농림부농정국장남욱,농림부농정국장 남욱,7,1,0,0,1,14.285714285714285,미상,미상,미상,미상,미상
농림부양정국장김창기,농림부양정국장 김창기,7,1,0,0,1,14.285714285714285,미상,미상,미상,미상,미상
대한산림조합연합회중앙회회장장송주,대한산림조합연합회중앙회회장 장송주,7,1,0,0,1,14.285714285714285,미상,미상,미상,미상,미상
무임소장관김용식,무임소장관 김용식,7,1,0,0,1,14.285714285714285,미상,미상,미상,미상,미상
문화공보부예술국장김영권,문화공보부예술국장 김영권,7,1,0,0,1,14.285714285714285,미상,미상,미상,미상,미상
문화공보부예술국장김진영,문화공보부예술국장 김진영,7,1,0,0,1,14.285714285714285,미상,미상,미상,미상,미상
법무부차관서일교,법무부차관 서일교,7,1,0,0,1,14.285714285714285,미상,미상,미상,미상,미상
법사위자문위원유민상,법사위자문위원 유민상,7,1,0,0,1,14.285714285714285,미상,미상,미상,미상,미상
법사자문이병두,법사자문 이병두,7,1,0,0,1,14.285714285714285,미상,미상,미상,미상,미상
보사부장관제안이유,보사부장관 제안이유,7,1,0,0,1,14.285714285714285,미상,미상,미상,미상,미상
사무총장서리권경식,사무총장서리 권경식,7,1,0,0,1,14.285714285714285,미상,미상,미상,미상,미상
서울우유협동조합장박남원,서울우유협동조합장 박남원,7,1,0,0,1,14.285714285714285,미상,미상,미상,미상,미상
서울특별시립중부병원서무과장정찬화,서울특별시립중부병원서무과장 정찬화,7,1,0,0,1,14.285714285714285,미상,미상,미상,미상,미상
수협전남동구지부장김동환,수협전남동구지부장 김동환,7,0,0,1,1,14.285714285714285,미상,미상,미상,미상,미상
신옥철의원,신옥철 의원,7,1,0,0,1,14.285714285714285,민주공화당,"강원 춘천,춘성",남,초선,지역구
인천공작창장고우진,인천공작창장 고우진,7,1,0,0,1,14.285714285714285,미상,미상,미상,미상,미상
인천중공업주식회사기술이사박경만,인천중공업주식회사기술이사 박경만,7,1,0,0,1,14.285714285714285,미상,미상,미상,미상,미상
전라북도교육감김용환,전라북도교육감 김용환,7,1,0,0,1,14.285714285714285,미상,미상,미상,미상,미상
전라북도도로국장김약수,전라북도도로국장 김약수,7,1,0,0,1,14.285714285714285,미상,미상,미상,미상,미상
주유엔대사김용식,주유엔대사 김용식,7,1,0,0,1,14.285714285714285,미상,미상,미상,미상,미상
중앙선거관리위원회선거관리과장정경묵,중앙선거관리위원회선거관리과장 정경묵,7,0,1,0,1,14.285714285714285,미상,미상,미상,미상,미상
증인강종수,증인 강종수,7,1,0,0,1,14.285714285714285,미상,미상,미상,미상,미상
증인김동준,증인 김동준,7,1,0,0,1,14.285714285714285,미상,미상,미상,미상,미상
지질조사소장이정환,지질조사소장 이정환,7,1,0,0,1,14.285714285714285,미상,미상,미상,미상,미상
철도청공전국장서석인,철도청공전국장 서석인,7,1,0,0,1,14.285714285714285,미상,미상,미상,미상,미상
청주지방검찰청검사장민흥식,청주지방검찰청검사장 민흥식,7,1,0,0,1,14.285714285714285,미상,미상,미상,미상,미상
춘천농과대학학장함인섭,춘천농과대학학장 함인섭,7,1,0,0,1,14.285714285714285,미상,미상,미상,미상,미상
출석위원(26인),출석 위원(26인),7,1,0,0,1,14.285714285714285,미상,미상,미상,미상,미상
감찰위원회제3국감찰관김인섭,감찰위원회제3국감찰관 김인섭,6,1,0,0,1,16.666666666666664,미상,미상,미상,미상,미상
경찰국장최정환,경찰국장 최정환,6,1,0,0,1,16.666666666666664,미상,미상,미상,미상,미상
공보부장관이원우,공보부장관 이원우,6,1,0,0,1,16.666666666666664,미상,미상,미상,미상,미상
광주지방원호청장이형기,광주지방원호청장 이형기,6,1,0,0,1,16.666666666666664,미상,미상,미상,미상,미상
교통부공로운수과장정춘택,교통부공로운수과장 정춘택,6,1,0,0,1,16.666666666666664,미상,미상,미상,미상,미상
교통부관광국업무과장양한식,교통부관광국업무과장 양한식,6,0,1,0,1,16.666666666666664,미상,미상,미상,미상,미상
국토보전국장서정우,국토보전국장 서정우,6,1,0,0,1,16.666666666666664,미상,미상,미상,미상,미상
대한석탄공사기획부장백사익,대한석탄공사기획부장 백사익,6,1,0,0,1,16.666666666666664,미상,미상,미상,미상,미상
문교공보위원장대리김성두,문교공보위원장대리 김성두,6,1,0,0,1,16.666666666666664,민주공화당,미상,남,재선,전국구
문교부문예체육국장이철희,문교부문예체육국장 이철희,6,1,0,0,1,16.666666666666664,미상,미상,미상,미상,미상
보건사회부보건위생과장서정현,보건사회부보건위생과장 서정현,6,1,0,0,1,16.666666666666664,미상,미상,미상,미상,미상
서울세관징수과장고병헌,서울세관징수과장 고병헌,6,1,0,0,1,16.666666666666664,미상,미상,미상,미상,미상
서울특별시교육위원회학무국장최기원,서울특별시교육위원회학무국장 최기원,6,1,0,0,1,16.666666666666664,미상,미상,미상,미상,미상
안전보장회의사무국장배덕진,안전보장회의사무국장 배덕진,6,1,0,0,1,16.666666666666664,미상,미상,미상,미상,미상
양양광업소주재이사윤부영,양양광업소주재이사 윤부영,6,1,0,0,1,16.666666666666664,미상,미상,미상,미상,미상
오학진의원(위원,오학진 의원(위원,6,1,0,0,1,16.666666666666664,민주공화당,미상,남,4선,전국구
울산정유공장공장장J.W.BEST,울산정유공장공장장 J.W.BEST,6,1,0,0,1,16.666666666666664,미상,미상,미상,미상,미상
원호처회계국장이주열,원호처회계국장 이주열,6,1,0,0,1,16.666666666666664,미상,미상,미상,미상,미상
위원장대리류광현,위원장대리 류광현,6,1,0,0,1,16.666666666666664,미상,미상,미상,미상,미상
위원장대리진기배,위원장대리 진기배,6,0,1,0,1,16.666666666666664,신민당,"경북 영양,울진군",남,초선,지역구
위원장직무대행김응주,위원장직무대행 김응주,6,0,1,0,1,16.666666666666664,신민당,부산 중구,남,4선,지역구
의장직무대행최희송,의장직무대행 최희송,6,0,1,0,1,16.666666666666664,민주공화당,미상,남,4선,전국구
입법조사국장정해식,입법조사국장 정해식,6,1,0,0,1,16.666666666666664,미상,미상,미상,미상,미상
제주지방검찰청검사장이근수,제주지방검찰청검사장 이근수,6,0,0,1,1,16.666666666666664,미상,미상,미상,미상,미상
증인이동우,증인 이동우,6,1,0,0,1,16.666666666666664,미상,미상,미상,미상,미상
증인정소영,증인 정소영,6,0,0,1,1,16.666666666666664,미상,미상,미상,미상,미상
증인천병노,증인 천병노,6,1,0,0,1,16.666666666666664,미상,미상,미상,미상,미상
충청남도농촌진흥원장이재현,충청남도농촌진흥원장 이재현,6,1,0,0,1,16.666666666666664,미상,미상,미상,미상,미상
충청남도농촌진흥원장조민신,충청남도농촌진흥원장 조민신,6,1,0,0,1,16.666666666666664,미상,미상,미상,미상,미상
경제기획원경제협력국민간차관과장김형국,경제기획원경제협력국민간차관과장 김형국,5,1,0,0,1,20.0,미상,미상,미상,미상,미상
광주지방법원장방예원,광주지방법원장 방예원,5,0,0,1,1,20.0,미상,미상,미상,미상,미상
국공유지등부정불하진상조사특별위원장김장섭,국공유지등부정불하진상조사특별위원장 김장섭,5,0,0,1,1,20.0,민주공화당,"경북 포항시,영일,울릉군",남,4선,지역구
국립농산물검사소광주지소장염칠환,국립농산물검사소광주지소장 염칠환,5,1,0,0,1,20.0,미상,미상,미상,미상,미상
국립농산물검사소장채관식,국립농산물검사소장 채관식,5,1,0,0,1,20.0,미상,미상,미상,미상,미상
내무부기획관리실장태종학,내무부기획관리실장 태종학,5,1,0,0,1,20.0,미상,미상,미상,미상,미상
내무위원회전문위원이상선,내무위원회전문위원 이상선,5,1,0,0,1,20.0,미상,미상,미상,미상,미상
농촌진흥청차장김봉관,농촌진흥청차장 김봉관,5,1,0,0,1,20.0,미상,미상,미상,미상,미상
농협경상북도지부장민원식,농협경상북도지부장 민원식,5,0,1,0,1,20.0,미상,미상,미상,미상,미상
대한염업주식회사업무이사조의창,대한염업주식회사업무이사 조의창,5,0,1,0,1,20.0,미상,미상,미상,미상,미상
대한주택공사대지이사김득모,대한주택공사대지이사 김득모,5,1,0,0,1,20.0,미상,미상,미상,미상,미상
반장대리차지철,반장대리 차지철,5,1,0,0,1,20.0,민주공화당,"경기 광주,이천",남,4선,지역구
법무부장관조병일,법무부장관 조병일,5,1,0,0,1,20.0,미상,미상,미상,미상,미상
보건사회부보건국위생과장서정현,보건사회부보건국위생과장 서정현,5,1,0,0,1,20.0,미상,미상,미상,미상,미상
부의장박정희,부의장 박정희,5,1,0,0,1,20.0,미상,미상,미상,미상,미상
부이사관이강려,부이사관 이강려,5,1,0,0,1,20.0,미상,미상,미상,미상,미상
산림조합연합회강원도지부장이정복,산림조합연합회강원도지부장 이정복,5,1,0,0,1,20.0,미상,미상,미상,미상,미상
상공부공업제2국장김영배,상공부공업제2국장 김영배,5,1,0,0,1,20.0,미상,미상,미상,미상,미상
상공부금속과장이규동,상공부금속과장 이규동,5,1,0,0,1,20.0,미상,미상,미상,미상,미상
상공부차관제안이유,상공부차관 제안이유,5,1,0,0,1,20.0,미상,미상,미상,미상,미상
상동광업소병원장구필회,상동광업소병원장 구필회,5,1,0,0,1,20.0,미상,미상,미상,미상,미상
서기관한병익,서기관 한병익,5,1,0,0,1,20.0,미상,미상,미상,미상,미상
서울특별시도시계획국도시계획과장한정섭,서울특별시도시계획국도시계획과장 한정섭,5,1,0,0,1,20.0,미상,미상,미상,미상,미상
서울특별시보건사회국장송효정,서울특별시보건사회국장 송효정,5,1,0,0,1,20.0,미상,미상,미상,미상,미상
서울특별시수도국장이상연,서울특별시수도국장 이상연,5,1,0,0,1,20.0,미상,미상,미상,미상,미상
성업공사사장임천순,성업공사사장 임천순,5,1,0,0,1,20.0,미상,미상,미상,미상,미상
수협전남서구지부장조길인,수협전남서구지부장 조길인,5,1,0,0,1,20.0,미상,미상,미상,미상,미상
연사길현모,연사 길현모,5,0,0,1,1,20.0,미상,미상,미상,미상,미상
연사홍승면,연사 홍승면,5,1,0,0,1,20.0,미상,미상,미상,미상,미상
영남화학사장박진석,영남화학사장 박진석,5,1,0,0,1,20.0,미상,미상,미상,미상,미상
외무부조약과장김동휘,외무부조약과장 김동휘,5,1,0,0,1,20.0,미상,미상,미상,미상,미상
외무위원장대리변종봉,외무위원장대리 변종봉,5,0,0,1,1,20.0,민주공화당,"경남 산청,합천군",남,초선,지역구
울산정유공장공무부장전명석,울산정유공장공무부장 전명석,5,1,0,0,1,20.0,미상,미상,미상,미상,미상
위원장대리정일형,위원장대리 정일형,5,0,1,0,1,20.0,신민당,서울 중구,남,8선,지역구
장경순위원,장경순 위원,5,0,0,1,1,20.0,민주공화당,전북 김제,남,5선,지역구
재무부차관이한빈,재무부차관 이한빈,5,1,0,0,1,20.0,미상,미상,미상,미상,미상
전라북도전주시부시장이석진,전라북도전주시부시장 이석진,5,1,0,0,1,20.0,미상,미상,미상,미상,미상
제3공사과장성명식,제3공사과장 성명식,5,1,0,0,1,20.0,미상,미상,미상,미상,미상
주뉴데리총영사임병직,주뉴데리총영사 임병직,5,1,0,0,1,20.0,미상,미상,미상,미상,미상
증인김영년,증인 김영년,5,1,0,0,1,20.0,미상,미상,미상,미상,미상
증인김학렬,증인 김학렬,5,1,0,0,1,20.0,미상,미상,미상,미상,미상
참고인강순명,참고인 강순명,5,0,1,0,1,20.0,미상,미상,미상,미상,미상
철도기술연구소장신현두,철도기술연구소장 신현두,5,1,0,0,1,20.0,미상,미상,미상,미상,미상
철도청운수국장이진구,철도청운수국장 이진구,5,1,0,0,1,20.0,미상,미상,미상,미상,미상
청원인기성도,청원인 기성도,5,1,0,0,1,20.0,미상,미상,미상,미상,미상
춘천지방법원장김병규,춘천지방법원장 김병규,5,0,1,0,1,20.0,미상,미상,미상,미상,미상
충청남도내무국장최재영,충청남도내무국장 최재영,5,1,0,0,1,20.0,미상,미상,미상,미상,미상
토지개량조합연합회경기도지부장장진협,토지개량조합연합회경기도지부장 장진협,5,1,0,0,1,20.0,미상,미상,미상,미상,미상
한국개발금융주식회사사장김진형,한국개발금융주식회사사장 김진형,5,1,0,0,1,20.0,미상,미상,미상,미상,미상
한국전력주식회사건설담당이사신기조,한국전력주식회사건설담당이사 신기조,5,1,0,0,1,20.0,미상,미상,미상,미상,미상
한국전력주식회사영월화력발전소소장이재숙,한국전력주식회사영월화력발전소소장 이재숙,5,1,0,0,1,20.0,미상,미상,미상,미상,미상
해양경찰대경비과장주사원,해양경찰대경비과장 주사원,5,1,0,0,1,20.0,미상,미상,미상,미상,미상
경기도내무국장백태신,경기도내무국장 백태신,4,1,0,0,1,25.0,미상,미상,미상,미상,미상
경상남도부지사이중헌,경상남도부지사 이중헌,4,1,0,0,1,25.0,미상,미상,미상,미상,미상
경상북도농촌진흥원장강성기,경상북도농촌진흥원장 강성기,4,1,0,0,1,25.0,미상,미상,미상,미상,미상
경제기획원예산국장최동규,경제기획원예산국장 최동규,4,1,0,0,1,25.0,미상,미상,미상,미상,미상
경제기획원조사통계국장황병태,경제기획원조사통계국장 황병태,4,1,0,0,1,25.0,미상,미상,미상,미상,미상
경찰국장이규이,경찰국장 이규이,4,1,0,0,1,25.0,미상,미상,미상,미상,미상
공보부차관이원우,공보부차관 이원우,4,1,0,0,1,25.0,미상,미상,미상,미상,미상
교통부공전국장김진식,교통부공전국장 김진식,4,1,0,0,1,25.0,미상,미상,미상,미상,미상
교통부육운국공로운수과장이용걸,교통부육운국공로운수과장 이용걸,4,1,0,0,1,25.0,미상,미상,미상,미상,미상
국립극장장이홍수,국립극장장 이홍수,4,1,0,0,1,25.0,미상,미상,미상,미상,미상
국립농산물검사소경기지소장김준식,국립농산물검사소경기지소장 김준식,4,1,0,0,1,25.0,미상,미상,미상,미상,미상
국립농산물검사소청주지소장정광학,국립농산물검사소청주지소장 정광학,4,1,0,0,1,25.0,미상,미상,미상,미상,미상
국립농산물검사소춘천지소장고예건,국립농산물검사소춘천지소장 고예건,4,1,0,0,1,25.0,미상,미상,미상,미상,미상
국세청차장김재덕,국세청차장 김재덕,4,1,0,0,1,25.0,미상,미상,미상,미상,미상
국제관광공사인사과장김상호,국제관광공사인사과장 김상호,4,1,0,0,1,25.0,미상,미상,미상,미상,미상
국제관광공사특정외래품판매소장대리임동완,국제관광공사특정외래품판매소장대리 임동완,4,0,0,1,1,25.0,미상,미상,미상,미상,미상
국토건설청차장안경모,국토건설청차장 안경모,4,1,0,0,1,25.0,미상,미상,미상,미상,미상
국토통일원장관유상근,국토통일원장관 유상근,4,0,0,1,1,25.0,미상,미상,미상,미상,미상
국회도서관장강주진,국회도서관장 강주진,4,1,0,0,1,25.0,미상,미상,미상,미상,미상
김병용판사,김병용 판사,4,1,0,0,1,25.0,미상,미상,미상,미상,미상
김옥선의원(계속),김옥선 의원(계속),4,1,0,0,1,25.0,신민당,"충남 부여,서천,보령군",여,3선,지역구
김준연의원(계속),김준연 의원(계속),4,0,1,0,1,25.0,자유민주당,전남 영암군강진군,남,5선,지역구
김진위의원,김진위 의원,4,1,0,0,1,25.0,미상,미상,미상,미상,미상
내무부지방국재정과장남문희,내무부지방국재정과장 남문희,4,1,0,0,1,25.0,미상,미상,미상,미상,미상
내무위원장대리방일홍,내무위원장대리 방일홍,4,0,0,1,1,25.0,신민당,미상,남,초선,전국구
내무위원장대리윤인식,내무위원장대리 윤인식,4,1,0,0,1,25.0,민주공화당,"전남 영광,장성,함평군",남,4선,지역구
노동청감찰관심강섭,노동청감찰관 심강섭,4,1,0,0,1,25.0,미상,미상,미상,미상,미상
농림부농정국농화학기좌김대경,농림부농정국농화학기좌 김대경,4,1,0,0,1,25.0,미상,미상,미상,미상,미상
농림부축산국장김용래,농림부축산국장 김용래,4,1,0,0,1,25.0,미상,미상,미상,미상,미상
농산물검사소장채관식,농산물검사소장 채관식,4,1,0,0,1,25.0,미상,미상,미상,미상,미상
대한변호사협회회장배정현,대한변호사협회회장 배정현,4,1,0,0,1,25.0,미상,미상,미상,미상,미상
대한산림조합연합회강원도지부장이정복,대한산림조합연합회강원도지부장 이정복,4,1,0,0,1,25.0,미상,미상,미상,미상,미상
대한여행사총지배인이형재,대한여행사총지배인 이형재,4,0,1,0,1,25.0,미상,미상,미상,미상,미상
대한준설공사업무이사이문혁,대한준설공사업무이사 이문혁,4,1,0,0,1,25.0,미상,미상,미상,미상,미상
대한중석광업주식회사관리부장강임진,대한중석광업주식회사관리부장 강임진,4,0,0,1,1,25.0,미상,미상,미상,미상,미상
대한중석광업주식회사기획이사김재철,대한중석광업주식회사기획이사 김재철,4,1,0,0,1,25.0,미상,미상,미상,미상,미상
대한통운사장조성근,대한통운사장 조성근,4,1,0,0,1,25.0,미상,미상,미상,미상,미상
류기정위원,류기정 위원,4,1,0,0,1,25.0,미상,미상,미상,미상,미상
마산수출자유지역관리청청장정문도,마산수출자유지역관리청청장 정문도,4,1,0,0,1,25.0,미상,미상,미상,미상,미상
문교공보위원장대리류청,문교공보위원장대리 류청,4,1,0,0,1,25.0,미상,미상,미상,미상,미상
문교부장관박일경,문교부장관 박일경,4,1,0,0,1,25.0,미상,미상,미상,미상,미상
문화재관리국주사보최영태,문화재관리국주사보 최영태,4,0,1,0,1,25.0,미상,미상,미상,미상,미상
박병선의원,박병선 의원,4,0,0,1,1,25.0,민주공화당,충남 예산군,남,재선,지역구
법사위이병두,법사위 이병두,4,1,0,0,1,25.0,미상,미상,미상,미상,미상
법인세과장박상학,법인세과장 박상학,4,1,0,0,1,25.0,미상,미상,미상,미상,미상
보건사회부약정국장직무대리허용,보건사회부약정국장직무대리 허용,4,1,0,0,1,25.0,미상,미상,미상,미상,미상
부산직할시토목과장김현옥,부산직할시토목과장 김현옥,4,1,0,0,1,25.0,미상,미상,미상,미상,미상
부의장제4조에,부의장 제4조에,4,1,0,0,1,25.0,미상,미상,미상,미상,미상
사무차장서리길기상,사무차장서리 길기상,4,1,0,0,1,25.0,미상,미상,미상,미상,미상
산림조합연합회경남지부장장성,산림조합연합회경남지부장 장성,4,1,0,0,1,25.0,미상,미상,미상,미상,미상
산업은행업무담당이사배민홍,산업은행업무담당이사 배민홍,4,1,0,0,1,25.0,미상,미상,미상,미상,미상
산업은행총재김영휘,산업은행총재 김영휘,4,1,0,0,1,25.0,미상,미상,미상,미상,미상
상공부광무국장한정석,상공부광무국장 한정석,4,1,0,0,1,25.0,미상,미상,미상,미상,미상
상공부중소기업국장이광덕,상공부중소기업국장 이광덕,4,1,0,0,1,25.0,미상,미상,미상,미상,미상
서무계장최재교,서무계장 최재교,4,1,0,0,1,25.0,미상,미상,미상,미상,미상
서울시교육감김원규,서울시교육감 김원규,4,0,1,0,1,25.0,미상,미상,미상,미상,미상
서울텔레비젼방송국장김진영,서울텔레비젼방송국장 김진영,4,1,0,0,1,25.0,미상,미상,미상,미상,미상
서울특별시경찰국장이건개,서울특별시경찰국장 이건개,4,0,1,0,1,25.0,미상,미상,미상,미상,미상
서울특별시경찰국장최두열,서울특별시경찰국장 최두열,4,0,1,0,1,25.0,미상,미상,미상,미상,미상
서울특별시내무국장김윤환,서울특별시내무국장 김윤환,4,1,0,0,1,25.0,미상,미상,미상,미상,미상
수산업협동조합경기도지부장권정룡,수산업협동조합경기도지부장 권정룡,4,1,0,0,1,25.0,미상,미상,미상,미상,미상
시설국장신유섭,시설국장 신유섭,4,1,0,0,1,25.0,미상,미상,미상,미상,미상
심계원사무총국장김진기,심계원사무총국장 김진기,4,1,0,0,1,25.0,미상,미상,미상,미상,미상
양회수의원(위원,양회수 의원(위원,4,1,0,0,1,25.0,민정당,"전남 곡성,화순군",남,재선,지역구
업무담당이사송겸호,업무담당이사 송겸호,4,1,0,0,1,25.0,미상,미상,미상,미상,미상
옥창호의원,옥창호 의원,4,1,0,0,1,25.0,미상,미상,미상,미상,미상
외무부정보문화국장윤하정,외무부정보문화국장 윤하정,4,0,0,1,1,25.0,미상,미상,미상,미상,미상
울산특별건설국진해공업지구공사사무소장서영관,울산특별건설국진해공업지구공사사무소장 서영관,4,1,0,0,1,25.0,미상,미상,미상,미상,미상
이동원의원(계속),이동원 의원(계속),4,1,0,0,1,25.0,민주공화당,미상,남,4선,전국구
이사서병규,이사 서병규,4,1,0,0,1,25.0,미상,미상,미상,미상,미상
임시위원장이원만,임시위원장 이원만,4,1,0,0,1,25.0,민주공화당,"경북 대구시,동구",남,3선,지역구
전휴상의원(위원,전휴상 의원(위원,4,1,0,0,1,25.0,민주공화당,"전북 진안,무주,장수",남,4선,지역구
정명섭의원(위원,정명섭 의원(위원,4,1,0,0,1,25.0,자유민주당,전남 나주,남,3선,지역구
정세웅의원,정세웅 의원,4,1,0,0,1,25.0,미상,미상,미상,미상,미상
정운근의원(계속),정운근 의원(계속),4,0,1,0,1,25.0,신민당,미상,남,초선,전국구
주재이사윤영준,주재이사 윤영준,4,1,0,0,1,25.0,미상,미상,미상,미상,미상
중소기업은행이사황주룡,중소기업은행이사 황주룡,4,1,0,0,1,25.0,미상,미상,미상,미상,미상
증인김인수,증인 김인수,4,1,0,0,1,25.0,미상,미상,미상,미상,미상
증인윤문길,증인 윤문길,4,0,1,0,1,25.0,미상,미상,미상,미상,미상
증인최수룡,증인 최수룡,4,1,0,0,1,25.0,신민당,"경남 진해,창원시",남,초선,지역구
참고인이구,참고인 이구,4,1,0,0,1,25.0,미상,미상,미상,미상,미상
철도청기획관리실장이동희,철도청기획관리실장 이동희,4,1,0,0,1,25.0,미상,미상,미상,미상,미상
철도청시설국신호과장이극호,철도청시설국신호과장 이극호,4,1,0,0,1,25.0,미상,미상,미상,미상,미상
청원자이봉소,청원자 이봉소,4,0,0,1,1,25.0,미상,미상,미상,미상,미상
청주교도소장김현구,청주교도소장 김현구,4,1,0,0,1,25.0,미상,미상,미상,미상,미상
최정기의원(위원,최정기 의원(위원,4,1,0,0,1,25.0,민주공화당,미상,남,초선,전국구
충청남도대전시장이남호,충청남도대전시장 이남호,4,1,0,0,1,25.0,미상,미상,미상,미상,미상
충청남도부지사강수성,충청남도부지사 강수성,4,1,0,0,1,25.0,미상,미상,미상,미상,미상
충청북도건설국장김낙수,충청북도건설국장 김낙수,4,1,0,0,1,25.0,미상,미상,미상,미상,미상
한국광업제련공사관리이사이경춘,한국광업제련공사관리이사 이경춘,4,1,0,0,1,25.0,미상,미상,미상,미상,미상
한국은행조사부장홍완모,한국은행조사부장 홍완모,4,1,0,0,1,25.0,미상,미상,미상,미상,미상
한국증권거래소전무이사백충흠,한국증권거래소전무이사 백충흠,4,1,0,0,1,25.0,미상,미상,미상,미상,미상
해사행정특별심의위원회간사장박완기,해사행정특별심의위원회간사장 박완기,4,1,0,0,1,25.0,미상,미상,미상,미상,미상
K-10격납고,K-10 격납고,3,1,0,0,1,33.33333333333333,미상,미상,미상,미상,미상
건설부예산담당관리관허재홍,건설부예산담당관리관 허재홍,3,1,0,0,1,33.33333333333333,미상,미상,미상,미상,미상
경기도부지사이백호,경기도부지사 이백호,3,1,0,0,1,33.33333333333333,미상,미상,미상,미상,미상
경상남도관광운수과장이동만,경상남도관광운수과장 이동만,3,1,0,0,1,33.33333333333333,미상,미상,미상,미상,미상
경제기획원장이,경제기획원장 이,3,1,0,0,1,33.33333333333333,미상,미상,미상,미상,미상
공무부기획관리실장이춘성,공무부기획관리실장 이춘성,3,1,0,0,1,33.33333333333333,미상,미상,미상,미상,미상
공보부기획관리실예산담당관홍태환,공보부기획관리실예산담당관 홍태환,3,1,0,0,1,33.33333333333333,미상,미상,미상,미상,미상
공보부법무관김종무,공보부법무관 김종무,3,1,0,0,1,33.33333333333333,민주공화당,충북 제천시단양군,남,초선,지역구
관리담당이사이동희,관리담당이사 이동희,3,0,1,0,1,33.33333333333333,미상,미상,미상,미상,미상
교통부관광국장강오륜,교통부관광국장 강오륜,3,1,0,0,1,33.33333333333333,미상,미상,미상,미상,미상
교통부수로국장김철웅,교통부수로국장 김철웅,3,1,0,0,1,33.33333333333333,미상,미상,미상,미상,미상
교통부장관김윤기(계속),교통부장관 김윤기(계속),3,0,0,1,1,33.33333333333333,미상,미상,미상,미상,미상
교통부차관박정구,교통부차관 박정구,3,1,0,0,1,33.33333333333333,미상,미상,미상,미상,미상
교통부해운국선박과검사계장나영수,교통부해운국선박과검사계장 나영수,3,1,0,0,1,33.33333333333333,미상,미상,미상,미상,미상
국립건설연구소장김병옥,국립건설연구소장 김병옥,3,1,0,0,1,33.33333333333333,미상,미상,미상,미상,미상
국립농산물검사소부산지소장고예건,국립농산물검사소부산지소장 고예건,3,1,0,0,1,33.33333333333333,미상,미상,미상,미상,미상
국립농산물검사소춘천지소장윤종연,국립농산물검사소춘천지소장 윤종연,3,1,0,0,1,33.33333333333333,미상,미상,미상,미상,미상
국립서울생사검사소장오준석,국립서울생사검사소장 오준석,3,1,0,0,1,33.33333333333333,민주공화당,"경북 영양,울진군",남,4선,지역구
국립소년직업훈련소장김대곤,국립소년직업훈련소장 김대곤,3,0,0,1,1,33.33333333333333,미상,미상,미상,미상,미상
국립수산진흥원장김기영,국립수산진흥원장 김기영,3,1,0,0,1,33.33333333333333,미상,미상,미상,미상,미상
국립중앙의료원원장유기원,국립중앙의료원원장 유기원,3,1,0,0,1,33.33333333333333,미상,미상,미상,미상,미상
국방부정훈국장김병률,국방부정훈국장 김병률,3,1,0,0,1,33.33333333333333,미상,미상,미상,미상,미상
국세청간세국장이달형,국세청간세국장 이달형,3,1,0,0,1,33.33333333333333,미상,미상,미상,미상,미상
국세청주정시험소장이성범,국세청주정시험소장 이성범,3,1,0,0,1,33.33333333333333,미상,미상,미상,미상,미상
국제관광공사경리담당이사김태진,국제관광공사경리담당이사 김태진,3,0,1,0,1,33.33333333333333,미상,미상,미상,미상,미상
국제관광공사여행부선전과장박만기,국제관광공사여행부선전과장 박만기,3,0,1,0,1,33.33333333333333,미상,미상,미상,미상,미상
국토통일원정책기획실장백인선,국토통일원정책기획실장 백인선,3,1,0,0,1,33.33333333333333,미상,미상,미상,미상,미상
김성진의원,김성진 의원,3,1,0,0,1,33.33333333333333,민주공화당,미상,남,초선,전국구
김세배의원,김세배 의원,3,1,0,0,1,33.33333333333333,민주공화당,충남 아산,남,3선,지역구
김우영의원(위원,김우영 의원(위원,3,0,0,1,1,33.33333333333333,민주공화당,"강원 춘천,춘성",남,초선,지역구
김원동다음,김원동 다음,3,1,0,0,1,33.33333333333333,미상,미상,미상,미상,미상
김호칠의원,김호칠 의원,3,0,0,1,1,33.33333333333333,민주공화당,미상,남,초선,전국구
내각수반송요찬,내각수반 송요찬,3,1,0,0,1,33.33333333333333,미상,미상,미상,미상,미상
농림부농업생산국장서순철,농림부농업생산국장 서순철,3,1,0,0,1,33.33333333333333,미상,미상,미상,미상,미상
농림부농정농지국장직무대리김용원,농림부농정농지국장직무대리 김용원,3,0,0,1,1,33.33333333333333,미상,미상,미상,미상,미상
농림부농지국장김용원,농림부농지국장 김용원,3,1,0,0,1,33.33333333333333,미상,미상,미상,미상,미상
농어촌개발공사부총재문방흠,농어촌개발공사부총재 문방흠,3,1,0,0,1,33.33333333333333,미상,미상,미상,미상,미상
농어촌개발공사사업부장김진황,농어촌개발공사사업부장 김진황,3,1,0,0,1,33.33333333333333,미상,미상,미상,미상,미상
농촌진흥청축산시험장장황영구,농촌진흥청축산시험장장 황영구,3,1,0,0,1,33.33333333333333,미상,미상,미상,미상,미상
대덕공사사무소장김재선,대덕공사사무소장 김재선,3,1,0,0,1,33.33333333333333,미상,미상,미상,미상,미상
대전의료원장민병구,대전의료원장 민병구,3,1,0,0,1,33.33333333333333,미상,미상,미상,미상,미상
대한광업진흥공사기술담당이사백사익,대한광업진흥공사기술담당이사 백사익,3,1,0,0,1,33.33333333333333,미상,미상,미상,미상,미상
대한광업진흥공사사장황기룡,대한광업진흥공사사장 황기룡,3,1,0,0,1,33.33333333333333,미상,미상,미상,미상,미상
대한산련전남도지부장최동석,대한산련전남도지부장 최동석,3,1,0,0,1,33.33333333333333,미상,미상,미상,미상,미상
대한산림조합연합회충청남도지부장김창곤,대한산림조합연합회충청남도지부장 김창곤,3,1,0,0,1,33.33333333333333,미상,미상,미상,미상,미상
대한조선공사장이영진,대한조선공사장 이영진,3,0,0,1,1,33.33333333333333,민주공화당,충남 아산,남,초선,지역구
대한조선공사전무이사김규성,대한조선공사전무이사 김규성,3,1,0,0,1,33.33333333333333,미상,미상,미상,미상,미상
대한주택공사영업부장김희동,대한주택공사영업부장 김희동,3,1,0,0,1,33.33333333333333,미상,미상,미상,미상,미상
대한주택공사이사안준,대한주택공사이사 안준,3,1,0,0,1,33.33333333333333,미상,미상,미상,미상,미상
대한준설공사기획예산과장문영탁,대한준설공사기획예산과장 문영탁,3,1,0,0,1,33.33333333333333,미상,미상,미상,미상,미상
대한통운주식회사전무고일섭,대한통운주식회사전무 고일섭,3,1,0,0,1,33.33333333333333,미상,미상,미상,미상,미상
류청의원(위원,류청 의원(위원,3,1,0,0,1,33.33333333333333,미상,미상,미상,미상,미상
마산수출자유지역관리청장정문도,마산수출자유지역관리청장 정문도,3,1,0,0,1,33.33333333333333,미상,미상,미상,미상,미상
문교부총무과장장인숙,문교부총무과장 장인숙,3,1,0,0,1,33.33333333333333,미상,미상,미상,미상,미상
문형태의원(계속),문형태 의원(계속),3,0,0,1,1,33.33333333333333,민주공화당,"전남 담양,곡성,화순군",남,3선,지역구
박삼준의원(위원,박삼준 의원(위원,3,0,1,0,1,33.33333333333333,신민당,미상,남,초선,전국구
법무부교정국장윤운영,법무부교정국장 윤운영,3,1,0,0,1,33.33333333333333,미상,미상,미상,미상,미상
법무부장관이봉성,법무부장관 이봉성,3,0,1,0,1,33.33333333333333,미상,미상,미상,미상,미상
보건사회위원장대리김성진,보건사회위원장대리 김성진,3,1,0,0,1,33.33333333333333,민주공화당,미상,남,초선,전국구
부산체신청장이영희,부산체신청장 이영희,3,1,0,0,1,33.33333333333333,미상,미상,미상,미상,미상
부의장1.,부의장 1.,3,1,0,0,1,33.33333333333333,미상,미상,미상,미상,미상
부의장제15조,부의장 제15조,3,1,0,0,1,33.33333333333333,미상,미상,미상,미상,미상
부의장지난,부의장 지난,3,1,0,0,1,33.33333333333333,미상,미상,미상,미상,미상
부총리겸경제기획원장관남덕우,부총리겸경제기획원장관 남덕우,3,1,0,0,1,33.33333333333333,미상,미상,미상,미상,미상
상공부국립공업연구소장이범순,상공부국립공업연구소장 이범순,3,1,0,0,1,33.33333333333333,미상,미상,미상,미상,미상
서울법대교수한태연,서울법대교수 한태연,3,1,0,0,1,33.33333333333333,미상,미상,미상,미상,미상
서울영림서장윤계섭,서울영림서장 윤계섭,3,1,0,0,1,33.33333333333333,미상,미상,미상,미상,미상
서울특별시산업국장김원하,서울특별시산업국장 김원하,3,1,0,0,1,33.33333333333333,미상,미상,미상,미상,미상
선거법등정치관계법특별위원장구태회,선거법등정치관계법특별위원장 구태회,3,1,0,0,1,33.33333333333333,민주공화당,"경남 진주,진양",남,6선,지역구
소공세무서조사과장엄의영,소공세무서조사과장 엄의영,3,1,0,0,1,33.33333333333333,미상,미상,미상,미상,미상
소위원장대리배길도,소위원장대리 배길도,3,0,1,0,1,33.33333333333333,민주공화당,전남 무안,남,재선,지역구
소위원장이상희,소위원장 이상희,3,1,0,0,1,33.33333333333333,민주공화당,충남 서산,남,재선,지역구
수산업협동조합경상남도지부장조용우,수산업협동조합경상남도지부장 조용우,3,1,0,0,1,33.33333333333333,미상,미상,미상,미상,미상
수산업협동조합전라남도서구지부장최우철,수산업협동조합전라남도서구지부장 최우철,3,1,0,0,1,33.33333333333333,미상,미상,미상,미상,미상
수산업협동조합중앙회경상북도지부장오주경,수산업협동조합중앙회경상북도지부장 오주경,3,1,0,0,1,33.33333333333333,미상,미상,미상,미상,미상
수산업협동조합중앙회충청남도지부장이관상,수산업협동조합중앙회충청남도지부장 이관상,3,1,0,0,1,33.33333333333333,미상,미상,미상,미상,미상
수산업협동조합중앙회충청남도지부장최광택,수산업협동조합중앙회충청남도지부장 최광택,3,1,0,0,1,33.33333333333333,미상,미상,미상,미상,미상
신동준의원,신동준 의원,3,1,0,0,1,33.33333333333333,민주공화당,미상,남,초선,전국구
아리랑택시영업과장석수석,아리랑택시영업과장 석수석,3,0,1,0,1,33.33333333333333,미상,미상,미상,미상,미상
양양광업소소장정용,양양광업소소장 정용,3,1,0,0,1,33.33333333333333,미상,미상,미상,미상,미상
연사김홍철,연사 김홍철,3,0,0,1,1,33.33333333333333,미상,미상,미상,미상,미상
오제도의원,오제도 의원,3,1,0,0,1,33.33333333333333,무소속,"서울 종로,중구",남,재선,지역구
외무부아주국장대리공로명,외무부아주국장대리 공로명,3,1,0,0,1,33.33333333333333,미상,미상,미상,미상,미상
외무부장관김홍일,외무부장관 김홍일,3,1,0,0,1,33.33333333333333,미상,미상,미상,미상,미상
외무위원장대리윤천주,외무위원장대리 윤천주,3,0,1,0,1,33.33333333333333,민주공화당,미상,남,초선,전국구
원자력연구소보건물리연구실장노재식,원자력연구소보건물리연구실장 노재식,3,1,0,0,1,33.33333333333333,미상,미상,미상,미상,미상
위원장대리신동관,위원장대리 신동관,3,1,0,0,1,33.33333333333333,민주공화당,경남 남해군,남,3선,지역구
유광현위원,유광현 위원,3,1,0,0,1,33.33333333333333,민주공화당,전북 남원,남,재선,지역구
육군참모차장임충식,육군참모차장 임충식,3,1,0,0,1,33.33333333333333,미상,미상,미상,미상,미상
의장고문유형진,의장고문 유형진,3,1,0,0,1,33.33333333333333,미상,미상,미상,미상,미상
의장이,의장 이,3,1,0,0,1,33.33333333333333,미상,미상,미상,미상,미상
이세규의원,이세규 의원,3,0,0,1,1,33.33333333333333,신민당,미상,남,초선,전국구
이정래의원(위원,이정래 의원(위원,3,1,0,0,1,33.33333333333333,신민당,전남 보성군,남,3선,지역구
인천중공업주식회사업무이사박남한,인천중공업주식회사업무이사 박남한,3,1,0,0,1,33.33333333333333,미상,미상,미상,미상,미상
임시위원장박기출,임시위원장 박기출,3,1,0,0,1,33.33333333333333,신민당,부산 동구,남,초선,지역구
재무부국고국장민영환,재무부국고국장 민영환,3,1,0,0,1,33.33333333333333,미상,미상,미상,미상,미상
재무부장관황종율,재무부장관 황종율,3,0,1,0,1,33.33333333333333,미상,미상,미상,미상,미상
재무부차관정인완,재무부차관 정인완,3,1,0,0,1,33.33333333333333,미상,미상,미상,미상,미상
전라남도교육위원회관리국장안남식,전라남도교육위원회관리국장 안남식,3,1,0,0,1,33.33333333333333,미상,미상,미상,미상,미상
전라남도부지사김효영,전라남도부지사 김효영,3,1,0,0,1,33.33333333333333,미상,미상,미상,미상,미상
전라남도상공과장양학식,전라남도상공과장 양학식,3,1,0,0,1,33.33333333333333,미상,미상,미상,미상,미상
전라북도교육위원회관리국장허영목,전라북도교육위원회관리국장 허영목,3,1,0,0,1,33.33333333333333,미상,미상,미상,미상,미상
전라북도식산국장김삼주,전라북도식산국장 김삼주,3,1,0,0,1,33.33333333333333,미상,미상,미상,미상,미상
전무국장진근현,전무국장 진근현,3,1,0,0,1,33.33333333333333,미상,미상,미상,미상,미상
전자공학연구실장박인용,전자공학연구실장 박인용,3,1,0,0,1,33.33333333333333,미상,미상,미상,미상,미상
정우식위원,정우식 위원,3,1,0,0,1,33.33333333333333,민주공화당,경남 산청군,남,재선,지역구
조양상선주식회사전무이사김병구,조양상선주식회사전무이사 김병구,3,1,0,0,1,33.33333333333333,미상,미상,미상,미상,미상
주유엔대사이수영,주유엔대사 이수영,3,1,0,0,1,33.33333333333333,미상,미상,미상,미상,미상
중앙정보부제1국아주과장김달술,중앙정보부제1국아주과장 김달술,3,1,0,0,1,33.33333333333333,미상,미상,미상,미상,미상
증인김귀언,증인 김귀언,3,1,0,0,1,33.33333333333333,미상,미상,미상,미상,미상
증인박종훈,증인 박종훈,3,1,0,0,1,33.33333333333333,미상,미상,미상,미상,미상
증인조태형,증인 조태형,3,1,0,0,1,33.33333333333333,미상,미상,미상,미상,미상
증인최종일,증인 최종일,3,1,0,0,1,33.33333333333333,미상,미상,미상,미상,미상
진해화학주식회사사장이한림,진해화학주식회사사장 이한림,3,1,0,0,1,33.33333333333333,미상,미상,미상,미상,미상
참고인박종홍,참고인 박종홍,3,0,0,1,1,33.33333333333333,미상,미상,미상,미상,미상
채명신위원장,채명신 위원장,3,1,0,0,1,33.33333333333333,미상,미상,미상,미상,미상
철도청시설국장김재두,철도청시설국장 김재두,3,1,0,0,1,33.33333333333333,미상,미상,미상,미상,미상
철도청차장김동혁,철도청차장 김동혁,3,1,0,0,1,33.33333333333333,미상,미상,미상,미상,미상
청원인정병순,청원인 정병순,3,1,0,0,1,33.33333333333333,미상,미상,미상,미상,미상
체신부우정국장최병권,체신부우정국장 최병권,3,1,0,0,1,33.33333333333333,미상,미상,미상,미상,미상
총무처인사제도과장신충선,총무처인사제도과장 신충선,3,1,0,0,1,33.33333333333333,미상,미상,미상,미상,미상
출석위원(28인),출석 위원(28인),3,1,0,0,1,33.33333333333333,미상,미상,미상,미상,미상
충주비료주식회사업무이사이홍렬,충주비료주식회사업무이사 이홍렬,3,1,0,0,1,33.33333333333333,미상,미상,미상,미상,미상
충청남도교육위원회학무국장황제주,충청남도교육위원회학무국장 황제주,3,1,0,0,1,33.33333333333333,미상,미상,미상,미상,미상
충청남도산업국수산과장류영출,충청남도산업국수산과장 류영출,3,1,0,0,1,33.33333333333333,미상,미상,미상,미상,미상
토지개량조합연합회충청남도지부장백형원,토지개량조합연합회충청남도지부장 백형원,3,1,0,0,1,33.33333333333333,미상,미상,미상,미상,미상
포항종합제철포항소장이홍종,포항종합제철포항소장 이홍종,3,1,0,0,1,33.33333333333333,미상,미상,미상,미상,미상
표준국서무과장한재열,표준국서무과장 한재열,3,1,0,0,1,33.33333333333333,미상,미상,미상,미상,미상
한건수의원(계속),한건수 의원(계속),3,1,0,0,1,33.33333333333333,국민의당,충남 예산군,남,4선,지역구
한국기계공업주식회사총무이사김창옥,한국기계공업주식회사총무이사 김창옥,3,1,0,0,1,33.33333333333333,미상,미상,미상,미상,미상
한국산업은행부총재김민호,한국산업은행부총재 김민호,3,1,0,0,1,33.33333333333333,미상,미상,미상,미상,미상
한국산업은행부총재민영훈,한국산업은행부총재 민영훈,3,1,0,0,1,33.33333333333333,미상,미상,미상,미상,미상
한국전력주식회사업무담당이사송효순,한국전력주식회사업무담당이사 송효순,3,1,0,0,1,33.33333333333333,미상,미상,미상,미상,미상
한국조폐공사총무부장박재진,한국조폐공사총무부장 박재진,3,1,0,0,1,33.33333333333333,미상,미상,미상,미상,미상
합동참모회의의장김종오,합동참모회의의장 김종오,3,0,1,0,1,33.33333333333333,미상,미상,미상,미상,미상
행정사무관권오헌,행정사무관 권오헌,3,1,0,0,1,33.33333333333333,미상,미상,미상,미상,미상
李敏雨議員,李敏雨 議員,3,0,0,1,1,33.33333333333333,미상,미상,미상,미상,미상
강기천의원,강기천 의원,2,0,0,1,1,50.0,민주공화당,"전남 목포시,무안,신안군",남,초선,지역구
강원도춘천시장신철균,강원도춘천시장 신철균,2,0,0,1,1,50.0,미상,미상,미상,미상,미상
강원탄광사장정인욱,강원탄광사장 정인욱,2,0,0,1,1,50.0,미상,미상,미상,미상,미상
개인세과장황재만,개인세과장 황재만,2,1,0,0,1,50.0,미상,미상,미상,미상,미상
건설부기획관리실장정재덕,건설부기획관리실장 정재덕,2,1,0,0,1,50.0,미상,미상,미상,미상,미상
건설부수자원국이수과장김철지,건설부수자원국이수과장 김철지,2,1,0,0,1,50.0,미상,미상,미상,미상,미상
건설위원회전문위원박영준,건설위원회전문위원 박영준,2,1,0,0,1,50.0,미상,미상,미상,미상,미상
경기도농촌진흥원장조민신,경기도농촌진흥원장 조민신,2,1,0,0,1,50.0,미상,미상,미상,미상,미상
경기원부원장차균희,경기원부원장 차균희,2,1,0,0,1,50.0,미상,미상,미상,미상,미상
경북대학교교학처장김학수,경북대학교교학처장 김학수,2,1,0,0,1,50.0,미상,미상,미상,미상,미상
경상남도도로과장이도봉,경상남도도로과장 이도봉,2,1,0,0,1,50.0,미상,미상,미상,미상,미상
경상북도대구시장강계원,경상북도대구시장 강계원,2,1,0,0,1,50.0,미상,미상,미상,미상,미상
경상북도산업국장이규홍,경상북도산업국장 이규홍,2,0,0,1,1,50.0,미상,미상,미상,미상,미상
경제기획원조사통계국장오홍근,경제기획원조사통계국장 오홍근,2,1,0,0,1,50.0,미상,미상,미상,미상,미상
고귀남의원,고귀남 의원,2,1,0,0,1,50.0,유신정우회,미상,남,3선,통일주체국민회의
고흥문위원(계속),고흥문 위원(계속),2,1,0,0,1,50.0,신민당,미상,남,5선,전국구
공보부기획관리실장직무대리권경국,공보부기획관리실장직무대리 권경국,2,1,0,0,1,50.0,미상,미상,미상,미상,미상
공보부조사국장권경국,공보부조사국장 권경국,2,0,0,1,1,50.0,미상,미상,미상,미상,미상
과학기술처장관최종완,과학기술처장관 최종완,2,1,0,0,1,50.0,미상,미상,미상,미상,미상
과학기술처총무과장강중선,과학기술처총무과장 강중선,2,1,0,0,1,50.0,미상,미상,미상,미상,미상
곽상수의장고문,곽상수 의장고문,2,1,0,0,1,50.0,미상,미상,미상,미상,미상
교통부기획실장이동희,교통부기획실장 이동희,2,1,0,0,1,50.0,미상,미상,미상,미상,미상
교통부기획예산담당관이종춘,교통부기획예산담당관 이종춘,2,1,0,0,1,50.0,미상,미상,미상,미상,미상
교통부장관황인성,교통부장관 황인성,2,1,0,0,1,50.0,미상,미상,미상,미상,미상
교통체신위원장대리김광수,교통체신위원장대리 김광수,2,1,0,0,1,50.0,무소속,"전북 진안,무주,장수",남,5선,지역구
교통체신위원장대리김은하,교통체신위원장대리 김은하,2,0,1,0,1,50.0,민정당,경기 인천시을,남,6선,지역구
국립농산물검사소광주지소장문동주,국립농산물검사소광주지소장 문동주,2,1,0,0,1,50.0,미상,미상,미상,미상,미상
국립농산물검사소부산지소장김준식,국립농산물검사소부산지소장 김준식,2,1,0,0,1,50.0,미상,미상,미상,미상,미상
국립수산진흥원남해구시험소장김선용,국립수산진흥원남해구시험소장 김선용,2,1,0,0,1,50.0,미상,미상,미상,미상,미상
국립수산진흥원포항지원장한희수,국립수산진흥원포항지원장 한희수,2,0,1,0,1,50.0,미상,미상,미상,미상,미상
국민은행수석이사최병일,국민은행수석이사 최병일,2,1,0,0,1,50.0,미상,미상,미상,미상,미상
국방위원장대리신윤창,국방위원장대리 신윤창,2,0,1,0,1,50.0,민주공화당,"경기 파주,고양군",남,재선,지역구
국방위원장정래혁,국방위원장 정래혁,2,0,0,1,1,50.0,민주공화당,"서울 성북,도봉구",남,3선,지역구
국장김정학,국장 김정학,2,1,0,0,1,50.0,미상,미상,미상,미상,미상
국토통일연구특별위원장서인석,국토통일연구특별위원장 서인석,2,0,1,0,1,50.0,민주공화당,미상,남,재선,전국구
국토통일원조사실장김이현,국토통일원조사실장 김이현,2,1,0,0,1,50.0,미상,미상,미상,미상,미상
국회사무총장서리권경식,국회사무총장서리 권경식,2,1,0,0,1,50.0,미상,미상,미상,미상,미상
권오석의원,권오석 의원,2,1,0,0,1,50.0,민주공화당,경기 화성,남,재선,지역구
기획관리부장정현철,기획관리부장 정현철,2,1,0,0,1,50.0,미상,미상,미상,미상,미상
길전식의원(위원,길전식 의원(위원,2,1,0,0,1,50.0,민주공화당,전남 장흥군,남,5선,지역구
김경인의원(계속),김경인 의원(계속),2,1,0,0,1,50.0,민주통일당,"전남 목포시,무안,신안군",남,재선,지역구
김명윤의원,김명윤 의원,2,1,0,0,1,50.0,신민당,"강원 강릉,명주,삼척",남,3선,지역구
김삼상의원(위원,김삼상 의원(위원,2,1,0,0,1,50.0,민주공화당,"경남 산청,합천군",남,초선,지역구
김성은의원,김성은 의원,2,1,0,0,1,50.0,미상,미상,미상,미상,미상
김영도의원,김영도 의원,2,0,0,1,1,50.0,유신정우회,미상,남,초선,통일주체국민회의
김윤하의원,김윤하 의원,2,0,0,1,1,50.0,무소속,"경북 김천시,금릉,상주군",남,초선,지역구
김재위의원,김재위 의원,2,1,0,0,1,50.0,신민당,미상,남,재선,전국구
김정두의원,김정두 의원,2,1,0,0,1,50.0,신민당,"경북 대구시,동구",남,초선,지역구
김종오의원,김종오 의원,2,1,0,0,1,50.0,미상,미상,미상,미상,미상
김종호의원(위원,김종호 의원(위원,2,1,0,0,1,50.0,민주공화당,"강원 속초시,고성,양양",남,재선,지역구
나용균의원,나용균 의원,2,0,0,1,1,50.0,신민당,전북 정읍군,남,4선,지역구
내각사무처장내년도,내각사무처장 내년도,2,1,0,0,1,50.0,미상,미상,미상,미상,미상
내무부기획관리실장김보현,내무부기획관리실장 김보현,2,1,0,0,1,50.0,미상,미상,미상,미상,미상
내무부장관홍성철,내무부장관 홍성철,2,1,0,0,1,50.0,미상,미상,미상,미상,미상
내무부지방국지도과장태종학,내무부지방국지도과장 태종학,2,1,0,0,1,50.0,미상,미상,미상,미상,미상
내무위원장대리이상무,내무위원장대리 이상무,2,0,0,1,1,50.0,민주공화당,"경북 경주,월성군",남,재선,지역구
노동청노정국장허성준,노동청노정국장 허성준,2,1,0,0,1,50.0,미상,미상,미상,미상,미상
노동청부산사무소장장규식,노동청부산사무소장 장규식,2,0,0,1,1,50.0,미상,미상,미상,미상,미상
농림부차관차균희,농림부차관 차균희,2,1,0,0,1,50.0,미상,미상,미상,미상,미상
농림위원장대리정우식,농림위원장대리 정우식,2,1,0,0,1,50.0,민주공화당,경남 산청군,남,재선,지역구
농림장관장형순,농림장관 장형순,2,1,0,0,1,50.0,미상,미상,미상,미상,미상
농산물검사소충청북도지소장양춘득,농산물검사소충청북도지소장 양춘득,2,1,0,0,1,50.0,미상,미상,미상,미상,미상
농수산부장관김보현,농수산부장관 김보현,2,1,0,0,1,50.0,미상,미상,미상,미상,미상
농업진흥공사전북지사장이석우,농업진흥공사전북지사장 이석우,2,1,0,0,1,50.0,미상,미상,미상,미상,미상
농업협동조합중앙회강원도지부장박철균,농업협동조합중앙회강원도지부장 박철균,2,0,0,1,1,50.0,미상,미상,미상,미상,미상
농업협동조합중앙회부회장문방흠,농업협동조합중앙회부회장 문방흠,2,1,0,0,1,50.0,미상,미상,미상,미상,미상
농업협동조합중앙회전라북도지부장윤영준,농업협동조합중앙회전라북도지부장 윤영준,2,0,1,0,1,50.0,미상,미상,미상,미상,미상
농촌진흥원장정재원,농촌진흥원장 정재원,2,1,0,0,1,50.0,미상,미상,미상,미상,미상
농촌진흥청기획관리관김화산,농촌진흥청기획관리관 김화산,2,1,0,0,1,50.0,미상,미상,미상,미상,미상
농협강원도지부장배봉식,농협강원도지부장 배봉식,2,1,0,0,1,50.0,미상,미상,미상,미상,미상
대구서부세무서직세1과장이기돈,대구서부세무서직세1과장 이기돈,2,1,0,0,1,50.0,미상,미상,미상,미상,미상
대구시부시장김무연,대구시부시장 김무연,2,0,1,0,1,50.0,미상,미상,미상,미상,미상
대동감독관차갑준,대동감독관 차갑준,2,1,0,0,1,50.0,미상,미상,미상,미상,미상
대령유근국,대령 유근국,2,1,0,0,1,50.0,미상,미상,미상,미상,미상
대전체신청우정과장김영창,대전체신청우정과장 김영창,2,1,0,0,1,50.0,미상,미상,미상,미상,미상
대통령경호실기획과장한영부,대통령경호실기획과장 한영부,2,1,0,0,1,50.0,미상,미상,미상,미상,미상
대통령경호실기획과장홍병철,대통령경호실기획과장 홍병철,2,1,0,0,1,50.0,미상,미상,미상,미상,미상
대통령경호실장대리박용운,대통령경호실장대리 박용운,2,0,0,1,1,50.0,미상,미상,미상,미상,미상
대통령비서실수석총무비서관김원희,대통령비서실수석총무비서관 김원희,2,1,0,0,1,50.0,미상,미상,미상,미상,미상
대한건설협회총무국장성주관,대한건설협회총무국장 성주관,2,1,0,0,1,50.0,미상,미상,미상,미상,미상
대한교육연합회사무총장정태시,대한교육연합회사무총장 정태시,2,1,0,0,1,50.0,미상,미상,미상,미상,미상
대한산련전남지부장현홍진,대한산련전남지부장 현홍진,2,1,0,0,1,50.0,미상,미상,미상,미상,미상
대한산림조합연합회경기도지부장송인호,대한산림조합연합회경기도지부장 송인호,2,1,0,0,1,50.0,미상,미상,미상,미상,미상
대한산림조합연합회경북지부장정경옥,대한산림조합연합회경북지부장 정경옥,2,1,0,0,1,50.0,미상,미상,미상,미상,미상
대한석유공사사장박지석,대한석유공사사장 박지석,2,1,0,0,1,50.0,미상,미상,미상,미상,미상
대한석유공사이사김민제,대한석유공사이사 김민제,2,0,0,1,1,50.0,미상,미상,미상,미상,미상
대한석탄공사기술연구소장송태윤,대한석탄공사기술연구소장 송태윤,2,1,0,0,1,50.0,미상,미상,미상,미상,미상
대한조선공사관리이사박일서,대한조선공사관리이사 박일서,2,1,0,0,1,50.0,미상,미상,미상,미상,미상
대한준설공사총무이사유성희,대한준설공사총무이사 유성희,2,1,0,0,1,50.0,미상,미상,미상,미상,미상
대한해운공사고문박승완,대한해운공사고문 박승완,2,1,0,0,1,50.0,미상,미상,미상,미상,미상
도시계획국장주우원,도시계획국장 주우원,2,1,0,0,1,50.0,미상,미상,미상,미상,미상
문교부문예체육국장허선간,문교부문예체육국장 허선간,2,0,0,1,1,50.0,미상,미상,미상,미상,미상
문교부보통교육국장육진성,문교부보통교육국장 육진성,2,1,0,0,1,50.0,미상,미상,미상,미상,미상
문교부장관고광만(계속),문교부장관 고광만(계속),2,1,0,0,1,50.0,미상,미상,미상,미상,미상
문교부장관현재,문교부장관 현재,2,1,0,0,1,50.0,미상,미상,미상,미상,미상
문교부편수국장김승제,문교부편수국장 김승제,2,1,0,0,1,50.0,미상,미상,미상,미상,미상
문부식의원,문부식 의원,2,0,0,1,1,50.0,신민당,"경남 남해,하동군",남,초선,지역구
문형태의원,문형태 의원,2,1,0,0,1,50.0,민주공화당,"전남 담양,곡성,화순군",남,3선,지역구
문화공보부차관이규현,문화공보부차관 이규현,2,1,0,0,1,50.0,미상,미상,미상,미상,미상
문화재관리국예산담당관유우열,문화재관리국예산담당관 유우열,2,1,0,0,1,50.0,미상,미상,미상,미상,미상
문화재관리국장정대고,문화재관리국장 정대고,2,1,0,0,1,50.0,미상,미상,미상,미상,미상
문화재관리국장허련,문화재관리국장 허련,2,1,0,0,1,50.0,미상,미상,미상,미상,미상
박영록의원(계속),박영록 의원(계속),2,1,0,0,1,50.0,민주당,강원 원주시원성군,남,4선,지역구
박찬의원(계속),박찬 의원(계속),2,0,0,1,1,50.0,민정당,충남 공주,남,3선,지역구
박한상의원(계속),박한상 의원(계속),2,0,0,1,1,50.0,민정당,서울 영등포구을,남,6선,지역구
반장오상직,반장 오상직,2,1,0,0,1,50.0,민주공화당,경북 의성,남,재선,지역구
방사선농업연구실장한창렬,방사선농업연구실장 한창렬,2,1,0,0,1,50.0,미상,미상,미상,미상,미상
백두진의원,백두진 의원,2,0,0,1,1,50.0,민주공화당,미상,남,5선,전국구
법무부기획관리실장나길조,법무부기획관리실장 나길조,2,1,0,0,1,50.0,미상,미상,미상,미상,미상
법원행정처장제안이유,법원행정처장 제안이유,2,1,0,0,1,50.0,미상,미상,미상,미상,미상
법제사법위원장대리박찬종,법제사법위원장대리 박찬종,2,1,0,0,1,50.0,민주공화당,"부산 동,서구",남,5선,지역구
보건사회부기획관리실장김원규,보건사회부기획관리실장 김원규,2,1,0,0,1,50.0,미상,미상,미상,미상,미상
보건사회부기획관리실장허성준,보건사회부기획관리실장 허성준,2,1,0,0,1,50.0,미상,미상,미상,미상,미상
보사부장관한국진,보사부장관 한국진,2,0,0,1,1,50.0,미상,미상,미상,미상,미상
부산검역소장김완근,부산검역소장 김완근,2,1,0,0,1,50.0,미상,미상,미상,미상,미상
부산시장김대만,부산시장 김대만,2,1,0,0,1,50.0,미상,미상,미상,미상,미상
부의장디젤,부의장 디젤,2,1,0,0,1,50.0,미상,미상,미상,미상,미상
부의장서울시,부의장 서울시,2,1,0,0,1,50.0,미상,미상,미상,미상,미상
부의장앞으로는,부의장 앞으로는,2,1,0,0,1,50.0,미상,미상,미상,미상,미상
부의장예산,부의장 예산,2,1,0,0,1,50.0,미상,미상,미상,미상,미상
부의장제42조,부의장 제42조,2,1,0,0,1,50.0,미상,미상,미상,미상,미상
부의장제7조,부의장 제7조,2,1,0,0,1,50.0,미상,미상,미상,미상,미상
부의장취지는,부의장 취지는,2,1,0,0,1,50.0,미상,미상,미상,미상,미상
부창금속공업사이사회회장김경태,부창금속공업사이사회회장 김경태,2,1,0,0,1,50.0,미상,미상,미상,미상,미상
사무차장이호진,사무차장 이호진,2,1,0,0,1,50.0,미상,미상,미상,미상,미상
사무처장과거,사무처장 과거,2,1,0,0,1,50.0,미상,미상,미상,미상,미상
상공부계량국장전준항,상공부계량국장 전준항,2,1,0,0,1,50.0,미상,미상,미상,미상,미상
상공부기획관리실장박영석,상공부기획관리실장 박영석,2,1,0,0,1,50.0,미상,미상,미상,미상,미상
상공부장관이미,상공부장관 이미,2,1,0,0,1,50.0,미상,미상,미상,미상,미상
상공부장관지금까지는,상공부장관 지금까지는,2,1,0,0,1,50.0,미상,미상,미상,미상,미상
상공부차관보오원철,상공부차관보 오원철,2,1,0,0,1,50.0,미상,미상,미상,미상,미상
상공부특허국장서동운,상공부특허국장 서동운,2,1,0,0,1,50.0,미상,미상,미상,미상,미상
상공부표준국장김영배,상공부표준국장 김영배,2,1,0,0,1,50.0,미상,미상,미상,미상,미상
상임위원변경,상임위원 변경,2,1,0,0,1,50.0,미상,미상,미상,미상,미상
생산국장김광정,생산국장 김광정,2,1,0,0,1,50.0,미상,미상,미상,미상,미상
서울고등법원장홍남표,서울고등법원장 홍남표,2,1,0,0,1,50.0,미상,미상,미상,미상,미상
서울대학교교무처장심상황,서울대학교교무처장 심상황,2,1,0,0,1,50.0,미상,미상,미상,미상,미상
서울대학교총장권중휘,서울대학교총장 권중휘,2,0,1,0,1,50.0,미상,미상,미상,미상,미상
서울대학교치과대학병원장심태석,서울대학교치과대학병원장 심태석,2,1,0,0,1,50.0,미상,미상,미상,미상,미상
서울민사지방법원장임기호,서울민사지방법원장 임기호,2,1,0,0,1,50.0,미상,미상,미상,미상,미상
서울시교육위원회학무국장박종협,서울시교육위원회학무국장 박종협,2,0,1,0,1,50.0,미상,미상,미상,미상,미상
서울연초제조창관리과장박영철,서울연초제조창관리과장 박영철,2,0,1,0,1,50.0,미상,미상,미상,미상,미상
서울특별시교육위원회관리국행정과장신순갑,서울특별시교육위원회관리국행정과장 신순갑,2,1,0,0,1,50.0,미상,미상,미상,미상,미상
서울특별시기획조정과장조성래,서울특별시기획조정과장 조성래,2,1,0,0,1,50.0,미상,미상,미상,미상,미상
서울특별시보사국장김윤환,서울특별시보사국장 김윤환,2,1,0,0,1,50.0,미상,미상,미상,미상,미상
서울특별시산업국장주용준,서울특별시산업국장 주용준,2,1,0,0,1,50.0,미상,미상,미상,미상,미상
서울특별시수도국예산계장성증식,서울특별시수도국예산계장 성증식,2,1,0,0,1,50.0,미상,미상,미상,미상,미상
서울특별시시경국장최두열,서울특별시시경국장 최두열,2,1,0,0,1,50.0,미상,미상,미상,미상,미상
소위원장이동진,소위원장 이동진,2,1,0,0,1,50.0,민주공화당,충북 영동군,남,3선,지역구
소위원장이영진,소위원장 이영진,2,1,0,0,1,50.0,민주공화당,충남 아산,남,초선,지역구
소위원회위원장조창대,소위원회위원장 조창대,2,1,0,0,1,50.0,민주공화당,"경남 진해,창원시",남,재선,지역구
송원영의원(계속),송원영 의원(계속),2,1,0,0,1,50.0,신민당,서울 동대문구갑,남,5선,지역구
송정범제안이유,송정범 제안이유,2,1,0,0,1,50.0,미상,미상,미상,미상,미상
수산업협동조합중앙회강원도지부장고창화,수산업협동조합중앙회강원도지부장 고창화,2,1,0,0,1,50.0,미상,미상,미상,미상,미상
수산업협동조합중앙회장길항진,수산업협동조합중앙회장 길항진,2,1,0,0,1,50.0,미상,미상,미상,미상,미상
수산업협동조합중앙회회장김덕엽,수산업협동조합중앙회회장 김덕엽,2,1,0,0,1,50.0,미상,미상,미상,미상,미상
수산청생산국장장희운,수산청생산국장 장희운,2,1,0,0,1,50.0,미상,미상,미상,미상,미상
수산통조림조합장장일강,수산통조림조합장 장일강,2,1,0,0,1,50.0,미상,미상,미상,미상,미상
신인우의원(계속),신인우 의원(계속),2,1,0,0,1,50.0,신민당,서울 중구,남,재선,지역구
신형식의원(위원,신형식 의원(위원,2,1,0,0,1,50.0,민주공화당,전남 고흥,남,4선,지역구
예산심사특별위원회위원장유양수,예산심사특별위원회위원장 유양수,2,1,0,0,1,50.0,미상,미상,미상,미상,미상
오검사다음에,오검사 다음에,2,1,0,0,1,50.0,미상,미상,미상,미상,미상
오준석의원,오준석 의원,2,1,0,0,1,50.0,민주공화당,"경북 청송,영덕,울진군",남,4선,지역구
오혁종위원,오혁종 위원,2,1,0,0,1,50.0,미상,미상,미상,미상,미상
외무부여권과장강석홍,외무부여권과장 강석홍,2,1,0,0,1,50.0,미상,미상,미상,미상,미상
외무부차관이원경,외무부차관 이원경,2,1,0,0,1,50.0,미상,미상,미상,미상,미상
운영위원장대리송한철,운영위원장대리 송한철,2,1,0,0,1,50.0,민주공화당,"경북 성주,칠곡군",남,재선,지역구
운영차관보황병태,운영차관보 황병태,2,1,0,0,1,50.0,미상,미상,미상,미상,미상
원자력원기획관리관강윤봉,원자력원기획관리관 강윤봉,2,1,0,0,1,50.0,미상,미상,미상,미상,미상
원호처원호국장원종혁,원호처원호국장 원종혁,2,1,0,0,1,50.0,미상,미상,미상,미상,미상
위원회의보고서,위원회의 보고서,2,1,0,0,1,50.0,미상,미상,미상,미상,미상
유진산의원,유진산 의원,2,0,0,1,1,50.0,신민당,서울 영등포구갑,남,7선,지역구
의원자격상실,의원자격 상실,2,1,0,0,1,50.0,미상,미상,미상,미상,미상
이만섭의원(계속),이만섭 의원(계속),2,0,1,0,1,50.0,민주공화당,미상,남,8선,전국구
이민우의원,이민우 의원,2,1,0,0,1,50.0,신민당,"충북 청주시,청원군",남,6선,지역구
이사박태규,이사 박태규,2,1,0,0,1,50.0,미상,미상,미상,미상,미상
이성수의원(위원,이성수 의원(위원,2,1,0,0,1,50.0,민주공화당,미상,남,재선,전국구
이영근의원,이영근 의원,2,0,0,1,1,50.0,민주공화당,미상,남,3선,전국구
이우헌의원(위원,이우헌 의원(위원,2,0,0,1,1,50.0,민주공화당,"전남 여수시,여천군",남,재선,지역구
이원장의원,이원장 의원,2,1,0,0,1,50.0,십오구락부,"충남 보령시,서천군",남,재선,지역구
이재만의원,이재만 의원,2,1,0,0,1,50.0,민주공화당,경남 밀양,남,초선,지역구
이진용의원,이진용 의원,2,0,0,1,1,50.0,무소속,"경기 의정부시,양주,파주군",남,재선,지역구
이호범의원,이호범 의원,2,1,0,0,1,50.0,민주공화당,전남 나주군,남,초선,지역구
이효상의장,이효상 의장,2,1,0,0,1,50.0,민주공화당,"경북 대구시,남구",남,5선,지역구
인사국장제안이유,인사국장 제안이유,2,1,0,0,1,50.0,미상,미상,미상,미상,미상
임충식위원,임충식 위원,2,1,0,0,1,50.0,민주공화당,전남 해남,남,재선,지역구
재경위원장대리유병현,재경위원장대리 유병현,2,1,0,0,1,50.0,미상,미상,미상,미상,미상
재경위전문위원이창규,재경위전문위원 이창규,2,1,0,0,1,50.0,미상,미상,미상,미상,미상
재무부차관제안설명.,재무부차관 제안설명.,2,1,0,0,1,50.0,미상,미상,미상,미상,미상
재정경제위원장대리김호칠,재정경제위원장대리 김호칠,2,0,0,1,1,50.0,민주공화당,미상,남,초선,전국구
전라북도교육위원회문정과장김재규,전라북도교육위원회문정과장 김재규,2,1,0,0,1,50.0,미상,미상,미상,미상,미상
전매청기획관리관박동희,전매청기획관리관 박동희,2,1,0,0,1,50.0,미상,미상,미상,미상,미상
전문위원곽철종,전문위원 곽철종,2,1,0,0,1,50.0,미상,미상,미상,미상,미상
전문위원유태영,전문위원 유태영,2,1,0,0,1,50.0,미상,미상,미상,미상,미상
전문위원이해근,전문위원 이해근,2,1,0,0,1,50.0,미상,미상,미상,미상,미상
전북농촌진흥원장김달수,전북농촌진흥원장 김달수,2,1,0,0,1,50.0,미상,미상,미상,미상,미상
전주월한국군사령관채명신,전주월한국군사령관 채명신,2,0,0,1,1,50.0,미상,미상,미상,미상,미상
정부위원임면,정부위원 임면,2,1,0,0,1,50.0,미상,미상,미상,미상,미상
정운갑의원(계속),정운갑 의원(계속),2,0,1,0,1,50.0,신민당,서울 성동구,남,5선,지역구
정일권의원,정일권 의원,2,0,1,0,1,50.0,민주공화당,"강원 속초,고성,양양,인제",남,3선,전국구
제2공사과장마종두,제2공사과장 마종두,2,1,0,0,1,50.0,미상,미상,미상,미상,미상
제주도건설과장홍성림,제주도건설과장 홍성림,2,1,0,0,1,50.0,미상,미상,미상,미상,미상
제주지방검찰청차장검사최형오,제주지방검찰청차장검사 최형오,2,0,1,0,1,50.0,미상,미상,미상,미상,미상
조달청예산계장안영호,조달청예산계장 안영호,2,1,0,0,1,50.0,미상,미상,미상,미상,미상
조달청외자국장류상규,조달청외자국장 류상규,2,1,0,0,1,50.0,미상,미상,미상,미상,미상
조병일위원,조병일 위원,2,1,0,0,1,50.0,미상,미상,미상,미상,미상
주일본국대사김동조,주일본국대사 김동조,2,0,0,1,1,50.0,미상,미상,미상,미상,미상
주카나다대사백선엽,주카나다대사 백선엽,2,1,0,0,1,50.0,미상,미상,미상,미상,미상
중앙정보부차장김치열,중앙정보부차장 김치열,2,0,0,1,1,50.0,미상,미상,미상,미상,미상
증인강태훈,증인 강태훈,2,0,1,0,1,50.0,미상,미상,미상,미상,미상
증인김용태,증인 김용태,2,1,0,0,1,50.0,민주공화당,"충남 대덕,연기군",남,5선,지역구
증인노찬주,증인 노찬주,2,0,1,0,1,50.0,미상,미상,미상,미상,미상
증인탁병희,증인 탁병희,2,1,0,0,1,50.0,미상,미상,미상,미상,미상
참고인김영기,참고인 김영기,2,0,0,1,1,50.0,미상,미상,미상,미상,미상
참고인이인기,참고인 이인기,2,1,0,0,1,50.0,미상,미상,미상,미상,미상
참고인진경득,참고인 진경득,2,0,0,1,1,50.0,미상,미상,미상,미상,미상
철도청기획관리담당관양한식,철도청기획관리담당관 양한식,2,1,0,0,1,50.0,미상,미상,미상,미상,미상
철도청운수국장이병조,철도청운수국장 이병조,2,1,0,0,1,50.0,미상,미상,미상,미상,미상
철도청차장이병조,철도청차장 이병조,2,1,0,0,1,50.0,미상,미상,미상,미상,미상
"청장첫째,","청장 첫째,",2,0,0,1,1,50.0,미상,미상,미상,미상,미상
체신부장관문형태,체신부장관 문형태,2,1,0,0,1,50.0,민주공화당,"전남 담양,곡성,화순군",남,3선,지역구
체신부장관박원근,체신부장관 박원근,2,1,0,0,1,50.0,미상,미상,미상,미상,미상
체신부장관신상철,체신부장관 신상철,2,1,0,0,1,50.0,미상,미상,미상,미상,미상
총무처장지금으로부터,총무처장 지금으로부터,2,1,0,0,1,50.0,미상,미상,미상,미상,미상
최석림위원(계속),최석림 위원(계속),2,1,0,0,1,50.0,민주공화당,"경남 충무,통영,고성군",남,4선,지역구
최성석의원,최성석 의원,2,0,0,1,1,50.0,신민당,"전북 진안,무주,장수",남,재선,지역구
충청남도보건사회국장이명화,충청남도보건사회국장 이명화,2,1,0,0,1,50.0,미상,미상,미상,미상,미상
충청북도건설과장송병하,충청북도건설과장 송병하,2,1,0,0,1,50.0,미상,미상,미상,미상,미상
충청북도도립병원장최한철,충청북도도립병원장 최한철,2,1,0,0,1,50.0,미상,미상,미상,미상,미상
충청북도부지사강수성,충청북도부지사 강수성,2,1,0,0,1,50.0,미상,미상,미상,미상,미상
특허국장제안이유,특허국장 제안이유,2,1,0,0,1,50.0,미상,미상,미상,미상,미상
피감사기관,피감사기관,2,1,0,0,1,50.0,미상,미상,미상,미상,미상
한국광업제련공사개발과장정병묵,한국광업제련공사개발과장 정병묵,2,1,0,0,1,50.0,미상,미상,미상,미상,미상
한국기계공업주식회사부사장김노수,한국기계공업주식회사부사장 김노수,2,1,0,0,1,50.0,미상,미상,미상,미상,미상
한국노동조합총연맹위원장이규철,한국노동조합총연맹위원장 이규철,2,1,0,0,1,50.0,미상,미상,미상,미상,미상
한국전력주식회사경리담당이사정명구,한국전력주식회사경리담당이사 정명구,2,1,0,0,1,50.0,미상,미상,미상,미상,미상
한국전력주식회사서울지점장김영오,한국전력주식회사서울지점장 김영오,2,0,1,0,1,50.0,미상,미상,미상,미상,미상
한국전력주식회사전북지점장한동수,한국전력주식회사전북지점장 한동수,2,1,0,0,1,50.0,미상,미상,미상,미상,미상
한국조폐공사관리부장황염구,한국조폐공사관리부장 황염구,2,1,0,0,1,50.0,미상,미상,미상,미상,미상
한태일의원,한태일 의원,2,1,0,0,1,50.0,민주공화당,경남 마산,남,초선,지역구
합동참모본부전략정보국연합과장이주표,합동참모본부전략정보국연합과장 이주표,2,0,1,0,1,50.0,미상,미상,미상,미상,미상
합동참모회의정보기획국장이세호,합동참모회의정보기획국장 이세호,2,0,0,1,1,50.0,미상,미상,미상,미상,미상
항만관계행정조정위원장심이섭,항만관계행정조정위원장 심이섭,2,1,0,0,1,50.0,미상,미상,미상,미상,미상
항만행정조정위원회위원장심이섭,항만행정조정위원회위원장 심이섭,2,1,0,0,1,50.0,미상,미상,미상,미상,미상
해군참모총장장지수,해군참모총장 장지수,2,1,0,0,1,50.0,미상,미상,미상,미상,미상
해병대사령관강기천,해병대사령관 강기천,2,1,0,0,1,50.0,미상,미상,미상,미상,미상
해외개발공사사장함병선,해외개발공사사장 함병선,2,0,0,1,1,50.0,미상,미상,미상,미상,미상
행정간사김철주,행정간사 김철주,2,1,0,0,1,50.0,미상,미상,미상,미상,미상
행정사무관진재훈,행정사무관 진재훈,2,0,1,0,1,50.0,미상,미상,미상,미상,미상
행정서기관박노주,행정서기관 박노주,2,1,0,0,1,50.0,미상,미상,미상,미상,미상
호남비료주식회사관리담당이사이병희,호남비료주식회사관리담당이사 이병희,2,1,0,0,1,50.0,민주공화당,경기 수원,남,7선,지역구
6․8선거부정조사특별위원회법제정특별위원장정구영,6․8선거부정조사특별위원회법제정특별위원장 정구영,1,0,1,0,1,100.0,민주공화당,미상,남,재선,전국구
TV방송국,TV방송국,1,1,0,0,1,100.0,미상,미상,미상,미상,미상
◯:,◯ :,1,1,0,0,1,100.0,미상,미상,미상,미상,미상
◯토지매입비라는,◯토지 매입비라는,1,1,0,0,1,100.0,미상,미상,미상,미상,미상
申東旭委員,申東旭 委員,1,1,0,0,1,100.0,미상,미상,미상,미상,미상
가용자원판단,가용자원판단,1,1,0,0,1,100.0,미상,미상,미상,미상,미상
각산업별,각 산업별,1,1,0,0,1,100.0,미상,미상,미상,미상,미상
갈래거의원,갈래거 의원,1,0,1,0,1,100.0,미상,미상,미상,미상,미상
갈봉근의원,갈봉근 의원,1,0,0,1,1,100.0,유신정우회,미상,남,재선,통일주체국민회의
감사반원민용식,감사반원 민용식,1,1,0,0,1,100.0,미상,미상,미상,미상,미상
감사원사무총장이정삼,감사원사무총장 이정삼,1,1,0,0,1,100.0,미상,미상,미상,미상,미상
감사원수석감사위원이근상,감사원수석감사위원 이근상,1,1,0,0,1,100.0,미상,미상,미상,미상,미상
감사원장신두영,감사원장 신두영,1,0,1,0,1,100.0,미상,미상,미상,미상,미상
감찰위원이,감찰위원 이,1,1,0,0,1,100.0,미상,미상,미상,미상,미상
감찰위원장FY,감찰위원장 FY,1,1,0,0,1,100.0,미상,미상,미상,미상,미상
감찰위원장감찰위가,감찰위원장 감찰위가,1,1,0,0,1,100.0,미상,미상,미상,미상,미상
감찰위원장구황실연혁.,감찰위원장 구황실연혁.,1,1,0,0,1,100.0,미상,미상,미상,미상,미상
"감찰위원장대상기관,","감찰위원장 대상기관,",1,1,0,0,1,100.0,미상,미상,미상,미상,미상
감찰위원장독립채산제를,감찰위원장 독립채산제를,1,1,0,0,1,100.0,미상,미상,미상,미상,미상
감찰위원장장기적인,감찰위원장 장기적인,1,1,0,0,1,100.0,미상,미상,미상,미상,미상
감찰위원장제3국,감찰위원장 제3국,1,1,0,0,1,100.0,미상,미상,미상,미상,미상
감찰위이제전,감찰위 이제전,1,1,0,0,1,100.0,미상,미상,미상,미상,미상
강원도건설과장이열진,강원도건설과장 이열진,1,1,0,0,1,100.0,미상,미상,미상,미상,미상
강원도농촌진흥원장박노윤,강원도농촌진흥원장 박노윤,1,1,0,0,1,100.0,미상,미상,미상,미상,미상
강원도문정과장김윤중,강원도문정과장 김윤중,1,1,0,0,1,100.0,미상,미상,미상,미상,미상
강원도부지사박유식,강원도부지사 박유식,1,1,0,0,1,100.0,미상,미상,미상,미상,미상
강원도산업국장박종성,강원도산업국장 박종성,1,1,0,0,1,100.0,미상,미상,미상,미상,미상
개발담당이사서명석,개발담당이사 서명석,1,1,0,0,1,100.0,미상,미상,미상,미상,미상
건설공제조합총무실장이원경,건설공제조합총무실장 이원경,1,1,0,0,1,100.0,미상,미상,미상,미상,미상
건설국장연차별,건설국장 연차별,1,1,0,0,1,100.0,미상,미상,미상,미상,미상
건설국장이기주,건설국장 이기주,1,1,0,0,1,100.0,미상,미상,미상,미상,미상
건설부건설공무원교육원장전철지,건설부건설공무원교육원장 전철지,1,1,0,0,1,100.0,미상,미상,미상,미상,미상
건설부국토보존국장건설이,건설부국토보존국장 건설이,1,1,0,0,1,100.0,미상,미상,미상,미상,미상
건설부국토보존국장공업용수,건설부국토보존국장 공업용수,1,1,0,0,1,100.0,미상,미상,미상,미상,미상
건설부국토보존국장여기에서는,건설부국토보존국장 여기에서는,1,1,0,0,1,100.0,미상,미상,미상,미상,미상
건설부기획관리관최종성,건설부기획관리관 최종성,1,1,0,0,1,100.0,미상,미상,미상,미상,미상
건설부기획국장김용회,건설부기획국장 김용회,1,1,0,0,1,100.0,미상,미상,미상,미상,미상
건설부법무관최병훈,건설부법무관 최병훈,1,1,0,0,1,100.0,미상,미상,미상,미상,미상
건설부수자원국방제과장조명제,건설부수자원국방제과장 조명제,1,1,0,0,1,100.0,미상,미상,미상,미상,미상
건설부수자원국수리간척과장박문규,건설부수자원국수리간척과장 박문규,1,1,0,0,1,100.0,미상,미상,미상,미상,미상
건설부용수과장이병주,건설부용수과장 이병주,1,1,0,0,1,100.0,미상,미상,미상,미상,미상
건설부장관박임환,건설부장관 박임환,1,1,0,0,1,100.0,미상,미상,미상,미상,미상
건설부장관신동식,건설부장관 신동식,1,1,0,0,1,100.0,미상,미상,미상,미상,미상
건설부장관실업자,건설부장관 실업자,1,1,0,0,1,100.0,미상,미상,미상,미상,미상
건설부장관지역개발사업이란,건설부장관 지역개발사업이란,1,1,0,0,1,100.0,미상,미상,미상,미상,미상
건설부차관김주남,건설부차관 김주남,1,1,0,0,1,100.0,미상,미상,미상,미상,미상
건설부차관정재석,건설부차관 정재석,1,1,0,0,1,100.0,미상,미상,미상,미상,미상
건설위원장고재필,건설위원장 고재필,1,1,0,0,1,100.0,유신정우회,미상,남,4선,통일주체국민회의
건설위원장대리권갑주,건설위원장대리 권갑주,1,1,0,0,1,100.0,유신정우회,미상,남,초선,통일주체국민회의
건설위원장대리김광수,건설위원장대리 김광수,1,1,0,0,1,100.0,민주공화당,"전북 진안,무주,장수",남,5선,지역구
건설위원장대리마달천,건설위원장대리 마달천,1,1,0,0,1,100.0,유신정우회,미상,남,초선,통일주체국민회의
건설위원장대리유광현,건설위원장대리 유광현,1,0,0,1,1,100.0,민주공화당,전북 남원,남,재선,지역구
건설위원장대리임차주,건설위원장대리 임차주,1,1,0,0,1,100.0,신민당,미상,남,3선,전국구
건설위원장대리정광호,건설위원장대리 정광호,1,0,0,1,1,100.0,유신정우회,미상,남,초선,통일주체국민회의
건설위원장대리정래정,건설위원장대리 정래정,1,1,0,0,1,100.0,민주공화당,전남 광주을,남,재선,지역구
건설위원회간사서상린,건설위원회간사 서상린,1,1,0,0,1,100.0,민주공화당,"경기 용인,안성",남,5선,지역구
건설청장이,건설청장 이,1,1,0,0,1,100.0,미상,미상,미상,미상,미상
검찰총장처벌법규의,검찰총장 처벌법규의,1,0,1,0,1,100.0,미상,미상,미상,미상,미상
경기도경찰국장이종학,경기도경찰국장 이종학,1,1,0,0,1,100.0,미상,미상,미상,미상,미상
경기원조정국장그,경기원조정국장 그,1,0,0,1,1,100.0,미상,미상,미상,미상,미상
경리과장독립예산을,경리과장 독립예산을,1,1,0,0,1,100.0,미상,미상,미상,미상,미상
경리과장총계.,경리과장 총계.,1,1,0,0,1,100.0,미상,미상,미상,미상,미상
경상남도건설국장사실은,경상남도건설국장 사실은,1,1,0,0,1,100.0,미상,미상,미상,미상,미상
경상남도교육위원회초등교육과장윤동옥,경상남도교육위원회초등교육과장 윤동옥,1,1,0,0,1,100.0,미상,미상,미상,미상,미상
경상남도도로건설국장김종한,경상남도도로건설국장 김종한,1,1,0,0,1,100.0,미상,미상,미상,미상,미상
경상북도건설국장이병군,경상북도건설국장 이병군,1,1,0,0,1,100.0,미상,미상,미상,미상,미상
경상북도농림국장이종희,경상북도농림국장 이종희,1,1,0,0,1,100.0,미상,미상,미상,미상,미상
경상북도식산국장이영화,경상북도식산국장 이영화,1,1,0,0,1,100.0,미상,미상,미상,미상,미상
경제과학심의회심의실장유태현,경제과학심의회심의실장 유태현,1,1,0,0,1,100.0,미상,미상,미상,미상,미상
경제과학심의회의상임위원박희범,경제과학심의회의상임위원 박희범,1,1,0,0,1,100.0,미상,미상,미상,미상,미상
경제과학심의회의상임위원주요한,경제과학심의회의상임위원 주요한,1,1,0,0,1,100.0,미상,미상,미상,미상,미상
경제과학심의회의상임위원주원,경제과학심의회의상임위원 주원,1,1,0,0,1,100.0,미상,미상,미상,미상,미상
경제과학심의회의실장최익명,경제과학심의회의실장 최익명,1,1,0,0,1,100.0,미상,미상,미상,미상,미상
경제과학심의회의심의실장배기민,경제과학심의회의심의실장 배기민,1,1,0,0,1,100.0,미상,미상,미상,미상,미상
경제과학위원장대리김상영,경제과학위원장대리 김상영,1,1,0,0,1,100.0,민주공화당,전남 여수,남,재선,지역구
경제과학위원장대리이영표,경제과학위원장대리 이영표,1,1,0,0,1,100.0,무소속,"경북 경주시,월성,청도군",남,초선,지역구
경제기획국장김태동,경제기획국장 김태동,1,1,0,0,1,100.0,미상,미상,미상,미상,미상
경제기획원경제협력국장최창락,경제기획원경제협력국장 최창락,1,1,0,0,1,100.0,미상,미상,미상,미상,미상
경제기획원공공차관과사무관박성근,경제기획원공공차관과사무관 박성근,1,1,0,0,1,100.0,미상,미상,미상,미상,미상
경제기획원기획관10월,경제기획원기획관 10월,1,0,0,1,1,100.0,미상,미상,미상,미상,미상
경제기획원담당관1.,경제기획원담당관 1.,1,1,0,0,1,100.0,미상,미상,미상,미상,미상
경제기획원부원장그것은,경제기획원부원장 그것은,1,0,0,1,1,100.0,미상,미상,미상,미상,미상
경제기획원부원장그래서,경제기획원부원장 그래서,1,1,0,0,1,100.0,미상,미상,미상,미상,미상
경제기획원부원장금년도는,경제기획원부원장 금년도는,1,1,0,0,1,100.0,미상,미상,미상,미상,미상
경제기획원부원장기존시설을,경제기획원부원장 기존시설을,1,1,0,0,1,100.0,미상,미상,미상,미상,미상
경제기획원부원장다른,경제기획원부원장 다른,1,1,0,0,1,100.0,미상,미상,미상,미상,미상
경제기획원부원장대충자금,경제기획원부원장 대충자금,1,1,0,0,1,100.0,미상,미상,미상,미상,미상
경제기획원부원장보김학열,경제기획원부원장보 김학열,1,1,0,0,1,100.0,미상,미상,미상,미상,미상
경제기획원부원장부정이득자에게,경제기획원부원장 부정이득자에게,1,1,0,0,1,100.0,미상,미상,미상,미상,미상
경제기획원부원장예를,경제기획원부원장 예를,1,1,0,0,1,100.0,미상,미상,미상,미상,미상
경제기획원부원장임명권과,경제기획원부원장 임명권과,1,1,0,0,1,100.0,미상,미상,미상,미상,미상
경제기획원부원장제안이유.,경제기획원부원장 제안이유.,1,0,0,1,1,100.0,미상,미상,미상,미상,미상
경제기획원부원장차트에,경제기획원부원장 차트에,1,1,0,0,1,100.0,미상,미상,미상,미상,미상
경제기획원예산국장과거의,경제기획원예산국장 과거의,1,1,0,0,1,100.0,미상,미상,미상,미상,미상
경제기획원장14page의,경제기획원장 14page의,1,1,0,0,1,100.0,미상,미상,미상,미상,미상
경제기획원장①,경제기획원장 ①,1,1,0,0,1,100.0,미상,미상,미상,미상,미상
경제기획원장공보기구,경제기획원장 공보기구,1,1,0,0,1,100.0,미상,미상,미상,미상,미상
경제기획원장관김태동,경제기획원장관 김태동,1,1,0,0,1,100.0,미상,미상,미상,미상,미상
경제기획원장관남덕우(계속),경제기획원장관 남덕우(계속),1,1,0,0,1,100.0,미상,미상,미상,미상,미상
경제기획원장내외합자의,경제기획원장 내외합자의,1,1,0,0,1,100.0,미상,미상,미상,미상,미상
경제기획원장미국,경제기획원장 미국,1,1,0,0,1,100.0,미상,미상,미상,미상,미상
경제기획원장보좌관백대령,경제기획원장보좌관 백대령,1,1,0,0,1,100.0,미상,미상,미상,미상,미상
경제기획원장어떤,경제기획원장 어떤,1,1,0,0,1,100.0,미상,미상,미상,미상,미상
경제기획원장외국에,경제기획원장 외국에,1,1,0,0,1,100.0,미상,미상,미상,미상,미상
경제기획원장은행의,경제기획원장 은행의,1,1,0,0,1,100.0,미상,미상,미상,미상,미상
경제기획원장전에,경제기획원장 전에,1,1,0,0,1,100.0,미상,미상,미상,미상,미상
경제기획원장제안이유,경제기획원장 제안이유,1,1,0,0,1,100.0,미상,미상,미상,미상,미상
경제기획원장추경예산의,경제기획원장 추경예산의,1,1,0,0,1,100.0,미상,미상,미상,미상,미상
경제기획원장추곡,경제기획원장 추곡,1,1,0,0,1,100.0,미상,미상,미상,미상,미상
경제기획원조정국장골자는,경제기획원조정국장 골자는,1,1,0,0,1,100.0,미상,미상,미상,미상,미상
경제기획원차관보장예준,경제기획원차관보 장예준,1,1,0,0,1,100.0,미상,미상,미상,미상,미상
경제의안정과성장에관한긴급명령심사특별위원장김창근,경제의안정과성장에관한긴급명령심사특별위원장 김창근,1,0,0,1,1,100.0,민주공화당,경북 영주,남,4선,지역구
경제자문불량기업체의,경제자문 불량기업체의,1,1,0,0,1,100.0,미상,미상,미상,미상,미상
고문토지수득세의,고문 토지수득세의,1,1,0,0,1,100.0,미상,미상,미상,미상,미상
고석이김진만은,고석이 김진만은,1,1,0,0,1,100.0,미상,미상,미상,미상,미상
고석이상공부직할기업체운영위원,고석이 상공부직할기업체운영위원,1,1,0,0,1,100.0,미상,미상,미상,미상,미상
고형곤의원(계속),고형곤 의원(계속),1,0,0,1,1,100.0,민정당,"전북 군산시,옥구",남,초선,지역구
고형곤의원(위원,고형곤 의원(위원,1,1,0,0,1,100.0,민정당,"전북 군산시,옥구",남,초선,지역구
공보부문화선전국장민유동,공보부문화선전국장 민유동,1,1,0,0,1,100.0,미상,미상,미상,미상,미상
공보부장관Amp시설이,공보부장관 Amp시설이,1,1,0,0,1,100.0,미상,미상,미상,미상,미상
공보부장관공보업무,공보부장관 공보업무,1,1,0,0,1,100.0,미상,미상,미상,미상,미상
공보부장관저희들이,공보부장관 저희들이,1,1,0,0,1,100.0,미상,미상,미상,미상,미상
공보부장관지금부터,공보부장관 지금부터,1,1,0,0,1,100.0,미상,미상,미상,미상,미상
공보실이명영,공보실 이명영,1,1,0,0,1,100.0,미상,미상,미상,미상,미상
공보실장당선,공보실장 당선,1,1,0,0,1,100.0,미상,미상,미상,미상,미상
공보실장원충연,공보실장 원충연,1,1,0,0,1,100.0,미상,미상,미상,미상,미상
공산권정세,공산권 정세,1,0,1,0,1,100.0,미상,미상,미상,미상,미상
공술인,공술인,1,1,0,0,1,100.0,미상,미상,미상,미상,미상
공술인권택상,공술인 권택상,1,1,0,0,1,100.0,미상,미상,미상,미상,미상
공술인김기택,공술인 김기택,1,1,0,0,1,100.0,미상,미상,미상,미상,미상
공술인김명윤,공술인 김명윤,1,1,0,0,1,100.0,미상,미상,미상,미상,미상
공술인김용윤,공술인 김용윤,1,0,0,1,1,100.0,미상,미상,미상,미상,미상
공술인유용대,공술인 유용대,1,1,0,0,1,100.0,미상,미상,미상,미상,미상
공술인이현재,공술인 이현재,1,1,0,0,1,100.0,민주공화당,"전남 광양,구례군",남,초선,지역구
공업국장상당히,공업국장 상당히,1,1,0,0,1,100.0,미상,미상,미상,미상,미상
공예및디자인연구소장이순석,공예및디자인연구소장 이순석,1,1,0,0,1,100.0,미상,미상,미상,미상,미상
관광과장동해안지구,관광과장 동해안지구,1,1,0,0,1,100.0,미상,미상,미상,미상,미상
관상대장아직까지,관상대장 아직까지,1,1,0,0,1,100.0,미상,미상,미상,미상,미상
관세국장몰수품처리법을,관세국장 몰수품처리법을,1,0,1,0,1,100.0,미상,미상,미상,미상,미상
관세국장세수입은,관세국장 세수입은,1,1,0,0,1,100.0,미상,미상,미상,미상,미상
광무국장석탄수급실적,광무국장 석탄수급실적,1,1,0,0,1,100.0,미상,미상,미상,미상,미상
교육부차관성동준,교육부차관 성동준,1,1,0,0,1,100.0,미상,미상,미상,미상,미상
교통부경리국장현재는,교통부경리국장 현재는,1,1,0,0,1,100.0,미상,미상,미상,미상,미상
교통부수로국장정영훈,교통부수로국장 정영훈,1,1,0,0,1,100.0,미상,미상,미상,미상,미상
교통부육운국장윤영구,교통부육운국장 윤영구,1,1,0,0,1,100.0,미상,미상,미상,미상,미상
교통부장관5월,교통부장관 5월,1,1,0,0,1,100.0,미상,미상,미상,미상,미상
교통부장관두,교통부장관 두,1,1,0,0,1,100.0,미상,미상,미상,미상,미상
교통부장관물가와,교통부장관 물가와,1,1,0,0,1,100.0,미상,미상,미상,미상,미상
교통부장관지금,교통부장관 지금,1,1,0,0,1,100.0,미상,미상,미상,미상,미상
교통부장관지금까지,교통부장관 지금까지,1,1,0,0,1,100.0,미상,미상,미상,미상,미상
교통체신위원장대리김재광,교통체신위원장대리 김재광,1,1,0,0,1,100.0,무소속,서울 서대문구,남,8선,지역구
교통체신위원장대리송효순,교통체신위원장대리 송효순,1,1,0,0,1,100.0,유신정우회,미상,남,초선,통일주체국민회의
교통체신위원장대리이백일,교통체신위원장대리 이백일,1,1,0,0,1,100.0,민주공화당,"경기 여주,양평군",남,재선,지역구
교통체신위원장대리하대돈,교통체신위원장대리 하대돈,1,1,0,0,1,100.0,민주공화당,"경남 밀양,창녕군",남,초선,지역구
교통체신위원장대리한상준,교통체신위원장대리 한상준,1,1,0,0,1,100.0,민주공화당,"전북 임실군,순창군",남,3선,지역구
교통체신위원장류승원,교통체신위원장 류승원,1,1,0,0,1,100.0,미상,미상,미상,미상,미상
교통체신위원회간사김선주,교통체신위원회간사 김선주,1,1,0,0,1,100.0,민주공화당,"전남 광양,구례군",남,초선,지역구
국고국장80을,국고국장 80을,1,1,0,0,1,100.0,미상,미상,미상,미상,미상
국고국장매월,국고국장 매월,1,1,0,0,1,100.0,미상,미상,미상,미상,미상
국내선전,국내 선전,1,1,0,0,1,100.0,미상,미상,미상,미상,미상
국립국악원원장성경인,국립국악원원장 성경인,1,1,0,0,1,100.0,미상,미상,미상,미상,미상
국립극장,국립극장,1,1,0,0,1,100.0,미상,미상,미상,미상,미상
국립농산물검사소대전지소장양춘득,국립농산물검사소대전지소장 양춘득,1,1,0,0,1,100.0,미상,미상,미상,미상,미상
국립농산물검사소전주지소장황호진,국립농산물검사소전주지소장 황호진,1,1,0,0,1,100.0,미상,미상,미상,미상,미상
국립영화제작소장김임룡,국립영화제작소장 김임룡,1,1,0,0,1,100.0,미상,미상,미상,미상,미상
국립지질조사소채광부장조국형,국립지질조사소채광부장 조국형,1,1,0,0,1,100.0,미상,미상,미상,미상,미상
국무총리비서관임윤영,국무총리비서관 임윤영,1,1,0,0,1,100.0,미상,미상,미상,미상,미상
국무총리비실장홍성철,국무총리비실장 홍성철,1,1,0,0,1,100.0,미상,미상,미상,미상,미상
국무총리실기획관유석재,국무총리실기획관 유석재,1,1,0,0,1,100.0,미상,미상,미상,미상,미상
국무총리실총무비서관신성재,국무총리실총무비서관 신성재,1,1,0,0,1,100.0,미상,미상,미상,미상,미상
국민운동본부기획실장조재근,국민운동본부기획실장 조재근,1,1,0,0,1,100.0,미상,미상,미상,미상,미상
국민운동본부차장chart에,국민운동본부차장 chart에,1,1,0,0,1,100.0,미상,미상,미상,미상,미상
국방부관리차관보신원식,국방부관리차관보 신원식,1,1,0,0,1,100.0,미상,미상,미상,미상,미상
국방부군수국장이경원,국방부군수국장 이경원,1,1,0,0,1,100.0,미상,미상,미상,미상,미상
국방부군수국정비과장김영철,국방부군수국정비과장 김영철,1,1,0,0,1,100.0,미상,미상,미상,미상,미상
국방부병무국장저희,국방부병무국장 저희,1,1,0,0,1,100.0,미상,미상,미상,미상,미상
국방부연참국장김부일,국방부연참국장 김부일,1,1,0,0,1,100.0,미상,미상,미상,미상,미상
국방부인력차관보유근창,국방부인력차관보 유근창,1,1,0,0,1,100.0,미상,미상,미상,미상,미상
국방부인력차관보임충식,국방부인력차관보 임충식,1,1,0,0,1,100.0,미상,미상,미상,미상,미상
국방부인사국장윤택중,국방부인사국장 윤택중,1,1,0,0,1,100.0,미상,미상,미상,미상,미상
국방부장관국방부에서는,국방부장관 국방부에서는,1,1,0,0,1,100.0,미상,미상,미상,미상,미상
국방부장관어제까지,국방부장관 어제까지,1,1,0,0,1,100.0,미상,미상,미상,미상,미상
국방부장관정내혁,국방부장관 정내혁,1,0,0,1,1,100.0,미상,미상,미상,미상,미상
국방부장관처음에는,국방부장관 처음에는,1,1,0,0,1,100.0,미상,미상,미상,미상,미상
국방부차관이민우,국방부차관 이민우,1,0,0,1,1,100.0,신민당,"충북 청주시,청원군",남,6선,지역구
국방위원장대리송호림,국방위원장대리 송호림,1,1,0,0,1,100.0,유신정우회,미상,남,초선,통일주체국민회의
국방위원장대리이영근,국방위원장대리 이영근,1,0,0,1,1,100.0,민주공화당,미상,남,3선,전국구
국방위원장대리최우근,국방위원장대리 최우근,1,1,0,0,1,100.0,유신정우회,미상,남,재선,통일주체국민회의
국방위원회간사황인원,국방위원회간사 황인원,1,1,0,0,1,100.0,신민당,"경기 파주,고양군",남,재선,지역구
국방장관곡가인상,국방장관 곡가인상,1,1,0,0,1,100.0,미상,미상,미상,미상,미상
국세청차장대체적으로,국세청차장 대체적으로,1,1,0,0,1,100.0,미상,미상,미상,미상,미상
국세청차장세법에,국세청차장 세법에,1,1,0,0,1,100.0,미상,미상,미상,미상,미상
국외선전,국외 선전,1,0,1,0,1,100.0,미상,미상,미상,미상,미상
국유림,국유림,1,1,0,0,1,100.0,미상,미상,미상,미상,미상
국제관광공사운수사업소장김창우,국제관광공사운수사업소장 김창우,1,1,0,0,1,100.0,미상,미상,미상,미상,미상
국토개발청장태백산지역,국토개발청장 태백산지역,1,1,0,0,1,100.0,미상,미상,미상,미상,미상
국토건설기획국장태백산,국토건설기획국장 태백산,1,0,0,1,1,100.0,미상,미상,미상,미상,미상
국토건설청장건설간부는,국토건설청장 건설간부는,1,1,0,0,1,100.0,미상,미상,미상,미상,미상
국토건설청장건설부,국토건설청장 건설부,1,1,0,0,1,100.0,미상,미상,미상,미상,미상
국토건설청장단이란,국토건설청장 단이란,1,1,0,0,1,100.0,미상,미상,미상,미상,미상
국토건설청장당초에는,국토건설청장 당초에는,1,1,0,0,1,100.0,미상,미상,미상,미상,미상
국토건설청장시행령이,국토건설청장 시행령이,1,1,0,0,1,100.0,미상,미상,미상,미상,미상
국토건설청장장기,국토건설청장 장기,1,1,0,0,1,100.0,미상,미상,미상,미상,미상
국토건설청장조성근,국토건설청장 조성근,1,0,0,1,1,100.0,미상,미상,미상,미상,미상
국토통일원기획관리관김이현,국토통일원기획관리관 김이현,1,1,0,0,1,100.0,미상,미상,미상,미상,미상
국토통일원정책기획실장류태현,국토통일원정책기획실장 류태현,1,1,0,0,1,100.0,미상,미상,미상,미상,미상
국토통일원정책기획실장유태현,국토통일원정책기획실장 유태현,1,1,0,0,1,100.0,미상,미상,미상,미상,미상
국토통일원차관동훈,국토통일원차관 동훈,1,1,0,0,1,100.0,미상,미상,미상,미상,미상
국회법중개정법률안기초특별위원장대리고재필,국회법중개정법률안기초특별위원장대리 고재필,1,1,0,0,1,100.0,민주공화당,"전남 담양,장성군",남,4선,지역구
국회사무처건설국장정동우,국회사무처건설국장 정동우,1,1,0,0,1,100.0,미상,미상,미상,미상,미상
국회사무처리과장정동우,국회사무처리과장 정동우,1,1,0,0,1,100.0,미상,미상,미상,미상,미상
국회사무처차장이호진,국회사무처차장 이호진,1,1,0,0,1,100.0,미상,미상,미상,미상,미상
국회상임위원회위원정수에관한규책중개정안기초특별위원장대리장영순,국회상임위원회위원정수에관한규책중개정안기초특별위원장대리 장영순,1,1,0,0,1,100.0,민주공화당,"충남 청양,홍성,예산군",남,4선,지역구
국회상임위원회위원정수에관한규칙개정특별위원장대리김용호,국회상임위원회위원정수에관한규칙개정특별위원장대리 김용호,1,1,0,0,1,100.0,유신정우회,미상,남,초선,통일주체국민회의
국회상임위원회위원정수에관한규칙중개정안기초특별위원장김재순,국회상임위원회위원정수에관한규칙중개정안기초특별위원장 김재순,1,1,0,0,1,100.0,민주공화당,"강원 철원,화천,양구",남,7선,지역구
국회운영위원장대리김익기,국회운영위원장대리 김익기,1,0,0,1,1,100.0,신민당,미상,남,5선,전국구
국회운영위원장대리김익준,국회운영위원장대리 김익준,1,1,0,0,1,100.0,민주공화당,미상,남,재선,전국구
국회운영위원장대리박두선,국회운영위원장대리 박두선,1,1,0,0,1,100.0,민주공화당,전북 정읍,남,초선,지역구
국회운영위원장대리이만섭,국회운영위원장대리 이만섭,1,1,0,0,1,100.0,민주공화당,미상,남,8선,전국구
국회운영위원장대리이백일,국회운영위원장대리 이백일,1,1,0,0,1,100.0,민주공화당,"경기 여주,양평군",남,재선,지역구
국회운영위원장대리이상무,국회운영위원장대리 이상무,1,1,0,0,1,100.0,민주공화당,"경북 경주,월성군",남,재선,지역구
국회운영위원장대리이해원,국회운영위원장대리 이해원,1,1,0,0,1,100.0,민주공화당,"충북 충주,중원,제천,단양",남,4선,지역구
국회운영위원장대리임병수,국회운영위원장대리 임병수,1,1,0,0,1,100.0,민주공화당,"제주 제주,북제주군",남,초선,지역구
국회의사당건립위원회상임위원윤장섭,국회의사당건립위원회상임위원 윤장섭,1,1,0,0,1,100.0,미상,미상,미상,미상,미상
국회의원겸직사실유무특별조사위원장대리김두현,국회의원겸직사실유무특별조사위원장대리 김두현,1,1,0,0,1,100.0,민주공화당,충남 당진,남,초선,지역구
군사원호청장군사원호상의,군사원호청장 군사원호상의,1,1,0,0,1,100.0,미상,미상,미상,미상,미상
군사원호청장양해사항으로서,군사원호청장 양해사항으로서,1,1,0,0,1,100.0,미상,미상,미상,미상,미상
군사원호청장한사람의,군사원호청장 한사람의,1,1,0,0,1,100.0,미상,미상,미상,미상,미상
군사원호청장현재,군사원호청장 현재,1,1,0,0,1,100.0,미상,미상,미상,미상,미상
군사원호청차장charts에,군사원호청차장 charts에,1,1,0,0,1,100.0,미상,미상,미상,미상,미상
군사원호청차장교도위원회는,군사원호청차장 교도위원회는,1,1,0,0,1,100.0,미상,미상,미상,미상,미상
군수학교중령,군수학교 중령,1,1,0,0,1,100.0,미상,미상,미상,미상,미상
권갑주의원,권갑주 의원,1,1,0,0,1,100.0,유신정우회,미상,남,초선,통일주체국민회의
권일의원,권일 의원,1,1,0,0,1,100.0,민주공화당,미상,남,재선,전국구
권중동의원,권중동 의원,1,0,0,1,1,100.0,유신정우회,미상,남,재선,통일주체국민회의
기타참석자(한일회담한국측대표,기타 참석자(한일회담한국측대표,1,0,1,0,1,100.0,미상,미상,미상,미상,미상
기획관리관고재봉,기획관리관 고재봉,1,1,0,0,1,100.0,미상,미상,미상,미상,미상
기획관리실장김원규,기획관리실장 김원규,1,1,0,0,1,100.0,미상,미상,미상,미상,미상
기획관리실장조진희,기획관리실장 조진희,1,1,0,0,1,100.0,미상,미상,미상,미상,미상
기획부장charts에,기획부장 charts에,1,1,0,0,1,100.0,미상,미상,미상,미상,미상
기획부장명의택,기획부장 명의택,1,1,0,0,1,100.0,미상,미상,미상,미상,미상
기획실장물론,기획실장 물론,1,1,0,0,1,100.0,미상,미상,미상,미상,미상
기획위chart에,기획위 chart에,1,1,0,0,1,100.0,미상,미상,미상,미상,미상
기획위원정인욱,기획위원 정인욱,1,1,0,0,1,100.0,미상,미상,미상,미상,미상
기획위원주언,기획위원 주언,1,1,0,0,1,100.0,미상,미상,미상,미상,미상
기획조정관5개년,기획조정관 5개년,1,1,0,0,1,100.0,미상,미상,미상,미상,미상
기획조정실장조효원,기획조정실장 조효원,1,1,0,0,1,100.0,미상,미상,미상,미상,미상
기획통제관chart에,기획통제관 chart에,1,1,0,0,1,100.0,미상,미상,미상,미상,미상
기획통제관금년도의,기획통제관 금년도의,1,1,0,0,1,100.0,미상,미상,미상,미상,미상
기획통제관대체로,기획통제관 대체로,1,1,0,0,1,100.0,미상,미상,미상,미상,미상
기획통제관실기획조정관최원명,기획통제관실기획조정관 최원명,1,1,0,0,1,100.0,미상,미상,미상,미상,미상
기획통제관오늘,기획통제관 오늘,1,1,0,0,1,100.0,미상,미상,미상,미상,미상
기획통제관자조계획이,기획통제관 자조계획이,1,1,0,0,1,100.0,미상,미상,미상,미상,미상
기획통제관추석경기로,기획통제관 추석경기로,1,1,0,0,1,100.0,미상,미상,미상,미상,미상
길대령(charts에,길대령 (charts에,1,1,0,0,1,100.0,미상,미상,미상,미상,미상
김고문악용되면,김고문 악용되면,1,1,0,0,1,100.0,미상,미상,미상,미상,미상
김고문헌법상의,김고문 헌법상의,1,1,0,0,1,100.0,미상,미상,미상,미상,미상
김교식재경위의,김교식 재경위의,1,1,0,0,1,100.0,미상,미상,미상,미상,미상
김교식정부에,김교식 정부에,1,1,0,0,1,100.0,미상,미상,미상,미상,미상
김기형의원,김기형 의원,1,0,0,1,1,100.0,유신정우회,미상,남,초선,통일주체국민회의
김대중위원(계속),김대중 위원(계속),1,1,0,0,1,100.0,민주당,전남 목포,남,6선,지역구
김도창의원,김도창 의원,1,1,0,0,1,100.0,유신정우회,미상,남,초선,통일주체국민회의
김명회의원,김명회 의원,1,0,0,1,1,100.0,유신정우회,미상,남,초선,통일주체국민회의
김병삼내각사항,김병삼 내각사항,1,0,0,1,1,100.0,미상,미상,미상,미상,미상
김병삼내년,김병삼 내년,1,0,0,1,1,100.0,미상,미상,미상,미상,미상
김병삼법무부,김병삼 법무부,1,0,0,1,1,100.0,미상,미상,미상,미상,미상
김병삼인천공작창,김병삼 인천공작창,1,1,0,0,1,100.0,미상,미상,미상,미상,미상
김병순의원(계속),김병순 의원(계속),1,1,0,0,1,100.0,민주공화당,미상,남,4선,전국구
김삼상의원,김삼상 의원,1,1,0,0,1,100.0,민주공화당,"경남 산청,합천군",남,초선,지역구
김삼위원(계속),김삼 위원(계속),1,0,0,1,1,100.0,자유민주당,"강원 강릉,명주",남,초선,지역구
김상영의원(계속),김상영 의원(계속),1,0,0,1,1,100.0,민주공화당,"전남 여수시,광양,여천군",남,재선,지역구
김상흠의원(계속),김상흠 의원(계속),1,0,0,1,1,100.0,신민당,전북 고창군,남,재선,지역구
김성낙의원,김성낙 의원,1,0,0,1,1,100.0,미상,미상,미상,미상,미상
김성용의원(계속),김성용 의원(계속),1,1,0,0,1,100.0,민주당,미상,남,3선,전국구
김성주의원,김성주 의원,1,0,0,1,1,100.0,유신정우회,미상,남,초선,통일주체국민회의
김성한위원,김성한 위원,1,1,0,0,1,100.0,미상,미상,미상,미상,미상
김성화위원,김성화 위원,1,1,0,0,1,100.0,미상,미상,미상,미상,미상
김성희의원,김성희 의원,1,1,0,0,1,100.0,민주공화당,미상,남,초선,전국구
김옥자위원,김옥자 위원,1,1,0,0,1,100.0,민주공화당,미상,여,재선,전국구
김용순의원(위원,김용순 의원(위원,1,1,0,0,1,100.0,민주공화당,"경남 사천,하동,삼천포",남,재선,지역구
김용채의원(위원,김용채 의원(위원,1,1,0,0,1,100.0,민주공화당,미상,남,5선,전국구
김용호워원,김용호 워원,1,1,0,0,1,100.0,민주공화당,미상,남,4선,전국구
김원규의원,김원규 의원,1,1,0,0,1,100.0,민주공화당,경남 울산시울주구,남,초선,지역구
김이권의원,김이권 의원,1,1,0,0,1,100.0,신민당,경남 창녕,남,초선,지역구
김익준의원(위원,김익준 의원(위원,1,0,1,0,1,100.0,민주공화당,미상,남,재선,전국구
김인의원,김인 의원,1,1,0,0,1,100.0,민주공화당,경북 상주,남,초선,지역구
김재순의원(위원,김재순 의원(위원,1,1,0,0,1,100.0,민주공화당,"강원 철원,화천,양구",남,7선,지역구
김재화의원,김재화 의원,1,0,1,0,1,100.0,신민당,미상,남,초선,전국구
김정근의원,김정근 의원,1,1,0,0,1,100.0,민주공화당,경북 상주,남,재선,지역구
김정렬의원(계속),김정렬 의원(계속),1,0,1,0,1,100.0,미상,미상,미상,미상,미상
김정열의원,김정열 의원,1,0,1,0,1,100.0,신민당,경기 인천갑,남,초선,지역구
김종오위원,김종오 위원,1,1,0,0,1,100.0,미상,미상,미상,미상,미상
김종환의원,김종환 의원,1,1,0,0,1,100.0,민주공화당,"경북 대구시,북,서구",남,초선,지역구
김진복의원,김진복 의원,1,0,0,1,1,100.0,유신정우회,미상,남,초선,통일주체국민회의
김창환의원,김창환 의원,1,0,0,1,1,100.0,신민당,"경북 성주,군위,칠곡,선산",남,재선,지역구
김태규의원,김태규 의원,1,1,0,0,1,100.0,유신정우회,미상,남,초선,통일주체국민회의
김택수의원(위원,김택수 의원(위원,1,0,0,1,1,100.0,민주공화당,경남 김해,남,3선,지역구
김형일위원(위원,김형일 위원(위원,1,1,0,0,1,100.0,신민당,경기 화성,남,4선,지역구
김효영의원,김효영 의원,1,0,0,1,1,100.0,민주공화당,"강원 강릉,명주,삼척",남,4선,지역구
내각,내각,1,1,0,0,1,100.0,미상,미상,미상,미상,미상
내각보고경제기획원장,내각보고 경제기획원장,1,1,0,0,1,100.0,미상,미상,미상,미상,미상
내각사무처장USOM에,내각사무처장 USOM에,1,1,0,0,1,100.0,미상,미상,미상,미상,미상
내각사무처장charts에,내각사무처장 charts에,1,1,0,0,1,100.0,미상,미상,미상,미상,미상
내각사무처장그중,내각사무처장 그중,1,0,1,0,1,100.0,미상,미상,미상,미상,미상
내각사무처장기술자,내각사무처장 기술자,1,1,0,0,1,100.0,미상,미상,미상,미상,미상
내각사무처장독나비에,내각사무처장 독나비에,1,0,1,0,1,100.0,미상,미상,미상,미상,미상
내각사무처장포상계획,내각사무처장 포상계획,1,1,0,0,1,100.0,미상,미상,미상,미상,미상
내각사무처장행사별,내각사무처장 행사별,1,1,0,0,1,100.0,미상,미상,미상,미상,미상
내각수반KNA가,내각수반 KNA가,1,1,0,0,1,100.0,미상,미상,미상,미상,미상
내각수반경제,내각수반 경제,1,1,0,0,1,100.0,미상,미상,미상,미상,미상
내각수반그,내각수반 그,1,1,0,0,1,100.0,미상,미상,미상,미상,미상
내각수반사업,내각수반 사업,1,1,0,0,1,100.0,미상,미상,미상,미상,미상
내각수반앞으로,내각수반 앞으로,1,1,0,0,1,100.0,미상,미상,미상,미상,미상
내각수반외자청은,내각수반 외자청은,1,1,0,0,1,100.0,미상,미상,미상,미상,미상
내각수반이것은,내각수반 이것은,1,1,0,0,1,100.0,미상,미상,미상,미상,미상
내각수반정부,내각수반 정부,1,1,0,0,1,100.0,미상,미상,미상,미상,미상
내각수반정치적인,내각수반 정치적인,1,1,0,0,1,100.0,미상,미상,미상,미상,미상
내각수반참고삼아,내각수반 참고삼아,1,1,0,0,1,100.0,미상,미상,미상,미상,미상
내무국장실질적으로,내무국장 실질적으로,1,1,0,0,1,100.0,미상,미상,미상,미상,미상
내무부장관국가사업,내무부장관 국가사업,1,1,0,0,1,100.0,미상,미상,미상,미상,미상
내무부장관군과,내무부장관 군과,1,1,0,0,1,100.0,미상,미상,미상,미상,미상
내무부장관매점매석,내무부장관 매점매석,1,1,0,0,1,100.0,미상,미상,미상,미상,미상
내무부재정과장남문희,내무부재정과장 남문희,1,1,0,0,1,100.0,미상,미상,미상,미상,미상
내무부차관시도별,내무부차관 시도별,1,1,0,0,1,100.0,미상,미상,미상,미상,미상
내무부차관이계기,내무부차관 이계기,1,1,0,0,1,100.0,미상,미상,미상,미상,미상
내무부치안국기획심사과장이규섭,내무부치안국기획심사과장 이규섭,1,1,0,0,1,100.0,미상,미상,미상,미상,미상
내무위원장대리류치송,내무위원장대리 류치송,1,1,0,0,1,100.0,미상,미상,미상,미상,미상
내무위원장대리오치성,내무위원장대리 오치성,1,1,0,0,1,100.0,민주공화당,미상,남,4선,전국구
내무위원장오치성(계속),내무위원장 오치성(계속),1,1,0,0,1,100.0,민주공화당,"경기 연천,포천,가평군",남,4선,지역구
"노동국장철도,","노동국장 철도,",1,1,0,0,1,100.0,미상,미상,미상,미상,미상
노동부차장우기도,노동부차장 우기도,1,1,0,0,1,100.0,미상,미상,미상,미상,미상
노동청근로기준담당관이문홍,노동청근로기준담당관 이문홍,1,1,0,0,1,100.0,미상,미상,미상,미상,미상
노동청기획관리관노택진,노동청기획관리관 노택진,1,1,0,0,1,100.0,미상,미상,미상,미상,미상
노동청기획관리관이효석,노동청기획관리관 이효석,1,1,0,0,1,100.0,미상,미상,미상,미상,미상
노동청부이사관심강섭,노동청부이사관 심강섭,1,1,0,0,1,100.0,미상,미상,미상,미상,미상
노동청직업안정국장서리심강섭,노동청직업안정국장서리 심강섭,1,1,0,0,1,100.0,미상,미상,미상,미상,미상
노동청직업안정국장심강섭,노동청직업안정국장 심강섭,1,1,0,0,1,100.0,미상,미상,미상,미상,미상
노동청차장허성준,노동청차장 허성준,1,1,0,0,1,100.0,미상,미상,미상,미상,미상
농림부기획관리실장심창유,농림부기획관리실장 심창유,1,1,0,0,1,100.0,미상,미상,미상,미상,미상
농림부농정국농업자재과장이재용,농림부농정국농업자재과장 이재용,1,0,0,1,1,100.0,미상,미상,미상,미상,미상
농림부동물검역소장임윤희,농림부동물검역소장 임윤희,1,1,0,0,1,100.0,미상,미상,미상,미상,미상
농림부수산국장이봉래,농림부수산국장 이봉래,1,1,0,0,1,100.0,미상,미상,미상,미상,미상
농림부양정국관리과장장덕희,농림부양정국관리과장 장덕희,1,1,0,0,1,100.0,미상,미상,미상,미상,미상
농림부장관4294년,농림부장관 4294년,1,1,0,0,1,100.0,미상,미상,미상,미상,미상
농림부장관5·16,농림부장관 5·16,1,1,0,0,1,100.0,미상,미상,미상,미상,미상
농림부장관76억에,농림부장관 76억에,1,1,0,0,1,100.0,미상,미상,미상,미상,미상
농림부장관국고,농림부장관 국고,1,1,0,0,1,100.0,미상,미상,미상,미상,미상
농림부장관김영준(계속),농림부장관 김영준(계속),1,0,0,1,1,100.0,미상,미상,미상,미상,미상
농림부장관김주인,농림부장관 김주인,1,1,0,0,1,100.0,민주공화당,경남 거제,남,4선,지역구
농림부장관농촌에는,농림부장관 농촌에는,1,1,0,0,1,100.0,미상,미상,미상,미상,미상
농림부장관섬당,농림부장관 섬당,1,1,0,0,1,100.0,미상,미상,미상,미상,미상
농림부장관왜,농림부장관 왜,1,1,0,0,1,100.0,미상,미상,미상,미상,미상
농림부장관잠업값이,농림부장관 잠업값이,1,1,0,0,1,100.0,미상,미상,미상,미상,미상
농림부장관제15조는,농림부장관 제15조는,1,1,0,0,1,100.0,미상,미상,미상,미상,미상
농림부차관(김영준)잠사가격안정기금법,농림부차관(김영준) 잠사가격안정기금법,1,1,0,0,1,100.0,미상,미상,미상,미상,미상
농림부차관다음,농림부차관 다음,1,1,0,0,1,100.0,미상,미상,미상,미상,미상
농림부차관명년에,농림부차관 명년에,1,1,0,0,1,100.0,미상,미상,미상,미상,미상
농림부차관현재,농림부차관 현재,1,1,0,0,1,100.0,미상,미상,미상,미상,미상
농림부축산국장오준석,농림부축산국장 오준석,1,1,0,0,1,100.0,민주공화당,"경북 영양,울진군",남,4선,지역구
농림부축산국장유윤수,농림부축산국장 유윤수,1,1,0,0,1,100.0,미상,미상,미상,미상,미상
농림위원장대리김병순,농림위원장대리 김병순,1,1,0,0,1,100.0,민주공화당,미상,남,4선,전국구
농림차관이,농림차관 이,1,1,0,0,1,100.0,미상,미상,미상,미상,미상
농림차관제10조에,농림차관 제10조에,1,0,1,0,1,100.0,미상,미상,미상,미상,미상
농림차관제목을,농림차관 제목을,1,1,0,0,1,100.0,미상,미상,미상,미상,미상
농산물검사소대구지소장정수곤,농산물검사소대구지소장 정수곤,1,1,0,0,1,100.0,미상,미상,미상,미상,미상
농수산위원장대리박정자,농수산위원장대리 박정자,1,1,0,0,1,100.0,유신정우회,미상,여,초선,통일주체국민회의
농수산위원장대리이정식,농수산위원장대리 이정식,1,1,0,0,1,100.0,유신정우회,미상,남,재선,통일주체국민회의
농수산위원장대리임삼,농수산위원장대리 임삼,1,0,0,1,1,100.0,유신정우회,미상,남,초선,통일주체국민회의
농수산위원장대리정우식,농수산위원장대리 정우식,1,1,0,0,1,100.0,민주공화당,"경남 산청,함양,거창군",남,재선,지역구
농수산위원장지종걸,농수산위원장 지종걸,1,0,0,1,1,100.0,유신정우회,미상,남,초선,통일주체국민회의
농업진흥공사경기도지사장다음은,농업진흥공사경기도지사장 다음은,1,1,0,0,1,100.0,미상,미상,미상,미상,미상
농업진흥공사경기도지사장먼저,농업진흥공사경기도지사장 먼저,1,1,0,0,1,100.0,미상,미상,미상,미상,미상
농업진흥공사대구지사장유만규,농업진흥공사대구지사장 유만규,1,1,0,0,1,100.0,미상,미상,미상,미상,미상
농업진흥공사전라남도지사장윤두중,농업진흥공사전라남도지사장 윤두중,1,0,0,1,1,100.0,미상,미상,미상,미상,미상
농업진흥공사전라북도지사장이동원,농업진흥공사전라북도지사장 이동원,1,1,0,0,1,100.0,민주공화당,미상,남,4선,전국구
농업협동조합중앙회경기도지부장김형주,농업협동조합중앙회경기도지부장 김형주,1,1,0,0,1,100.0,미상,미상,미상,미상,미상
농업협동조합중앙회경상북도지부공판장장김윤환,농업협동조합중앙회경상북도지부공판장장 김윤환,1,1,0,0,1,100.0,미상,미상,미상,미상,미상
농업협동조합중앙회서울특별시지부전무정원상,농업협동조합중앙회서울특별시지부전무 정원상,1,1,0,0,1,100.0,미상,미상,미상,미상,미상
농정국장양수기,농정국장 양수기,1,1,0,0,1,100.0,미상,미상,미상,미상,미상
농정국장조금,농정국장 조금,1,1,0,0,1,100.0,미상,미상,미상,미상,미상
농정국장지금,농정국장 지금,1,1,0,0,1,100.0,미상,미상,미상,미상,미상
농지관리국장공유림을,농지관리국장 공유림을,1,1,0,0,1,100.0,미상,미상,미상,미상,미상
농지국장김승엽,농지국장 김승엽,1,1,0,0,1,100.0,미상,미상,미상,미상,미상
농촌진흥청가축위생시험소장문재봉,농촌진흥청가축위생시험소장 문재봉,1,1,0,0,1,100.0,미상,미상,미상,미상,미상
농촌진흥청기획관리관김용래,농촌진흥청기획관리관 김용래,1,1,0,0,1,100.0,미상,미상,미상,미상,미상
농촌진흥청기획관리관유석재,농촌진흥청기획관리관 유석재,1,1,0,0,1,100.0,미상,미상,미상,미상,미상
농촌진흥청기획관리관허성득,농촌진흥청기획관리관 허성득,1,1,0,0,1,100.0,미상,미상,미상,미상,미상
농촌진흥청장정남규,농촌진흥청장 정남규,1,1,0,0,1,100.0,미상,미상,미상,미상,미상
대구시장이규이,대구시장 이규이,1,1,0,0,1,100.0,미상,미상,미상,미상,미상
대령김학순,대령 김학순,1,0,0,1,1,100.0,미상,미상,미상,미상,미상
대령이연수,대령 이연수,1,1,0,0,1,100.0,미상,미상,미상,미상,미상
대령이영진,대령 이영진,1,1,0,0,1,100.0,미상,미상,미상,미상,미상
대전체신청공무과장김복만,대전체신청공무과장 김복만,1,1,0,0,1,100.0,미상,미상,미상,미상,미상
대통령경호실기획차장홍병철,대통령경호실기획차장 홍병철,1,1,0,0,1,100.0,미상,미상,미상,미상,미상
대통령비서실수석총무비서관조시형,대통령비서실수석총무비서관 조시형,1,1,0,0,1,100.0,미상,미상,미상,미상,미상
대통령비서실정무비서관김상복,대통령비서실정무비서관 김상복,1,1,0,0,1,100.0,미상,미상,미상,미상,미상
대통령비서실정무수석비서관김상복,대통령비서실정무수석비서관 김상복,1,1,0,0,1,100.0,미상,미상,미상,미상,미상
대통령비서실총무비서관김원희,대통령비서실총무비서관 김원희,1,1,0,0,1,100.0,미상,미상,미상,미상,미상
대한광업제련공사이사박상혁,대한광업제련공사이사 박상혁,1,1,0,0,1,100.0,미상,미상,미상,미상,미상
대한광업협회장황기용,대한광업협회장 황기용,1,1,0,0,1,100.0,미상,미상,미상,미상,미상
대한광업협회회장황기용,대한광업협회회장 황기용,1,1,0,0,1,100.0,미상,미상,미상,미상,미상
대한광업회이사박병화,대한광업회이사 박병화,1,1,0,0,1,100.0,미상,미상,미상,미상,미상
대한광업회장황기용,대한광업회장 황기용,1,1,0,0,1,100.0,미상,미상,미상,미상,미상
대한교육연합회공제조합사무국장이수완,대한교육연합회공제조합사무국장 이수완,1,1,0,0,1,100.0,미상,미상,미상,미상,미상
대한금속학회회장윤동석,대한금속학회회장 윤동석,1,1,0,0,1,100.0,미상,미상,미상,미상,미상
대한산림조합연합회경상북도지부장이종희,대한산림조합연합회경상북도지부장 이종희,1,1,0,0,1,100.0,미상,미상,미상,미상,미상
대한산림조합연합회전라북도지부장유준태,대한산림조합연합회전라북도지부장 유준태,1,0,0,1,1,100.0,미상,미상,미상,미상,미상
대한산림조합연합회충청남도지부장신석영,대한산림조합연합회충청남도지부장 신석영,1,1,0,0,1,100.0,미상,미상,미상,미상,미상
대한석탄공사생산이사제가,대한석탄공사생산이사 제가,1,1,0,0,1,100.0,미상,미상,미상,미상,미상
대한양회감독관3개,대한양회감독관 3개,1,1,0,0,1,100.0,미상,미상,미상,미상,미상
대한양회협회부회장김종대,대한양회협회부회장 김종대,1,1,0,0,1,100.0,미상,미상,미상,미상,미상
대한염업주식회사부사장이원장,대한염업주식회사부사장 이원장,1,1,0,0,1,100.0,미상,미상,미상,미상,미상
대한염업주식회사총무이사염홍섭,대한염업주식회사총무이사 염홍섭,1,1,0,0,1,100.0,미상,미상,미상,미상,미상
대한조선공사사장그다음에,대한조선공사사장 그다음에,1,1,0,0,1,100.0,미상,미상,미상,미상,미상
대한조선공사사장답변드리기,대한조선공사사장 답변드리기,1,1,0,0,1,100.0,미상,미상,미상,미상,미상
대한조선공사사장매우,대한조선공사사장 매우,1,1,0,0,1,100.0,미상,미상,미상,미상,미상
대한조선공사사장먼저,대한조선공사사장 먼저,1,1,0,0,1,100.0,미상,미상,미상,미상,미상
대한조선공사사장서울지사를,대한조선공사사장 서울지사를,1,1,0,0,1,100.0,미상,미상,미상,미상,미상
대한조선공사사장전무이사,대한조선공사사장 전무이사,1,0,1,0,1,100.0,미상,미상,미상,미상,미상
대한조선공사사장처음에,대한조선공사사장 처음에,1,1,0,0,1,100.0,미상,미상,미상,미상,미상
대한조선공사사장휴가기간이,대한조선공사사장 휴가기간이,1,0,1,0,1,100.0,미상,미상,미상,미상,미상
대한주택공사이사김동선,대한주택공사이사 김동선,1,1,0,0,1,100.0,미상,미상,미상,미상,미상
대한주택영단이사장장대령,대한주택영단이사장 장대령,1,0,0,1,1,100.0,미상,미상,미상,미상,미상
대한준설공사관리이사허필은,대한준설공사관리이사 허필은,1,1,0,0,1,100.0,미상,미상,미상,미상,미상
대한중석광업주식회사이사정창근,대한중석광업주식회사이사 정창근,1,1,0,0,1,100.0,미상,미상,미상,미상,미상
대한철광주식회사요업연구소장지인업,대한철광주식회사요업연구소장 지인업,1,1,0,0,1,100.0,미상,미상,미상,미상,미상
독일연방공화국주차대한민국특명전권대사최덕신,독일연방공화국주차대한민국특명전권대사 최덕신,1,1,0,0,1,100.0,미상,미상,미상,미상,미상
독일연방공화국하원의장오이겐,독일연방공화국하원의장 오이겐,1,1,0,0,1,100.0,미상,미상,미상,미상,미상
동대문전화국기계과장방순문,동대문전화국기계과장 방순문,1,1,0,0,1,100.0,미상,미상,미상,미상,미상
동서석유화학사장김필상,동서석유화학사장 김필상,1,1,0,0,1,100.0,미상,미상,미상,미상,미상
로이드의원,로이드 의원,1,0,0,1,1,100.0,미상,미상,미상,미상,미상
류기정의원,류기정 의원,1,0,0,1,1,100.0,미상,미상,미상,미상,미상
류범수의원,류범수 의원,1,1,0,0,1,100.0,미상,미상,미상,미상,미상
마이즈의원,마이즈 의원,1,0,0,1,1,100.0,미상,미상,미상,미상,미상
모록코주재한국대사신현준,모록코주재한국대사 신현준,1,1,0,0,1,100.0,미상,미상,미상,미상,미상
모윤숙의원,모윤숙 의원,1,1,0,0,1,100.0,민주공화당,미상,여,초선,전국구
무역진흥공사사장오범식,무역진흥공사사장 오범식,1,1,0,0,1,100.0,미상,미상,미상,미상,미상
무역진흥공사장오범식,무역진흥공사장 오범식,1,1,0,0,1,100.0,미상,미상,미상,미상,미상
문공부차관성동준,문공부차관 성동준,1,1,0,0,1,100.0,미상,미상,미상,미상,미상
문교공보위원장김종호,문교공보위원장 김종호,1,1,0,0,1,100.0,민주공화당,"강원 속초시,고성,양양",남,재선,지역구
문교공보위원장대리윤천주,문교공보위원장대리 윤천주,1,1,0,0,1,100.0,민주공화당,미상,남,초선,전국구
문교공보위원장윤인식,문교공보위원장 윤인식,1,0,0,1,1,100.0,민주공화당,"전남 영광,장성,함평군",남,4선,지역구
문교공보위원회간사류청,문교공보위원회간사 류청,1,1,0,0,1,100.0,미상,미상,미상,미상,미상
문교부고등교육장조병욱,문교부고등교육장 조병욱,1,0,1,0,1,100.0,미상,미상,미상,미상,미상
문교부문예국장이,문교부문예국장 이,1,1,0,0,1,100.0,미상,미상,미상,미상,미상
문교부사회교육과장장인숙,문교부사회교육과장 장인숙,1,1,0,0,1,100.0,미상,미상,미상,미상,미상
문교부양기려,문교부 양기려,1,1,0,0,1,100.0,미상,미상,미상,미상,미상
문교부장관김상엽,문교부장관 김상엽,1,1,0,0,1,100.0,미상,미상,미상,미상,미상
문교부장관실업계,문교부장관 실업계,1,1,0,0,1,100.0,미상,미상,미상,미상,미상
문교부장학실장손영경,문교부장학실장 손영경,1,1,0,0,1,100.0,미상,미상,미상,미상,미상
문교부차관홍종철,문교부차관 홍종철,1,1,0,0,1,100.0,미상,미상,미상,미상,미상
문사위원장손창규,문사위원장 손창규,1,1,0,0,1,100.0,미상,미상,미상,미상,미상
문사위자문오정근,문사위자문 오정근,1,1,0,0,1,100.0,미상,미상,미상,미상,미상
문사위자문제안이유,문사위자문 제안이유,1,1,0,0,1,100.0,미상,미상,미상,미상,미상
문창탁의원,문창탁 의원,1,1,0,0,1,100.0,민주공화당,미상,남,초선,전국구
문화공보부기획관리실장이홍수,문화공보부기획관리실장 이홍수,1,1,0,0,1,100.0,미상,미상,미상,미상,미상
문화공보부방송관리국장윤태로,문화공보부방송관리국장 윤태로,1,1,0,0,1,100.0,미상,미상,미상,미상,미상
문화공보위원장최영두,문화공보위원장 최영두,1,1,0,0,1,100.0,민주공화당,전북 완주,남,초선,지역구
문화재관리국장제안이유,문화재관리국장 제안이유,1,0,1,0,1,100.0,미상,미상,미상,미상,미상
민관식위원(위원,민관식 위원(위원,1,1,0,0,1,100.0,민주공화당,서울 동대문구갑,남,5선,지역구
박동묘계획서의,박동묘 계획서의,1,1,0,0,1,100.0,미상,미상,미상,미상,미상
박동묘의장고문,박동묘 의장고문,1,1,0,0,1,100.0,미상,미상,미상,미상,미상
박동묘정부의,박동묘 정부의,1,1,0,0,1,100.0,미상,미상,미상,미상,미상
박삼철의원,박삼철 의원,1,0,0,1,1,100.0,무소속,"전남 순천시,구례,승주군",남,초선,지역구
박숙현의원,박숙현 의원,1,0,0,1,1,100.0,민주공화당,"경북 경주시,월성,청도군",남,3선,지역구
박위원장경찰관의,박위원장 경찰관의,1,1,0,0,1,100.0,미상,미상,미상,미상,미상
박위원장계속해서,박위원장 계속해서,1,1,0,0,1,100.0,미상,미상,미상,미상,미상
박위원장국가사업체,박위원장 국가사업체,1,1,0,0,1,100.0,미상,미상,미상,미상,미상
박위원장권한과,박위원장 권한과,1,1,0,0,1,100.0,미상,미상,미상,미상,미상
박위원장그때까지,박위원장 그때까지,1,1,0,0,1,100.0,미상,미상,미상,미상,미상
박위원장먼저,박위원장 먼저,1,1,0,0,1,100.0,미상,미상,미상,미상,미상
박위원장불필요한,박위원장 불필요한,1,1,0,0,1,100.0,미상,미상,미상,미상,미상
박위원장상공회의소가,박위원장 상공회의소가,1,1,0,0,1,100.0,미상,미상,미상,미상,미상
박위원장신년도부터,박위원장 신년도부터,1,1,0,0,1,100.0,미상,미상,미상,미상,미상
박위원장오후에는,박위원장 오후에는,1,1,0,0,1,100.0,미상,미상,미상,미상,미상
박위원장이재민의,박위원장 이재민의,1,1,0,0,1,100.0,미상,미상,미상,미상,미상
박위원장인원과,박위원장 인원과,1,1,0,0,1,100.0,미상,미상,미상,미상,미상
박위원장정부기구,박위원장 정부기구,1,1,0,0,1,100.0,미상,미상,미상,미상,미상
박위원장좋은,박위원장 좋은,1,1,0,0,1,100.0,미상,미상,미상,미상,미상
박위원장최고회의에서는,박위원장 최고회의에서는,1,1,0,0,1,100.0,미상,미상,미상,미상,미상
박은희중령,박은희 중령,1,1,0,0,1,100.0,미상,미상,미상,미상,미상
박의장HID,박의장 HID,1,1,0,0,1,100.0,미상,미상,미상,미상,미상
박의장표결에,박의장 표결에,1,1,0,0,1,100.0,미상,미상,미상,미상,미상
박일의원(계속),박일 의원(계속),1,0,0,1,1,100.0,신민당,"경남 밀양,창녕군",남,5선,지역구
박정수의원,박정수 의원,1,0,0,1,1,100.0,무소속,"경북 김천시,금릉,상주군",남,5선,지역구
박정희본인과,박정희 본인과,1,0,0,1,1,100.0,미상,미상,미상,미상,미상
박종률의원,박종률 의원,1,1,0,0,1,100.0,미상,미상,미상,미상,미상
박종태위원(계속),박종태 위원(계속),1,1,0,0,1,100.0,민주공화당,전남 광산,남,3선,지역구
박종태의원,박종태 의원,1,0,1,0,1,100.0,민주공화당,전남 광산,남,3선,지역구
박찬(朴燦)의원,박찬(朴燦) 의원,1,0,0,1,1,100.0,민주공화당,"경북 대구시,중,서,북구",남,초선,지역구
박한상위원(계속),박한상 위원(계속),1,0,0,1,1,100.0,신민당,서울 영등포구을,남,6선,지역구
박한상의원및최영철기자테러사건진상조사특별위원장최치환,박한상의원및최영철기자테러사건진상조사특별위원장 최치환,1,0,0,1,1,100.0,민정당,서울 영등포구을,남,6선,지역구
박현숙의원,박현숙 의원,1,0,1,0,1,100.0,민주공화당,미상,여,재선,전국구
박형규의원,박형규 의원,1,0,0,1,1,100.0,유신정우회,미상,남,초선,통일주체국민회의
박희범기초개념,박희범 기초개념,1,1,0,0,1,100.0,미상,미상,미상,미상,미상
반장대리장치훈,반장대리 장치훈,1,1,0,0,1,100.0,신민당,미상,남,초선,전국구
방사선의학연구소연구관문석형,방사선의학연구소연구관 문석형,1,1,0,0,1,100.0,미상,미상,미상,미상,미상
방성출의원(위원,방성출 의원(위원,1,1,0,0,1,100.0,민주공화당,"경남 의령,함안군",남,초선,지역구
방송시설유지,방송시설 유지,1,1,0,0,1,100.0,미상,미상,미상,미상,미상
배길도위원(위원,배길도 위원(위원,1,1,0,0,1,100.0,민주공화당,전남 무안군,남,재선,지역구
법무부차관여기에,법무부차관 여기에,1,1,0,0,1,100.0,미상,미상,미상,미상,미상
법무부형정국장그러면,법무부형정국장 그러면,1,1,0,0,1,100.0,미상,미상,미상,미상,미상
법무부형정국장인쇄업자로부터,법무부형정국장 인쇄업자로부터,1,1,0,0,1,100.0,미상,미상,미상,미상,미상
법무부형정국장조달청,법무부형정국장 조달청,1,1,0,0,1,100.0,미상,미상,미상,미상,미상
법무분과위원장이석제,법무분과위원장 이석제,1,1,0,0,1,100.0,미상,미상,미상,미상,미상
법무장관장관,법무장관 장관,1,0,1,0,1,100.0,미상,미상,미상,미상,미상
법무장관지난번,법무장관 지난번,1,1,0,0,1,100.0,미상,미상,미상,미상,미상
법사위원장이석제,법사위원장 이석제,1,1,0,0,1,100.0,미상,미상,미상,미상,미상
법사위자문물품관리법이,법사위자문 물품관리법이,1,1,0,0,1,100.0,미상,미상,미상,미상,미상
법제국장chart에,법제국장 chart에,1,1,0,0,1,100.0,미상,미상,미상,미상,미상
법제사법위원장김장섭(계속),법제사법위원장 김장섭(계속),1,1,0,0,1,100.0,민주공화당,"경북 포항시,영일,울릉군",남,4선,지역구
법제사법위원장백남억(계속),법제사법위원장 백남억(계속),1,1,0,0,1,100.0,민주공화당,경북 김천시금릉,남,5선,지역구
법제처장그,법제처장 그,1,1,0,0,1,100.0,미상,미상,미상,미상,미상
법제처장양여한다면,법제처장 양여한다면,1,1,0,0,1,100.0,미상,미상,미상,미상,미상
법제처장제18조,법제처장 제18조,1,1,0,0,1,100.0,미상,미상,미상,미상,미상
법제처차장관청청사,법제처차장 관청청사,1,1,0,0,1,100.0,미상,미상,미상,미상,미상
법제처차장처리위원회를,법제처차장 처리위원회를,1,1,0,0,1,100.0,미상,미상,미상,미상,미상
벳즈의원,벳즈 의원,1,0,0,1,1,100.0,미상,미상,미상,미상,미상
보건사회부장관박주병(계속),보건사회부장관 박주병(계속),1,1,0,0,1,100.0,미상,미상,미상,미상,미상
보건사회부장관신현확(계속),보건사회부장관 신현확(계속),1,0,0,1,1,100.0,민주공화당,"경북 성주,군위,칠곡,선산",남,재선,지역구
보건사회운영장대리김성철,보건사회운영장대리 김성철,1,0,1,0,1,100.0,민주공화당,"전북 이리시,익산군",남,재선,지역구
보건사회위원장김용성,보건사회위원장 김용성,1,0,0,1,1,100.0,유신정우회,미상,남,3선,통일주체국민회의
보건사회위원장대리길전식,보건사회위원장대리 길전식,1,1,0,0,1,100.0,민주공화당,전남 장흥군,남,5선,지역구
보건사회위원장대리정병학,보건사회위원장대리 정병학,1,1,0,0,1,100.0,유신정우회,미상,남,초선,통일주체국민회의
보건사회위원장대리정헌조,보건사회위원장대리 정헌조,1,0,1,0,1,100.0,민주공화당,"전남 함평,영광군",남,재선,지역구
보사부노동국장실업자의,보사부노동국장 실업자의,1,1,0,0,1,100.0,미상,미상,미상,미상,미상
보사부부녀국장토지를,보사부부녀국장 토지를,1,1,0,0,1,100.0,미상,미상,미상,미상,미상
보사부장관건의사항,보사부장관 건의사항,1,1,0,0,1,100.0,미상,미상,미상,미상,미상
보사부장관고아실태에,보사부장관 고아실태에,1,0,1,0,1,100.0,미상,미상,미상,미상,미상
보사부장관고아원,보사부장관 고아원,1,1,0,0,1,100.0,미상,미상,미상,미상,미상
보사부장관공의지명제가,보사부장관 공의지명제가,1,1,0,0,1,100.0,미상,미상,미상,미상,미상
보사부장관공의진료소,보사부장관 공의진료소,1,1,0,0,1,100.0,미상,미상,미상,미상,미상
보사부장관국토건설법에,보사부장관 국토건설법에,1,1,0,0,1,100.0,미상,미상,미상,미상,미상
보사부장관식품위생법,보사부장관 식품위생법,1,1,0,0,1,100.0,미상,미상,미상,미상,미상
보사부장관우선순위가,보사부장관 우선순위가,1,0,1,0,1,100.0,미상,미상,미상,미상,미상
보사부장관의사면허가,보사부장관 의사면허가,1,1,0,0,1,100.0,미상,미상,미상,미상,미상
보사부장관잘못,보사부장관 잘못,1,1,0,0,1,100.0,미상,미상,미상,미상,미상
보사부장관직접,보사부장관 직접,1,1,0,0,1,100.0,미상,미상,미상,미상,미상
보사부차관정부원안은,보사부차관 정부원안은,1,1,0,0,1,100.0,미상,미상,미상,미상,미상
보사부차관현,보사부차관 현,1,1,0,0,1,100.0,미상,미상,미상,미상,미상
볼랜드의원,볼랜드 의원,1,1,0,0,1,100.0,미상,미상,미상,미상,미상
부름필드의원,부름필드 의원,1,0,0,1,1,100.0,미상,미상,미상,미상,미상
부산직할시경찰국장정석모,부산직할시경찰국장 정석모,1,1,0,0,1,100.0,미상,미상,미상,미상,미상
부산직할시산업국장홍승순,부산직할시산업국장 홍승순,1,1,0,0,1,100.0,미상,미상,미상,미상,미상
부산특별건설국장김승옥,부산특별건설국장 김승옥,1,1,0,0,1,100.0,미상,미상,미상,미상,미상
부시장연구하겠음.,부시장 연구하겠음.,1,1,0,0,1,100.0,미상,미상,미상,미상,미상
부원장4차,부원장 4차,1,1,0,0,1,100.0,미상,미상,미상,미상,미상
부의장24만,부의장 24만,1,1,0,0,1,100.0,미상,미상,미상,미상,미상
부의장고문“중”,부의장고문 “중”,1,1,0,0,1,100.0,미상,미상,미상,미상,미상
부의장고문면허,부의장고문 면허,1,1,0,0,1,100.0,미상,미상,미상,미상,미상
부의장고문제7조,부의장고문 제7조,1,1,0,0,1,100.0,미상,미상,미상,미상,미상
부의장고문제84조에,부의장고문 제84조에,1,1,0,0,1,100.0,미상,미상,미상,미상,미상
부의장과거의,부의장 과거의,1,1,0,0,1,100.0,미상,미상,미상,미상,미상
부의장관에서,부의장 관에서,1,1,0,0,1,100.0,미상,미상,미상,미상,미상
부의장국가,부의장 국가,1,1,0,0,1,100.0,미상,미상,미상,미상,미상
부의장국토건설단,부의장 국토건설단,1,1,0,0,1,100.0,미상,미상,미상,미상,미상
부의장국토건설부를,부의장 국토건설부를,1,1,0,0,1,100.0,미상,미상,미상,미상,미상
부의장김의준,부의장 김의준,1,0,1,0,1,100.0,미상,미상,미상,미상,미상
부의장내각에서,부의장 내각에서,1,1,0,0,1,100.0,미상,미상,미상,미상,미상
부의장따라서,부의장 따라서,1,1,0,0,1,100.0,미상,미상,미상,미상,미상
부의장면세하므로,부의장 면세하므로,1,1,0,0,1,100.0,미상,미상,미상,미상,미상
부의장물가만,부의장 물가만,1,1,0,0,1,100.0,미상,미상,미상,미상,미상
부의장방위사의,부의장 방위사의,1,1,0,0,1,100.0,미상,미상,미상,미상,미상
부의장법에서는,부의장 법에서는,1,1,0,0,1,100.0,미상,미상,미상,미상,미상
부의장서울시내,부의장 서울시내,1,1,0,0,1,100.0,미상,미상,미상,미상,미상
부의장설명에,부의장 설명에,1,1,0,0,1,100.0,미상,미상,미상,미상,미상
부의장소액,부의장 소액,1,1,0,0,1,100.0,미상,미상,미상,미상,미상
부의장숫자적인,부의장 숫자적인,1,1,0,0,1,100.0,미상,미상,미상,미상,미상
부의장식품위생법,부의장 식품위생법,1,1,0,0,1,100.0,미상,미상,미상,미상,미상
부의장식품위생법을,부의장 식품위생법을,1,1,0,0,1,100.0,미상,미상,미상,미상,미상
부의장실질상,부의장 실질상,1,1,0,0,1,100.0,미상,미상,미상,미상,미상
부의장심의회는,부의장 심의회는,1,1,0,0,1,100.0,미상,미상,미상,미상,미상
부의장어떤,부의장 어떤,1,1,0,0,1,100.0,미상,미상,미상,미상,미상
부의장예산문제는,부의장 예산문제는,1,1,0,0,1,100.0,미상,미상,미상,미상,미상
부의장예산안이,부의장 예산안이,1,1,0,0,1,100.0,미상,미상,미상,미상,미상
부의장오위원의,부의장 오위원의,1,1,0,0,1,100.0,미상,미상,미상,미상,미상
부의장인공강우에,부의장 인공강우에,1,1,0,0,1,100.0,미상,미상,미상,미상,미상
부의장인상하지,부의장 인상하지,1,1,0,0,1,100.0,미상,미상,미상,미상,미상
부의장자동차,부의장 자동차,1,1,0,0,1,100.0,미상,미상,미상,미상,미상
부의장자문기구라면,부의장 자문기구라면,1,1,0,0,1,100.0,미상,미상,미상,미상,미상
부의장장차,부의장 장차,1,1,0,0,1,100.0,미상,미상,미상,미상,미상
부의장재무부장관과,부의장 재무부장관과,1,1,0,0,1,100.0,미상,미상,미상,미상,미상
부의장전체,부의장 전체,1,1,0,0,1,100.0,미상,미상,미상,미상,미상
부의장제13조에,부의장 제13조에,1,1,0,0,1,100.0,미상,미상,미상,미상,미상
부의장제19조에,부의장 제19조에,1,1,0,0,1,100.0,미상,미상,미상,미상,미상
부의장제9조의,부의장 제9조의,1,1,0,0,1,100.0,미상,미상,미상,미상,미상
부의장조건부로,부의장 조건부로,1,1,0,0,1,100.0,미상,미상,미상,미상,미상
부의장좋은,부의장 좋은,1,1,0,0,1,100.0,미상,미상,미상,미상,미상
부의장증액분의,부의장 증액분의,1,1,0,0,1,100.0,미상,미상,미상,미상,미상
부의장첫째,부의장 첫째,1,1,0,0,1,100.0,미상,미상,미상,미상,미상
부의장최고회의에서는,부의장 최고회의에서는,1,1,0,0,1,100.0,미상,미상,미상,미상,미상
부의장추가행사의,부의장 추가행사의,1,1,0,0,1,100.0,미상,미상,미상,미상,미상
부의장편제개편도,부의장 편제개편도,1,1,0,0,1,100.0,미상,미상,미상,미상,미상
부정축재처리위원회담당관함병기,부정축재처리위원회담당관 함병기,1,1,0,0,1,100.0,미상,미상,미상,미상,미상
부정축재환수위윈회사무국장이흥진,부정축재환수위윈회사무국장 이흥진,1,1,0,0,1,100.0,미상,미상,미상,미상,미상
부총리겸경제기획원장관김유택,부총리겸경제기획원장관 김유택,1,1,0,0,1,100.0,미상,미상,미상,미상,미상
부총리겸경제기획원장관신현확,부총리겸경제기획원장관 신현확,1,1,0,0,1,100.0,민주공화당,"경북 구미,군위,성주,칠곡,선산",남,재선,지역구
부총리겸경제기획원장관장기영,부총리겸경제기획원장관 장기영,1,1,0,0,1,100.0,미상,미상,미상,미상,미상
비서실장임윤영,비서실장 임윤영,1,1,0,0,1,100.0,미상,미상,미상,미상,미상
비서실장홍성철,비서실장 홍성철,1,1,0,0,1,100.0,미상,미상,미상,미상,미상
사무관이득규,사무관 이득규,1,1,0,0,1,100.0,미상,미상,미상,미상,미상
사무처장1.,사무처장 1.,1,1,0,0,1,100.0,미상,미상,미상,미상,미상
사무처장과거에,사무처장 과거에,1,1,0,0,1,100.0,미상,미상,미상,미상,미상
사무처장김병삼,사무처장 김병삼,1,1,0,0,1,100.0,미상,미상,미상,미상,미상
사무처장모법에,사무처장 모법에,1,1,0,0,1,100.0,미상,미상,미상,미상,미상
사무처장실질적으로,사무처장 실질적으로,1,1,0,0,1,100.0,미상,미상,미상,미상,미상
사무처장여기서는,사무처장 여기서는,1,1,0,0,1,100.0,미상,미상,미상,미상,미상
사무처장이,사무처장 이,1,1,0,0,1,100.0,미상,미상,미상,미상,미상
사무처장재경,사무처장 재경,1,0,0,1,1,100.0,미상,미상,미상,미상,미상
사무처장재원,사무처장 재원,1,1,0,0,1,100.0,미상,미상,미상,미상,미상
사무처장정원감원과,사무처장 정원감원과,1,1,0,0,1,100.0,미상,미상,미상,미상,미상
사무처장조달청에,사무처장 조달청에,1,1,0,0,1,100.0,미상,미상,미상,미상,미상
사무처차장5개년계획서,사무처차장 5개년계획서,1,1,0,0,1,100.0,미상,미상,미상,미상,미상
사세국장법인세법부터,사세국장 법인세법부터,1,1,0,0,1,100.0,미상,미상,미상,미상,미상
사세국장영업세,사세국장 영업세,1,1,0,0,1,100.0,미상,미상,미상,미상,미상
사회보장심의위원회연구위원최천송,사회보장심의위원회연구위원 최천송,1,1,0,0,1,100.0,미상,미상,미상,미상,미상
산림국장서울시에서,산림국장 서울시에서,1,1,0,0,1,100.0,미상,미상,미상,미상,미상
산림국장월동용,산림국장 월동용,1,1,0,0,1,100.0,미상,미상,미상,미상,미상
산림국장흰불나방,산림국장 흰불나방,1,0,1,0,1,100.0,미상,미상,미상,미상,미상
산림사업비,산림사업비,1,1,0,0,1,100.0,미상,미상,미상,미상,미상
산림조합연합회경기도지부장이원영,산림조합연합회경기도지부장 이원영,1,1,0,0,1,100.0,민주공화당,미상,남,초선,전국구
산업은행부총재이병순,산업은행부총재 이병순,1,1,0,0,1,100.0,미상,미상,미상,미상,미상
산은총재산은서,산은총재 산은서,1,1,0,0,1,100.0,미상,미상,미상,미상,미상
삼호감독관10개,삼호감독관 10개,1,1,0,0,1,100.0,미상,미상,미상,미상,미상
상공부공업국장엄기호,상공부공업국장 엄기호,1,1,0,0,1,100.0,미상,미상,미상,미상,미상
상공부공업제2국장박림숙,상공부공업제2국장 박림숙,1,1,0,0,1,100.0,미상,미상,미상,미상,미상
상공부공업제2국장박임숙,상공부공업제2국장 박임숙,1,1,0,0,1,100.0,미상,미상,미상,미상,미상
상공부공업제2국장오원철,상공부공업제2국장 오원철,1,1,0,0,1,100.0,미상,미상,미상,미상,미상
상공부공업진흥관김찬동,상공부공업진흥관 김찬동,1,1,0,0,1,100.0,미상,미상,미상,미상,미상
상공부공업진흥관유각종,상공부공업진흥관 유각종,1,1,0,0,1,100.0,미상,미상,미상,미상,미상
상공부기획조정관함인영,상공부기획조정관 함인영,1,1,0,0,1,100.0,미상,미상,미상,미상,미상
상공부석탄과장양,상공부석탄과장 양,1,1,0,0,1,100.0,미상,미상,미상,미상,미상
상공부장관5개년발전계획은,상공부장관 5개년발전계획은,1,1,0,0,1,100.0,미상,미상,미상,미상,미상
상공부장관그날,상공부장관 그날,1,1,0,0,1,100.0,미상,미상,미상,미상,미상
상공부장관박충훈(계속),상공부장관 박충훈(계속),1,1,0,0,1,100.0,미상,미상,미상,미상,미상
상공부장관보고된,상공부장관 보고된,1,1,0,0,1,100.0,미상,미상,미상,미상,미상
상공부장관수입품을,상공부장관 수입품을,1,0,1,0,1,100.0,미상,미상,미상,미상,미상
상공부장관수자원국을,상공부장관 수자원국을,1,1,0,0,1,100.0,미상,미상,미상,미상,미상
상공부장관업무,상공부장관 업무,1,1,0,0,1,100.0,미상,미상,미상,미상,미상
상공부장관오늘은,상공부장관 오늘은,1,1,0,0,1,100.0,미상,미상,미상,미상,미상
상공부장관이것을,상공부장관 이것을,1,1,0,0,1,100.0,미상,미상,미상,미상,미상
상공부장관이병호(계속),상공부장관 이병호(계속),1,1,0,0,1,100.0,미상,미상,미상,미상,미상
상공부장관자동차,상공부장관 자동차,1,1,0,0,1,100.0,미상,미상,미상,미상,미상
상공부장관저질탄을,상공부장관 저질탄을,1,1,0,0,1,100.0,미상,미상,미상,미상,미상
상공부장관전택보씨,상공부장관 전택보씨,1,1,0,0,1,100.0,미상,미상,미상,미상,미상
상공부장관타국의,상공부장관 타국의,1,1,0,0,1,100.0,미상,미상,미상,미상,미상
상공부장관화폐교환,상공부장관 화폐교환,1,1,0,0,1,100.0,미상,미상,미상,미상,미상
상공부전기국장김영배,상공부전기국장 김영배,1,1,0,0,1,100.0,미상,미상,미상,미상,미상
상공부제2공업국장엄익호,상공부제2공업국장 엄익호,1,1,0,0,1,100.0,미상,미상,미상,미상,미상
상공부차관2명의,상공부차관 2명의,1,0,1,0,1,100.0,미상,미상,미상,미상,미상
상공부차관그것은,상공부차관 그것은,1,1,0,0,1,100.0,미상,미상,미상,미상,미상
상공부차관보조봉식,상공부차관보 조봉식,1,1,0,0,1,100.0,미상,미상,미상,미상,미상
상공부차관불필요한,상공부차관 불필요한,1,1,0,0,1,100.0,미상,미상,미상,미상,미상
상공부차관시장문제에,상공부차관 시장문제에,1,0,0,1,1,100.0,미상,미상,미상,미상,미상
상공부차관연탄값이,상공부차관 연탄값이,1,1,0,0,1,100.0,미상,미상,미상,미상,미상
상공부차관임시조치법을,상공부차관 임시조치법을,1,1,0,0,1,100.0,미상,미상,미상,미상,미상
상공부차관제1차년도에,상공부차관 제1차년도에,1,1,0,0,1,100.0,미상,미상,미상,미상,미상
상공부차관충비가,상공부차관 충비가,1,1,0,0,1,100.0,미상,미상,미상,미상,미상
상공부표준국장박승엽,상공부표준국장 박승엽,1,1,0,0,1,100.0,미상,미상,미상,미상,미상
상공소위원회위원장김임식,상공소위원회위원장 김임식,1,0,0,1,1,100.0,민주공화당,부산 진구갑,남,4선,지역구
상공위원장대리李敏祐,상공위원장대리 李敏祐,1,1,0,0,1,100.0,미상,미상,미상,미상,미상
상공위원장대리김우경,상공위원장대리 김우경,1,1,0,0,1,100.0,민주공화당,"전남 순천시,승주군",남,재선,지역구
상공위원장대리양극필,상공위원장대리 양극필,1,1,0,0,1,100.0,민주공화당,경남 동래,남,초선,지역구
상공위원장대리엄정주,상공위원장대리 엄정주,1,1,0,0,1,100.0,민주공화당,"강원 영월,정선군",남,초선,지역구
상공위원장문태준,상공위원장 문태준,1,1,0,0,1,100.0,민주공화당,"경북 청송,영덕,울진군",남,4선,지역구
상공위자문심의경과,상공위자문 심의경과,1,1,0,0,1,100.0,미상,미상,미상,미상,미상
상공회의소사무총장김봉진,상공회의소사무총장 김봉진,1,1,0,0,1,100.0,미상,미상,미상,미상,미상
상임위원김기형,상임위원 김기형,1,1,0,0,1,100.0,미상,미상,미상,미상,미상
상임위원송방용,상임위원 송방용,1,1,0,0,1,100.0,미상,미상,미상,미상,미상
상임위원이기준,상임위원 이기준,1,1,0,0,1,100.0,미상,미상,미상,미상,미상
상임위원주원,상임위원 주원,1,1,0,0,1,100.0,미상,미상,미상,미상,미상
서기관최흥균,서기관 최흥균,1,1,0,0,1,100.0,미상,미상,미상,미상,미상
서상린의원,서상린 의원,1,1,0,0,1,100.0,민주공화당,"경기 용인,안성",남,5선,지역구
서상린의원(위원,서상린 의원(위원,1,1,0,0,1,100.0,민주공화당,"경기 용인,안성",남,5선,지역구
서울대학교건설본부장이훈섭,서울대학교건설본부장 이훈섭,1,1,0,0,1,100.0,미상,미상,미상,미상,미상
서울대학교농대학장김문협,서울대학교농대학장 김문협,1,1,0,0,1,100.0,미상,미상,미상,미상,미상
서울대학교도서관장김계숙,서울대학교도서관장 김계숙,1,1,0,0,1,100.0,미상,미상,미상,미상,미상
서울대학교부속박물관장김원룡,서울대학교부속박물관장 김원룡,1,1,0,0,1,100.0,미상,미상,미상,미상,미상
서울대학교생약연구소장우인근,서울대학교생약연구소장 우인근,1,1,0,0,1,100.0,미상,미상,미상,미상,미상
서울시제1부시장김정오,서울시제1부시장 김정오,1,1,0,0,1,100.0,미상,미상,미상,미상,미상
서울지방국세청법인세과장이정옥,서울지방국세청법인세과장 이정옥,1,1,0,0,1,100.0,미상,미상,미상,미상,미상
서울특별시경찰국장채문식,서울특별시경찰국장 채문식,1,0,1,0,1,100.0,미상,미상,미상,미상,미상
서울특별시교육위원회학무국장박원익,서울특별시교육위원회학무국장 박원익,1,1,0,0,1,100.0,미상,미상,미상,미상,미상
서울특별시교육위원회학무국중등교육과장서장석,서울특별시교육위원회학무국중등교육과장 서장석,1,0,1,0,1,100.0,미상,미상,미상,미상,미상
서울특별시내무국감사과장손승모,서울특별시내무국감사과장 손승모,1,1,0,0,1,100.0,미상,미상,미상,미상,미상
서울특별시도시계획국장이헌향,서울특별시도시계획국장 이헌향,1,1,0,0,1,100.0,미상,미상,미상,미상,미상
서울특별시보건사회국장김원하,서울특별시보건사회국장 김원하,1,1,0,0,1,100.0,미상,미상,미상,미상,미상
서울특별시부시장전재덕,서울특별시부시장 전재덕,1,1,0,0,1,100.0,미상,미상,미상,미상,미상
서울특별시산업국장장지을,서울특별시산업국장 장지을,1,1,0,0,1,100.0,미상,미상,미상,미상,미상
세제국장자동차보호법,세제국장 자동차보호법,1,1,0,0,1,100.0,미상,미상,미상,미상,미상
소위원장김유탁,소위원장 김유탁,1,1,0,0,1,100.0,민주공화당,미상,남,4선,전국구
소위원장김임식,소위원장 김임식,1,1,0,0,1,100.0,민주공화당,부산 진구갑,남,4선,지역구
소위원장대리박영록,소위원장대리 박영록,1,1,0,0,1,100.0,신민당,강원 원주시원성군,남,4선,지역구
소위원장대리송한철,소위원장대리 송한철,1,1,0,0,1,100.0,민주공화당,"경북 성주,칠곡군",남,재선,지역구
소위원장이병주,소위원장 이병주,1,1,0,0,1,100.0,민주공화당,미상,남,3선,전국구
소위원장정진동,소위원장 정진동,1,1,0,0,1,100.0,민주공화당,경북 예천군,남,재선,지역구
소위원장최서일,소위원장 최서일,1,1,0,0,1,100.0,민주공화당,전남 완도,남,초선,지역구
소위원장李敏祐,소위원장 李敏祐,1,0,1,0,1,100.0,미상,미상,미상,미상,미상
소위원회위원이성수,소위원회위원 이성수,1,1,0,0,1,100.0,민주공화당,미상,남,재선,전국구
소위원회위원장李敏祐,소위원회위원장 李敏祐,1,0,0,1,1,100.0,미상,미상,미상,미상,미상
속기사이용수,속기사 이용수,1,1,0,0,1,100.0,미상,미상,미상,미상,미상
속기사최황,속기사 최황,1,1,0,0,1,100.0,미상,미상,미상,미상,미상
손승덕의원,손승덕 의원,1,0,0,1,1,100.0,민주공화당,"강원 춘천,춘성,철원,화천,양구",남,3선,지역구
송원영위원(계속),송원영 위원(계속),1,1,0,0,1,100.0,신민당,서울 동대문구갑,남,5선,지역구
송정범9월,송정범 9월,1,0,1,0,1,100.0,미상,미상,미상,미상,미상
송정범본,송정범 본,1,1,0,0,1,100.0,미상,미상,미상,미상,미상
수산개발공사사장이한림,수산개발공사사장 이한림,1,1,0,0,1,100.0,미상,미상,미상,미상,미상
수산개발공사사장함명수,수산개발공사사장 함명수,1,1,0,0,1,100.0,미상,미상,미상,미상,미상
수산업협동조합경기도지부장먼저,수산업협동조합경기도지부장 먼저,1,1,0,0,1,100.0,미상,미상,미상,미상,미상
수산업협동조합경기도지부장솔직히,수산업협동조합경기도지부장 솔직히,1,1,0,0,1,100.0,미상,미상,미상,미상,미상
수산업협동조합중앙회경북지부장조원형,수산업협동조합중앙회경북지부장 조원형,1,1,0,0,1,100.0,미상,미상,미상,미상,미상
수산업협동조합중앙회장김재식,수산업협동조합중앙회장 김재식,1,1,0,0,1,100.0,미상,미상,미상,미상,미상
수산업협동조합중앙회전라북도지부장박영수,수산업협동조합중앙회전라북도지부장 박영수,1,1,0,0,1,100.0,미상,미상,미상,미상,미상
수산진흥원제주지원장박병화,수산진흥원제주지원장 박병화,1,1,0,0,1,100.0,미상,미상,미상,미상,미상
수산청기획관리관김응진,수산청기획관리관 김응진,1,1,0,0,1,100.0,미상,미상,미상,미상,미상
수산청기획관리관박영재,수산청기획관리관 박영재,1,1,0,0,1,100.0,미상,미상,미상,미상,미상
수산청장오정근·국립수산진흥원장,수산청장 오정근·국립수산진흥원장,1,1,0,0,1,100.0,미상,미상,미상,미상,미상
수산청차장김명년,수산청차장 김명년,1,1,0,0,1,100.0,미상,미상,미상,미상,미상
수산통조림제조업협동조합장장일강,수산통조림제조업협동조합장 장일강,1,0,0,1,1,100.0,미상,미상,미상,미상,미상
수자원국장지금,수자원국장 지금,1,0,0,1,1,100.0,미상,미상,미상,미상,미상
수차보급회회장양제칠,수차보급회회장 양제칠,1,1,0,0,1,100.0,미상,미상,미상,미상,미상
수출산업공업단지개발공사이사장이병호,수출산업공업단지개발공사이사장 이병호,1,1,0,0,1,100.0,미상,미상,미상,미상,미상
수협충북도지부장정홍래,수협충북도지부장 정홍래,1,0,0,1,1,100.0,미상,미상,미상,미상,미상
스탠톤의원,스탠톤 의원,1,0,0,1,1,100.0,미상,미상,미상,미상,미상
신진욱의원,신진욱 의원,1,0,0,1,1,100.0,신민당,"경북 대구시,남구",남,재선,지역구
심계원사무총국장1.,심계원사무총국장 1.,1,1,0,0,1,100.0,미상,미상,미상,미상,미상
심계원장과거의,심계원장 과거의,1,1,0,0,1,100.0,미상,미상,미상,미상,미상
심계원장한국은행의,심계원장 한국은행의,1,1,0,0,1,100.0,미상,미상,미상,미상,미상
심계원최병련,심계원 최병련,1,1,0,0,1,100.0,미상,미상,미상,미상,미상
안동준의원(계속),안동준 의원(계속),1,1,0,0,1,100.0,민주공화당,충북 괴산군,남,4선,지역구
양정국장밀주가,양정국장 밀주가,1,1,0,0,1,100.0,미상,미상,미상,미상,미상
양정국장수급계획을,양정국장 수급계획을,1,1,0,0,1,100.0,미상,미상,미상,미상,미상
양정국장판매가격을,양정국장 판매가격을,1,1,0,0,1,100.0,미상,미상,미상,미상,미상
양회수의원(계속),양회수 의원(계속),1,1,0,0,1,100.0,신민당,"전남 곡성,화순군",남,재선,지역구
연사김항복,연사 김항복,1,1,0,0,1,100.0,미상,미상,미상,미상,미상
연사김현국,연사 김현국,1,1,0,0,1,100.0,미상,미상,미상,미상,미상
연사박응철,연사 박응철,1,1,0,0,1,100.0,미상,미상,미상,미상,미상
연사박태규,연사 박태규,1,1,0,0,1,100.0,미상,미상,미상,미상,미상
연사이열모,연사 이열모,1,0,0,1,1,100.0,미상,미상,미상,미상,미상
연사정영호,연사 정영호,1,1,0,0,1,100.0,미상,미상,미상,미상,미상
연사최문환,연사 최문환,1,0,0,1,1,100.0,미상,미상,미상,미상,미상
연사최호진,연사 최호진,1,1,0,0,1,100.0,미상,미상,미상,미상,미상
연사홍사철,연사 홍사철,1,1,0,0,1,100.0,미상,미상,미상,미상,미상
연사홍성하,연사 홍성하,1,1,0,0,1,100.0,미상,미상,미상,미상,미상
연사홍용희,연사 홍용희,1,1,0,0,1,100.0,미상,미상,미상,미상,미상
연사황기룡,연사 황기룡,1,1,0,0,1,100.0,미상,미상,미상,미상,미상
연사황병준,연사 황병준,1,1,0,0,1,100.0,미상,미상,미상,미상,미상
영남국토건설국제1과장이용대,영남국토건설국제1과장 이용대,1,1,0,0,1,100.0,미상,미상,미상,미상,미상
영남화학사장김창규,영남화학사장 김창규,1,1,0,0,1,100.0,미상,미상,미상,미상,미상
영월화력발전소광무국장송겸호,영월화력발전소광무국장 송겸호,1,1,0,0,1,100.0,미상,미상,미상,미상,미상
영화육성,영화 육성,1,1,0,0,1,100.0,미상,미상,미상,미상,미상
영화제작소,영화제작소,1,1,0,0,1,100.0,미상,미상,미상,미상,미상
예산결산위원장대리김봉환,예산결산위원장대리 김봉환,1,1,0,0,1,100.0,민주공화당,"경북 군위,선산",남,4선,지역구
예산결산특별위원장대리,예산결산특별위원장 대리,1,1,0,0,1,100.0,미상,미상,미상,미상,미상
예산결산특별위원장대리구범모,예산결산특별위원장대리 구범모,1,1,0,0,1,100.0,유신정우회,미상,남,재선,통일주체국민회의
예산결산특별위원장대리김병순,예산결산특별위원장대리 김병순,1,1,0,0,1,100.0,민주공화당,미상,남,4선,전국구
예산결산특별위원장대리김용호,예산결산특별위원장대리 김용호,1,1,0,0,1,100.0,민주공화당,"강원 원주시,홍천,횡성,원성군",남,4선,지역구
예산결산특별위원장대리박명근,예산결산특별위원장대리 박명근,1,1,0,0,1,100.0,민주공화당,"경기 의정부시,양주,파주군",남,4선,지역구
예산결산특별위원장대리백영훈,예산결산특별위원장대리 백영훈,1,1,0,0,1,100.0,유신정우회,미상,남,재선,통일주체국민회의
예산결산특별위원장대리이병주,예산결산특별위원장대리 이병주,1,1,0,0,1,100.0,민주공화당,"충남 공주,논산군",남,3선,지역구
예산결산특별위원장대리정간용,예산결산특별위원장대리 정간용,1,1,0,0,1,100.0,민주공화당,전남 완도,남,재선,지역구
예산결산특별위원장대리정헌조,예산결산특별위원장대리 정헌조,1,1,0,0,1,100.0,민주공화당,"전남 함평,영광군",남,재선,지역구
예산결산특별위원장대리최석림,예산결산특별위원장대리 최석림,1,1,0,0,1,100.0,민주공화당,"경남 충무,통영,고성군",남,4선,지역구
예산국장317억의,예산국장 317억의,1,1,0,0,1,100.0,미상,미상,미상,미상,미상
예산국장94년도,예산국장 94년도,1,1,0,0,1,100.0,미상,미상,미상,미상,미상
예춘호의원,예춘호 의원,1,1,0,0,1,100.0,민주공화당,부산 영도구,남,3선,지역구
오닐의원,오닐 의원,1,1,0,0,1,100.0,미상,미상,미상,미상,미상
오상직의원(위원,오상직 의원(위원,1,1,0,0,1,100.0,민주공화당,경북 의성,남,재선,지역구
오성모전문위원,오성모 전문위원,1,1,0,0,1,100.0,미상,미상,미상,미상,미상
오정근(전전문위원)성질상으로,오정근(전전문위원) 성질상으로,1,1,0,0,1,100.0,미상,미상,미상,미상,미상
오정근(전전문위원)완전실업자와,오정근(전전문위원) 완전실업자와,1,1,0,0,1,100.0,미상,미상,미상,미상,미상
오정근(전전문위원)제일,오정근(전전문위원) 제일,1,1,0,0,1,100.0,미상,미상,미상,미상,미상
오홍석의원,오홍석 의원,1,1,0,0,1,100.0,신민당,미상,남,3선,전국구
옥조남의원(위원,옥조남 의원(위원,1,1,0,0,1,100.0,민주공화당,"경기 시흥,부천,옹진군",남,초선,지역구
옥조남자문제21조에,옥조남자문 제21조에,1,1,0,0,1,100.0,미상,미상,미상,미상,미상
외무국방위원장케네디,외무국방위원장 케네디,1,1,0,0,1,100.0,미상,미상,미상,미상,미상
외무부방교국교민과장김진홍,외무부방교국교민과장 김진홍,1,0,0,1,1,100.0,미상,미상,미상,미상,미상
외무부장관내각의,외무부장관 내각의,1,1,0,0,1,100.0,미상,미상,미상,미상,미상
외무부장관정일권(계속),외무부장관 정일권(계속),1,1,0,0,1,100.0,미상,미상,미상,미상,미상
외무부장관직무대리김영주,외무부장관직무대리 김영주,1,0,0,1,1,100.0,미상,미상,미상,미상,미상
외무부정무국장제6차,외무부정무국장 제6차,1,1,0,0,1,100.0,미상,미상,미상,미상,미상
외무분과위원장대리강문봉,외무분과위원장대리 강문봉,1,0,0,1,1,100.0,민정당,미상,남,재선,전국구
외무위원장대리노진환,외무위원장대리 노진환,1,0,1,0,1,100.0,유신정우회,미상,남,재선,통일주체국민회의
외무위원장대리이만섭,외무위원장대리 이만섭,1,1,0,0,1,100.0,민주공화당,미상,남,8선,전국구
외자도입국장참모연구,외자도입국장 참모연구,1,1,0,0,1,100.0,미상,미상,미상,미상,미상
외자도입특별국정감사특별위원장대리이병옥,외자도입특별국정감사특별위원장대리 이병옥,1,1,0,0,1,100.0,민주공화당,전북 부안군,남,4선,지역구
외자부장서병규,외자부장 서병규,1,1,0,0,1,100.0,미상,미상,미상,미상,미상
요업센터이사장이병호,요업센터이사장 이병호,1,1,0,0,1,100.0,미상,미상,미상,미상,미상
우용해경기원외자도입국장,우용해 경기원외자도입국장,1,1,0,0,1,100.0,미상,미상,미상,미상,미상
운동본부차장소요예산,운동본부차장 소요예산,1,1,0,0,1,100.0,미상,미상,미상,미상,미상
운영기획위간사장부정축재처리자금,운영기획위간사장 부정축재처리자금,1,1,0,0,1,100.0,미상,미상,미상,미상,미상
운영위원장대리김임식,운영위원장대리 김임식,1,1,0,0,1,100.0,민주공화당,부산 진구,남,4선,지역구
운영위원장대리김재광,운영위원장대리 김재광,1,1,0,0,1,100.0,민정당,서울 서대문구갑,남,8선,지역구
운영위원장오치성,운영위원장 오치성,1,1,0,0,1,100.0,미상,미상,미상,미상,미상
울산공장장전명석,울산공장장 전명석,1,1,0,0,1,100.0,미상,미상,미상,미상,미상
원자력원장오원선,원자력원장 오원선,1,1,0,0,1,100.0,미상,미상,미상,미상,미상
원자력청기획관리관황세봉,원자력청기획관리관 황세봉,1,1,0,0,1,100.0,미상,미상,미상,미상,미상
원호청장5%,원호청장 5%,1,1,0,0,1,100.0,미상,미상,미상,미상,미상
원호청장국고부담의,원호청장 국고부담의,1,1,0,0,1,100.0,미상,미상,미상,미상,미상
원호청장봉급이,원호청장 봉급이,1,1,0,0,1,100.0,미상,미상,미상,미상,미상
원호청장실종자에,원호청장 실종자에,1,1,0,0,1,100.0,미상,미상,미상,미상,미상
원호청차장9억임.,원호청차장 9억임.,1,1,0,0,1,100.0,미상,미상,미상,미상,미상
원호청차장기구,원호청차장 기구,1,1,0,0,1,100.0,미상,미상,미상,미상,미상
위원장김성화,위원장 김성화,1,1,0,0,1,100.0,미상,미상,미상,미상,미상
위원장및,위원장 및,1,0,1,0,1,100.0,미상,미상,미상,미상,미상
"위원장장기개발계획지침,","위원장 장기개발계획지침,",1,1,0,0,1,100.0,미상,미상,미상,미상,미상
유달영국방에,유달영 국방에,1,1,0,0,1,100.0,미상,미상,미상,미상,미상
유승원의원,유승원 의원,1,1,0,0,1,100.0,민주공화당,경기 인천시갑,남,4선,지역구
육군본부군수참모부보급처장김용걸,육군본부군수참모부보급처장 김용걸,1,1,0,0,1,100.0,미상,미상,미상,미상,미상
육군참모총장서종철,육군참모총장 서종철,1,1,0,0,1,100.0,미상,미상,미상,미상,미상
윤식의원,윤식 의원,1,1,0,0,1,100.0,유신정우회,미상,남,초선,통일주체국민회의
윤인식위원(위원,윤인식 위원(위원,1,1,0,0,1,100.0,민주공화당,"전남 함평,영광군",남,4선,지역구
윤인식의원(위원,윤인식 의원(위원,1,1,0,0,1,100.0,민주공화당,"전남 함평,영광군",남,4선,지역구
윤재명의원,윤재명 의원,1,1,0,0,1,100.0,민주공화당,"전남 영암,당진군",남,3선,지역구
의장270만,의장 270만,1,1,0,0,1,100.0,미상,미상,미상,미상,미상
의장8.,의장 8.,1,1,0,0,1,100.0,미상,미상,미상,미상,미상
"의장9,10은","의장 9,10은",1,1,0,0,1,100.0,미상,미상,미상,미상,미상
의장「기초적,의장 「기초적,1,1,0,0,1,100.0,미상,미상,미상,미상,미상
의장각원과의,의장 각원과의,1,1,0,0,1,100.0,미상,미상,미상,미상,미상
의장경제기획,의장 경제기획,1,1,0,0,1,100.0,미상,미상,미상,미상,미상
의장계획,의장 계획,1,1,0,0,1,100.0,미상,미상,미상,미상,미상
의장고문(유박사),의장고문 (유박사),1,1,0,0,1,100.0,미상,미상,미상,미상,미상
의장공동성명서,의장 공동성명서,1,1,0,0,1,100.0,미상,미상,미상,미상,미상
의장국영기업체,의장 국영기업체,1,1,0,0,1,100.0,미상,미상,미상,미상,미상
의장군은,의장 군은,1,1,0,0,1,100.0,미상,미상,미상,미상,미상
의장기본방침에,의장 기본방침에,1,1,0,0,1,100.0,미상,미상,미상,미상,미상
의장내년에,의장 내년에,1,1,0,0,1,100.0,미상,미상,미상,미상,미상
의장내년에는,의장 내년에는,1,1,0,0,1,100.0,미상,미상,미상,미상,미상
의장내무위에서는,의장 내무위에서는,1,1,0,0,1,100.0,미상,미상,미상,미상,미상
의장농림부에서,의장 농림부에서,1,1,0,0,1,100.0,미상,미상,미상,미상,미상
의장대충자금은,의장 대충자금은,1,1,0,0,1,100.0,미상,미상,미상,미상,미상
의장막사는,의장 막사는,1,1,0,0,1,100.0,미상,미상,미상,미상,미상
의장만들,의장 만들,1,1,0,0,1,100.0,미상,미상,미상,미상,미상
의장명칭은,의장 명칭은,1,1,0,0,1,100.0,미상,미상,미상,미상,미상
의장무방할,의장 무방할,1,1,0,0,1,100.0,미상,미상,미상,미상,미상
의장문구가,의장 문구가,1,1,0,0,1,100.0,미상,미상,미상,미상,미상
의장상임위원은,의장 상임위원은,1,1,0,0,1,100.0,미상,미상,미상,미상,미상
의장세부,의장 세부,1,1,0,0,1,100.0,미상,미상,미상,미상,미상
의장안전한,의장 안전한,1,1,0,0,1,100.0,미상,미상,미상,미상,미상
의장앞으로,의장 앞으로,1,1,0,0,1,100.0,미상,미상,미상,미상,미상
의장양수기,의장 양수기,1,1,0,0,1,100.0,미상,미상,미상,미상,미상
의장오늘은,의장 오늘은,1,1,0,0,1,100.0,미상,미상,미상,미상,미상
의장우리,의장 우리,1,1,0,0,1,100.0,미상,미상,미상,미상,미상
의장원자로전시회,의장 원자로전시회,1,1,0,0,1,100.0,미상,미상,미상,미상,미상
의장이효상(계속),의장 이효상(계속),1,1,0,0,1,100.0,민주공화당,"경북 대구시,남구",남,5선,지역구
의장일반방침으로서는,의장 일반방침으로서는,1,1,0,0,1,100.0,미상,미상,미상,미상,미상
의장재경위원장으로부터,의장 재경위원장으로부터,1,1,0,0,1,100.0,미상,미상,미상,미상,미상
의장정부,의장 정부,1,1,0,0,1,100.0,미상,미상,미상,미상,미상
의장정부의,의장 정부의,1,1,0,0,1,100.0,미상,미상,미상,미상,미상
의장제14차,의장 제14차,1,1,0,0,1,100.0,미상,미상,미상,미상,미상
의장지금으로부터,의장 지금으로부터,1,1,0,0,1,100.0,미상,미상,미상,미상,미상
의장질문,의장 질문,1,1,0,0,1,100.0,미상,미상,미상,미상,미상
의장추곡매상자금이,의장 추곡매상자금이,1,1,0,0,1,100.0,미상,미상,미상,미상,미상
의장토의는,의장 토의는,1,1,0,0,1,100.0,미상,미상,미상,미상,미상
의장한달,의장 한달,1,1,0,0,1,100.0,미상,미상,미상,미상,미상
의장행정부의,의장 행정부의,1,1,0,0,1,100.0,미상,미상,미상,미상,미상
의장행정사무,의장 행정사무,1,1,0,0,1,100.0,미상,미상,미상,미상,미상
의장훈시,의장 훈시,1,0,1,0,1,100.0,미상,미상,미상,미상,미상
의정국장제25조,의정국장 제25조,1,1,0,0,1,100.0,미상,미상,미상,미상,미상
이경제위원,이경제 위원,1,1,0,0,1,100.0,미상,미상,미상,미상,미상
이교선의원,이교선 의원,1,0,0,1,1,100.0,민주공화당,"강원 홍천,인제군",남,재선,지역구
이남준위윈,이남준 위윈,1,1,0,0,1,100.0,민주공화당,전남 진도군,남,재선,지역구
이도환의원,이도환 의원,1,0,0,1,1,100.0,민주공화당,"경남 마산,진해,창원",남,재선,지역구
이돈해의원(위원,이돈해 의원(위원,1,1,0,0,1,100.0,민주공화당,"경기 김포,강화",남,초선,지역구
이동원위원(위원,이동원 위원(위원,1,0,0,1,1,100.0,민주공화당,미상,남,4선,전국구
이동원의원(위원,이동원 의원(위원,1,0,1,0,1,100.0,민주공화당,미상,남,4선,전국구
이명영교육특례법에,이명영 교육특례법에,1,1,0,0,1,100.0,미상,미상,미상,미상,미상
이상신의원,이상신 의원,1,0,0,1,1,100.0,신민당,"경남 의령,함안,합천군",남,4선,지역구
이상익의원,이상익 의원,1,0,0,1,1,100.0,민주공화당,충남 서천,남,4선,지역구
이상조위원,이상조 위원,1,1,0,0,1,100.0,신민당,미상,남,초선,전국구
이상철의원(위원,이상철 의원(위원,1,1,0,0,1,100.0,국민의당,"충남 청양,홍성군",남,3선,지역구
이상희의원(위원,이상희 의원(위원,1,1,0,0,1,100.0,민주공화당,충남 서산,남,재선,지역구
이성수의원,이성수 의원,1,1,0,0,1,100.0,민주공화당,미상,남,재선,전국구
이승춘의원,이승춘 의원,1,1,0,0,1,100.0,민주공화당,"강원 홍천,인제군",남,재선,지역구
이영표의원,이영표 의원,1,1,0,0,1,100.0,무소속,"경북 경주시,월성,청도군",남,초선,지역구
이원엽의원,이원엽 의원,1,1,0,0,1,100.0,민주공화당,미상,남,초선,전국구
이원우의원,이원우 의원,1,1,0,0,1,100.0,민주공화당,경북 영천,남,초선,지역구
이재국장기히,이재국장 기히,1,1,0,0,1,100.0,미상,미상,미상,미상,미상
이재국장정부나,이재국장 정부나,1,1,0,0,1,100.0,미상,미상,미상,미상,미상
이재국장제64조는,이재국장 제64조는,1,1,0,0,1,100.0,미상,미상,미상,미상,미상
이정식의원,이정식 의원,1,0,0,1,1,100.0,유신정우회,미상,남,재선,통일주체국민회의
이정우의원,이정우 의원,1,0,1,0,1,100.0,민주공화당,"전북 임실군,순창군",남,초선,지역구
이정환그동안,이정환 그동안,1,1,0,0,1,100.0,미상,미상,미상,미상,미상
이종식의원,이종식 의원,1,1,0,0,1,100.0,유신정우회,미상,남,재선,통일주체국민회의
이종율의원,이종율 의원,1,0,1,0,1,100.0,미상,미상,미상,미상,미상
이준성금년도의,이준성 금년도의,1,1,0,0,1,100.0,미상,미상,미상,미상,미상
이준성부정축재자,이준성 부정축재자,1,1,0,0,1,100.0,미상,미상,미상,미상,미상
이지형16억입니다.,이지형 16억입니다.,1,1,0,0,1,100.0,미상,미상,미상,미상,미상
이지형건의사항,이지형 건의사항,1,1,0,0,1,100.0,미상,미상,미상,미상,미상
이지형구체적,이지형 구체적,1,1,0,0,1,100.0,미상,미상,미상,미상,미상
이지형정치적,이지형 정치적,1,1,0,0,1,100.0,미상,미상,미상,미상,미상
이지형차장,이지형 차장,1,1,0,0,1,100.0,미상,미상,미상,미상,미상
이진수합계,이진수 합계,1,1,0,0,1,100.0,미상,미상,미상,미상,미상
이진연의원,이진연 의원,1,1,0,0,1,100.0,신민당,"전남 영광,장성,함평군",남,3선,지역구
이창규상공전문위원,이창규 상공전문위원,1,1,0,0,1,100.0,미상,미상,미상,미상,미상
이형우의원,이형우 의원,1,0,0,1,1,100.0,신민당,경북 경산,남,초선,지역구
인사국장공무원의,인사국장 공무원의,1,1,0,0,1,100.0,미상,미상,미상,미상,미상
인천중공업대표이사안춘생,인천중공업대표이사 안춘생,1,1,0,0,1,100.0,미상,미상,미상,미상,미상
임갑수의원(계속),임갑수 의원(계속),1,0,0,1,1,100.0,민주공화당,부산 동래구,남,초선,지역구
임원,임원,1,1,0,0,1,100.0,미상,미상,미상,미상,미상
자문위원민병기,자문위원 민병기,1,1,0,0,1,100.0,미상,미상,미상,미상,미상
장내각수반,장 내각수반,1,1,0,0,1,100.0,미상,미상,미상,미상,미상
장성광업소소장간접부는,장성광업소소장 간접부는,1,1,0,0,1,100.0,미상,미상,미상,미상,미상
장성광업소소장이러한,장성광업소소장 이러한,1,1,0,0,1,100.0,미상,미상,미상,미상,미상
장성광업소소장이직율이,장성광업소소장 이직율이,1,1,0,0,1,100.0,미상,미상,미상,미상,미상
장영순의원,장영순 의원,1,0,0,1,1,100.0,민주공화당,"충남 청양,홍성군",남,4선,지역구
재경위원자문구법과,재경위원자문 구법과,1,1,0,0,1,100.0,미상,미상,미상,미상,미상
재경위원장이주일,재경위원장 이주일,1,1,0,0,1,100.0,미상,미상,미상,미상,미상
재경위자문김봉관,재경위자문 김봉관,1,1,0,0,1,100.0,미상,미상,미상,미상,미상
재경위자문위원현재,재경위자문위원 현재,1,1,0,0,1,100.0,미상,미상,미상,미상,미상
재경위자문황종률,재경위자문 황종률,1,1,0,0,1,100.0,미상,미상,미상,미상,미상
재경의원농촌문제의,재경의원 농촌문제의,1,1,0,0,1,100.0,미상,미상,미상,미상,미상
재경자문민선이나,재경자문 민선이나,1,1,0,0,1,100.0,미상,미상,미상,미상,미상
재경자문시행일은,재경자문 시행일은,1,1,0,0,1,100.0,미상,미상,미상,미상,미상
재무부기획관리관김용환,재무부기획관리관 김용환,1,1,0,0,1,100.0,미상,미상,미상,미상,미상
재무부기획조정관세제개혁,재무부기획조정관 세제개혁,1,0,1,0,1,100.0,미상,미상,미상,미상,미상
재무부세제국장김영일,재무부세제국장 김영일,1,1,0,0,1,100.0,미상,미상,미상,미상,미상
재무부예산국장이한빈,재무부예산국장 이한빈,1,1,0,0,1,100.0,미상,미상,미상,미상,미상
재무부외환국장정춘택,재무부외환국장 정춘택,1,1,0,0,1,100.0,미상,미상,미상,미상,미상
재무부이재국장4293년도,재무부이재국장 4293년도,1,1,0,0,1,100.0,미상,미상,미상,미상,미상
재무부이재국장금융기관의,재무부이재국장 금융기관의,1,0,1,0,1,100.0,미상,미상,미상,미상,미상
재무부이재국장박봉환,재무부이재국장 박봉환,1,1,0,0,1,100.0,미상,미상,미상,미상,미상
재무부이재국장제가,재무부이재국장 제가,1,1,0,0,1,100.0,미상,미상,미상,미상,미상
"재무부장관1,600만불의","재무부장관 1,600만불의",1,1,0,0,1,100.0,미상,미상,미상,미상,미상
재무부장관180일이란,재무부장관 180일이란,1,1,0,0,1,100.0,미상,미상,미상,미상,미상
재무부장관5개년,재무부장관 5개년,1,1,0,0,1,100.0,미상,미상,미상,미상,미상
재무부장관6개월내에,재무부장관 6개월내에,1,1,0,0,1,100.0,미상,미상,미상,미상,미상
재무부장관경기회복과,재무부장관 경기회복과,1,1,0,0,1,100.0,미상,미상,미상,미상,미상
재무부장관기획면은,재무부장관 기획면은,1,1,0,0,1,100.0,미상,미상,미상,미상,미상
재무부장관내각안에서,재무부장관 내각안에서,1,1,0,0,1,100.0,미상,미상,미상,미상,미상
재무부장관무진회사의,재무부장관 무진회사의,1,1,0,0,1,100.0,미상,미상,미상,미상,미상
재무부장관새로운,재무부장관 새로운,1,1,0,0,1,100.0,미상,미상,미상,미상,미상
재무부장관수입량을,재무부장관 수입량을,1,1,0,0,1,100.0,미상,미상,미상,미상,미상
재무부장관염이,재무부장관 염이,1,1,0,0,1,100.0,미상,미상,미상,미상,미상
재무부장관유,재무부장관 유,1,1,0,0,1,100.0,미상,미상,미상,미상,미상
재무부장관은행주식을,재무부장관 은행주식을,1,1,0,0,1,100.0,미상,미상,미상,미상,미상
재무부장관이론을,재무부장관 이론을,1,1,0,0,1,100.0,미상,미상,미상,미상,미상
재무부장관장차,재무부장관 장차,1,1,0,0,1,100.0,미상,미상,미상,미상,미상
재무부장관제2차,재무부장관 제2차,1,1,0,0,1,100.0,미상,미상,미상,미상,미상
재무부장관제안설명,재무부장관 제안설명,1,1,0,0,1,100.0,미상,미상,미상,미상,미상
재무부장관조충훈,재무부장관 조충훈,1,1,0,0,1,100.0,미상,미상,미상,미상,미상
재무부장관중소기업자에,재무부장관 중소기업자에,1,1,0,0,1,100.0,미상,미상,미상,미상,미상
재무부장관천세기,재무부장관 천세기,1,1,0,0,1,100.0,미상,미상,미상,미상,미상
재무부차관charts에,재무부차관 charts에,1,1,0,0,1,100.0,미상,미상,미상,미상,미상
재무부차관금년,재무부차관 금년,1,1,0,0,1,100.0,미상,미상,미상,미상,미상
재무부차관산업부흥국채법,재무부차관 산업부흥국채법,1,1,0,0,1,100.0,미상,미상,미상,미상,미상
"재무부차관약품,","재무부차관 약품,",1,1,0,0,1,100.0,미상,미상,미상,미상,미상
재무부차관의장에게,재무부차관 의장에게,1,0,1,0,1,100.0,미상,미상,미상,미상,미상
재무부차관제16조에,재무부차관 제16조에,1,1,0,0,1,100.0,미상,미상,미상,미상,미상
재무부차관최각규,재무부차관 최각규,1,0,0,1,1,100.0,미상,미상,미상,미상,미상
재무부차관행정부에서는,재무부차관 행정부에서는,1,0,0,1,1,100.0,미상,미상,미상,미상,미상
재무부차관현재,재무부차관 현재,1,1,0,0,1,100.0,미상,미상,미상,미상,미상
재무위원장대리고재청,재무위원장대리 고재청,1,1,0,0,1,100.0,신민당,"전남 담양,곡성,화순군",남,4선,지역구
재무장관산은,재무장관 산은,1,1,0,0,1,100.0,미상,미상,미상,미상,미상
재무장관원칙적으로,재무장관 원칙적으로,1,1,0,0,1,100.0,미상,미상,미상,미상,미상
재무장관재정자금,재무장관 재정자금,1,1,0,0,1,100.0,미상,미상,미상,미상,미상
재무차관작년에는,재무차관 작년에는,1,1,0,0,1,100.0,미상,미상,미상,미상,미상
재무차관휘발유가,재무차관 휘발유가,1,1,0,0,1,100.0,미상,미상,미상,미상,미상
재일교포신용조합대표박한식,재일교포신용조합대표 박한식,1,0,0,1,1,100.0,미상,미상,미상,미상,미상
재일한국거류민단부단장윤치하,재일한국거류민단부단장 윤치하,1,0,1,0,1,100.0,미상,미상,미상,미상,미상
재정경제위원박태준,재정경제위원 박태준,1,1,0,0,1,100.0,미상,미상,미상,미상,미상
재정경제위원장김동하,재정경제위원장 김동하,1,1,0,0,1,100.0,미상,미상,미상,미상,미상
재정경제위원장대리구태회,재정경제위원장대리 구태회,1,1,0,0,1,100.0,민주공화당,"경남 진주,진양",남,6선,지역구
재정경제위원장대리김우경,재정경제위원장대리 김우경,1,1,0,0,1,100.0,민주공화당,미상,남,재선,전국구
재정경제위원장대리박종태,재정경제위원장대리 박종태,1,1,0,0,1,100.0,민주공화당,전남 광산,남,3선,지역구
재정경제위원장대리이윤용,재정경제위원장대리 이윤용,1,1,0,0,1,100.0,민주공화당,경기 평택,남,초선,지역구
재정경제위원장대리편용호,재정경제위원장대리 편용호,1,1,0,0,1,100.0,신민당,미상,남,재선,전국구
재정경제위원회전문위원이진수,재정경제위원회전문위원 이진수,1,0,0,1,1,100.0,미상,미상,미상,미상,미상
전국버스사업조합연합회전무이사김순태,전국버스사업조합연합회전무이사 김순태,1,1,0,0,1,100.0,미상,미상,미상,미상,미상
전기국장11월,전기국장 11월,1,1,0,0,1,100.0,미상,미상,미상,미상,미상
전기국장3000～3500cal의,전기국장 3000～3500cal의,1,0,0,1,1,100.0,미상,미상,미상,미상,미상
전농림부장관차균희,전농림부장관 차균희,1,1,0,0,1,100.0,미상,미상,미상,미상,미상
전라남도건설과장홍기준,전라남도건설과장 홍기준,1,1,0,0,1,100.0,미상,미상,미상,미상,미상
전라남도경찰국장차의영,전라남도경찰국장 차의영,1,1,0,0,1,100.0,미상,미상,미상,미상,미상
전라남도광주시장노인환,전라남도광주시장 노인환,1,1,0,0,1,100.0,미상,미상,미상,미상,미상
전라남도지사김보현·전라남도농촌진흥원장,전라남도지사 김보현·전라남도농촌진흥원장,1,1,0,0,1,100.0,미상,미상,미상,미상,미상
전라북도경찰국장신용관,전라북도경찰국장 신용관,1,1,0,0,1,100.0,미상,미상,미상,미상,미상
전라북도교육위원회의장이정우,전라북도교육위원회의장 이정우,1,1,0,0,1,100.0,미상,미상,미상,미상,미상
전라북도부지사김해두,전라북도부지사 김해두,1,1,0,0,1,100.0,미상,미상,미상,미상,미상
전라북도부지사임석우,전라북도부지사 임석우,1,1,0,0,1,100.0,미상,미상,미상,미상,미상
전라북도산업국장조영호,전라북도산업국장 조영호,1,1,0,0,1,100.0,미상,미상,미상,미상,미상
전매청관리국장류홍탁,전매청관리국장 류홍탁,1,1,0,0,1,100.0,신민당,미상,남,3선,전국구
전매청기획조정관실김문호,전매청기획조정관실 김문호,1,0,1,0,1,100.0,미상,미상,미상,미상,미상
전매청업무국장보충설명해,전매청업무국장 보충설명해,1,1,0,0,1,100.0,미상,미상,미상,미상,미상
전매청업무국장현재,전매청업무국장 현재,1,1,0,0,1,100.0,미상,미상,미상,미상,미상
전매청장손영을,전매청장 손영을,1,1,0,0,1,100.0,미상,미상,미상,미상,미상
전매청차장각,전매청차장 각,1,1,0,0,1,100.0,미상,미상,미상,미상,미상
전매청차장기획관리실에서,전매청차장 기획관리실에서,1,1,0,0,1,100.0,미상,미상,미상,미상,미상
전매청차장영주제조창은,전매청차장 영주제조창은,1,1,0,0,1,100.0,미상,미상,미상,미상,미상
전매청차장이,전매청차장 이,1,1,0,0,1,100.0,미상,미상,미상,미상,미상
전매청차장제가,전매청차장 제가,1,1,0,0,1,100.0,미상,미상,미상,미상,미상
전예산결산특별위원장장승태,전예산결산특별위원장 장승태,1,0,0,1,1,100.0,민주공화당,"강원 영월,평창,정선군",남,4선,지역구
전은하위원,전은하 위원,1,1,0,0,1,100.0,미상,미상,미상,미상,미상
전주월국군사령관,전 주월국군사령관,1,0,0,1,1,100.0,미상,미상,미상,미상,미상
전택보(설명),전택보 (설명),1,1,0,0,1,100.0,미상,미상,미상,미상,미상
"전택보3,4개월","전택보 3,4개월",1,1,0,0,1,100.0,미상,미상,미상,미상,미상
전택보이,전택보 이,1,1,0,0,1,100.0,미상,미상,미상,미상,미상
정대사백문이,정대사 백문이,1,1,0,0,1,100.0,미상,미상,미상,미상,미상
정동진위원,정동진 위원,1,1,0,0,1,100.0,미상,미상,미상,미상,미상
정명섭의원(계속),정명섭 의원(계속),1,0,0,1,1,100.0,자유민주당,전남 나주,남,3선,지역구
정무국장charts에,정무국장 charts에,1,0,0,1,1,100.0,미상,미상,미상,미상,미상
정무국장백림사태.,정무국장 백림사태.,1,0,0,1,1,100.0,미상,미상,미상,미상,미상
정상공부장관,정 상공부장관,1,1,0,0,1,100.0,미상,미상,미상,미상,미상
정상구의원(계속),정상구 의원(계속),1,1,0,0,1,100.0,신민당,부산 진구갑,남,5선,지역구
정성태의원,정성태 의원,1,1,0,0,1,100.0,민정당,전남 광주갑,남,6선,지역구
정소영선진국과,정소영 선진국과,1,1,0,0,1,100.0,미상,미상,미상,미상,미상
정일영의원,정일영 의원,1,0,0,1,1,100.0,유신정우회,미상,남,재선,통일주체국민회의
정일형의원(위원,정일형 의원(위원,1,0,0,1,1,100.0,민주당,서울 중구,남,8선,지역구
정재원의원,정재원 의원,1,0,0,1,1,100.0,신민당,"충남 천안시,아산,천원군",남,재선,지역구
정정,정정,1,1,0,0,1,100.0,미상,미상,미상,미상,미상
정진화의원,정진화 의원,1,1,0,0,1,100.0,민주공화당,경북 영천,남,초선,지역구
정희섭의원,정희섭 의원,1,1,0,0,1,100.0,민주공화당,서울 관악구,남,재선,지역구
제1국장총평은,제1국장 총평은,1,1,0,0,1,100.0,미상,미상,미상,미상,미상
제2군단법무참모김종구,제2군단법무참모 김종구,1,0,0,1,1,100.0,미상,미상,미상,미상,미상
제4감사반장유양수,제4감사반장 유양수,1,1,0,0,1,100.0,미상,미상,미상,미상,미상
제4비사장제4비의,제4비사장 제4비의,1,1,0,0,1,100.0,미상,미상,미상,미상,미상
제경기획원운영차관보정문도,제경기획원운영차관보 정문도,1,1,0,0,1,100.0,미상,미상,미상,미상,미상
제주도경찰국장박만영,제주도경찰국장 박만영,1,1,0,0,1,100.0,미상,미상,미상,미상,미상
제주도경찰국장안석준,제주도경찰국장 안석준,1,1,0,0,1,100.0,미상,미상,미상,미상,미상
조달청기획관리관박상규,조달청기획관리관 박상규,1,1,0,0,1,100.0,미상,미상,미상,미상,미상
조달청장5개년,조달청장 5개년,1,1,0,0,1,100.0,미상,미상,미상,미상,미상
조달청장황인성,조달청장 황인성,1,1,0,0,1,100.0,미상,미상,미상,미상,미상
조달청차장김의훈,조달청차장 김의훈,1,1,0,0,1,100.0,미상,미상,미상,미상,미상
조달청차장정재철,조달청차장 정재철,1,1,0,0,1,100.0,미상,미상,미상,미상,미상
조선공사관리이사박일서,조선공사관리이사 박일서,1,1,0,0,1,100.0,미상,미상,미상,미상,미상
조선호텔지배인방성칠,조선호텔지배인 방성칠,1,1,0,0,1,100.0,미상,미상,미상,미상,미상
조약과장전에,조약과장 전에,1,1,0,0,1,100.0,미상,미상,미상,미상,미상
조재천의원(계속),조재천 의원(계속),1,1,0,0,1,100.0,민중당,미상,남,4선,전국구
조정관이기흥,조정관 이기흥,1,1,0,0,1,100.0,미상,미상,미상,미상,미상
조홍래의원,조홍래 의원,1,0,0,1,1,100.0,신민당,"경남 의령,함안군",남,3선,지역구
조흥만의원,조흥만 의원,1,0,0,1,1,100.0,신민당,미상,남,초선,전국구
종합경제국장이상의,종합경제국장 이상의,1,1,0,0,1,100.0,미상,미상,미상,미상,미상
주스웨덴대사강문봉,주스웨덴대사 강문봉,1,1,0,0,1,100.0,미상,미상,미상,미상,미상
주영관의원,주영관 의원,1,0,0,1,1,100.0,유신정우회,미상,남,초선,통일주체국민회의
주영국대사배의환,주영국대사 배의환,1,1,0,0,1,100.0,미상,미상,미상,미상,미상
주이디오피아대사엄요섭,주이디오피아대사 엄요섭,1,1,0,0,1,100.0,미상,미상,미상,미상,미상
주제네바대사박동진,주제네바대사 박동진,1,1,0,0,1,100.0,미상,미상,미상,미상,미상
주중국대사김신,주중국대사 김신,1,0,0,1,1,100.0,미상,미상,미상,미상,미상
주콩고대사최문경,주콩고대사 최문경,1,0,0,1,1,100.0,미상,미상,미상,미상,미상
주택공사총재윤태일,주택공사총재 윤태일,1,1,0,0,1,100.0,미상,미상,미상,미상,미상
준장윤택중,준장 윤택중,1,1,0,0,1,100.0,미상,미상,미상,미상,미상
준장최영두,준장 최영두,1,1,0,0,1,100.0,미상,미상,미상,미상,미상
중소기업은행이사류시범,중소기업은행이사 류시범,1,1,0,0,1,100.0,미상,미상,미상,미상,미상
중소기업협동조합비상대책위원회위원장오정수,중소기업협동조합비상대책위원회위원장 오정수,1,1,0,0,1,100.0,미상,미상,미상,미상,미상
중앙관상대장국채표,중앙관상대장 국채표,1,1,0,0,1,100.0,미상,미상,미상,미상,미상
중앙산업부사장양일갑,중앙산업부사장 양일갑,1,1,0,0,1,100.0,미상,미상,미상,미상,미상
중앙선거관리위원회사무국장김영철,중앙선거관리위원회사무국장 김영철,1,1,0,0,1,100.0,미상,미상,미상,미상,미상
중앙정보부정문찬,중앙정보부 정문찬,1,1,0,0,1,100.0,미상,미상,미상,미상,미상
중앙정보부제2국아아과장김유갑,중앙정보부제2국아아과장 김유갑,1,0,0,1,1,100.0,미상,미상,미상,미상,미상
중앙정보부튜김형욱,중앙정보부튜 김형욱,1,1,0,0,1,100.0,미상,미상,미상,미상,미상
중앙종합직업학교교무과장유네스코에서,중앙종합직업학교교무과장 유네스코에서,1,1,0,0,1,100.0,미상,미상,미상,미상,미상
중앙종합직업학교교무과장처음에,중앙종합직업학교교무과장 처음에,1,1,0,0,1,100.0,미상,미상,미상,미상,미상
중앙해난심판위원장윤기선,중앙해난심판위원장 윤기선,1,1,0,0,1,100.0,미상,미상,미상,미상,미상
증권거래소상무이사홍종한,증권거래소상무이사 홍종한,1,1,0,0,1,100.0,미상,미상,미상,미상,미상
증인강우영,증인 강우영,1,0,1,0,1,100.0,미상,미상,미상,미상,미상
증인박규현,증인 박규현,1,1,0,0,1,100.0,미상,미상,미상,미상,미상
증인신화식,증인 신화식,1,1,0,0,1,100.0,미상,미상,미상,미상,미상
지방제1감사반원김원현,지방제1감사반원 김원현,1,1,0,0,1,100.0,미상,미상,미상,미상,미상
지청장승인예산을,지청장 승인예산을,1,1,0,0,1,100.0,미상,미상,미상,미상,미상
지청장전매서,지청장 전매서,1,1,0,0,1,100.0,미상,미상,미상,미상,미상
지청장지청에서는,지청장 지청에서는,1,1,0,0,1,100.0,미상,미상,미상,미상,미상
진해화학사사장박진석,진해화학사사장 박진석,1,1,0,0,1,100.0,미상,미상,미상,미상,미상
참고인김점곤,참고인 김점곤,1,1,0,0,1,100.0,미상,미상,미상,미상,미상
참고인박세경,참고인 박세경,1,0,0,1,1,100.0,미상,미상,미상,미상,미상
참고인유형진,참고인 유형진,1,1,0,0,1,100.0,미상,미상,미상,미상,미상
참고인이한림,참고인 이한림,1,1,0,0,1,100.0,미상,미상,미상,미상,미상
참고인현규병,참고인 현규병,1,0,0,1,1,100.0,미상,미상,미상,미상,미상
채영철의원,채영철 의원,1,0,0,1,1,100.0,민주공화당,"전북 군산시,이리,옥구,익산군",남,재선,지역구
철도청운수국장박윤위,철도청운수국장 박윤위,1,1,0,0,1,100.0,미상,미상,미상,미상,미상
철도청차장정재석,철도청차장 정재석,1,1,0,0,1,100.0,미상,미상,미상,미상,미상
청와대총무비서관안광석,청와대총무비서관 안광석,1,1,0,0,1,100.0,미상,미상,미상,미상,미상
청원인봉원순,청원인 봉원순,1,1,0,0,1,100.0,미상,미상,미상,미상,미상
청원인조용연,청원인 조용연,1,1,0,0,1,100.0,미상,미상,미상,미상,미상
청원인채대식,청원인 채대식,1,1,0,0,1,100.0,미상,미상,미상,미상,미상
청원인최문기,청원인 최문기,1,1,0,0,1,100.0,미상,미상,미상,미상,미상
청원자권오달,청원자 권오달,1,1,0,0,1,100.0,미상,미상,미상,미상,미상
청원자김판석,청원자 김판석,1,1,0,0,1,100.0,미상,미상,미상,미상,미상
청원자박수만,청원자 박수만,1,1,0,0,1,100.0,미상,미상,미상,미상,미상
청원자이종우,청원자 이종우,1,1,0,0,1,100.0,미상,미상,미상,미상,미상
청장(한),청장 (한),1,0,0,1,1,100.0,미상,미상,미상,미상,미상
청장그다음,청장 그다음,1,1,0,0,1,100.0,미상,미상,미상,미상,미상
청장징수목표액은,청장 징수목표액은,1,0,1,0,1,100.0,미상,미상,미상,미상,미상
체신부장관배덕진,체신부장관 배덕진,1,1,0,0,1,100.0,미상,미상,미상,미상,미상
총무국장설명,총무국장 설명,1,1,0,0,1,100.0,미상,미상,미상,미상,미상
총무처장10만환에,총무처장 10만환에,1,1,0,0,1,100.0,미상,미상,미상,미상,미상
총무처장94.,총무처장 94.,1,1,0,0,1,100.0,미상,미상,미상,미상,미상
총무처장charts에,총무처장 charts에,1,1,0,0,1,100.0,미상,미상,미상,미상,미상
총무처장내년도,총무처장 내년도,1,1,0,0,1,100.0,미상,미상,미상,미상,미상
총무처장농촌문고,총무처장 농촌문고,1,1,0,0,1,100.0,미상,미상,미상,미상,미상
최고위원오치성,최고위원 오치성,1,1,0,0,1,100.0,미상,미상,미상,미상,미상
최세경의원,최세경 의원,1,0,0,1,1,100.0,민주공화당,"경남 진주,삼천포시,진양,사천군",남,재선,지역구
최영근위원(계속),최영근 위원(계속),1,1,0,0,1,100.0,민주당,경남 울산시울주구,남,3선,지역구
최영희의원,최영희 의원,1,0,0,1,1,100.0,유신정우회,미상,남,4선,통일주체국민회의
축산국장설명,축산국장 설명,1,1,0,0,1,100.0,미상,미상,미상,미상,미상
출석위원(37인),출석 위원(37인),1,1,0,0,1,100.0,미상,미상,미상,미상,미상
출석위원(40인),출석 위원(40인),1,0,1,0,1,100.0,미상,미상,미상,미상,미상
출석인원,출석인원,1,1,0,0,1,100.0,미상,미상,미상,미상,미상
출석자,출석자,1,1,0,0,1,100.0,미상,미상,미상,미상,미상
출석증인,출석 증인,1,1,0,0,1,100.0,미상,미상,미상,미상,미상
출판사업,출판사업,1,0,1,0,1,100.0,미상,미상,미상,미상,미상
충주비료주식회사기술관리부장윤석영,충주비료주식회사기술관리부장 윤석영,1,1,0,0,1,100.0,미상,미상,미상,미상,미상
충주비료주식회사기술부장현재,충주비료주식회사기술부장 현재,1,1,0,0,1,100.0,미상,미상,미상,미상,미상
충주비료주식회사업무이사김규성,충주비료주식회사업무이사 김규성,1,1,0,0,1,100.0,미상,미상,미상,미상,미상
충청남도경찰국장하삼식,충청남도경찰국장 하삼식,1,1,0,0,1,100.0,미상,미상,미상,미상,미상
충청남도농촌진흥원장박금동,충청남도농촌진흥원장 박금동,1,1,0,0,1,100.0,미상,미상,미상,미상,미상
충청남도보건사회국사회과장유영재,충청남도보건사회국사회과장 유영재,1,1,0,0,1,100.0,미상,미상,미상,미상,미상
충청남도부지사이영복,충청남도부지사 이영복,1,1,0,0,1,100.0,미상,미상,미상,미상,미상
충청북도도로국장이열진,충청북도도로국장 이열진,1,1,0,0,1,100.0,미상,미상,미상,미상,미상
카프로락담사장이우룡,카프로락담사장 이우룡,1,1,0,0,1,100.0,미상,미상,미상,미상,미상
칼즈의원,칼즈 의원,1,1,0,0,1,100.0,미상,미상,미상,미상,미상
캠프의원,캠프 의원,1,1,0,0,1,100.0,미상,미상,미상,미상,미상
크래패의원,크래패 의원,1,1,0,0,1,100.0,미상,미상,미상,미상,미상
태창방적박동균,태창방적 박동균,1,1,0,0,1,100.0,미상,미상,미상,미상,미상
토지개량조합연합회경북지부장문익환,토지개량조합연합회경북지부장 문익환,1,1,0,0,1,100.0,미상,미상,미상,미상,미상
통상국장charts에,통상국장 charts에,1,1,0,0,1,100.0,미상,미상,미상,미상,미상
특별위원변경,특별위원 변경,1,1,0,0,1,100.0,미상,미상,미상,미상,미상
특정재벌밀수사건진상조사특별위원장김진만,특정재벌밀수사건진상조사특별위원장 김진만,1,0,0,1,1,100.0,민주공화당,강원 삼척군,남,7선,지역구
포애즈의원,포애즈 의원,1,0,0,1,1,100.0,미상,미상,미상,미상,미상
폴리의원,폴리 의원,1,1,0,0,1,100.0,미상,미상,미상,미상,미상
푸라이스의원,푸라이스 의원,1,0,1,0,1,100.0,미상,미상,미상,미상,미상
푸라이오의원,푸라이오 의원,1,1,0,0,1,100.0,미상,미상,미상,미상,미상
푸레린귀센의원,푸레린귀센 의원,1,1,0,0,1,100.0,미상,미상,미상,미상,미상
푸레이어의원,푸레이어 의원,1,0,0,1,1,100.0,미상,미상,미상,미상,미상
피감기관참석자,피감기관 참석자,1,1,0,0,1,100.0,미상,미상,미상,미상,미상
피감사기관장명단,피감사기관장 명단,1,1,0,0,1,100.0,미상,미상,미상,미상,미상
피감사위원,피감사위원,1,1,0,0,1,100.0,미상,미상,미상,미상,미상
학교관리국장대학정비기준,학교관리국장 대학정비기준,1,1,0,0,1,100.0,미상,미상,미상,미상,미상
한갑수의원,한갑수 의원,1,0,0,1,1,100.0,민주공화당,"전남 광산,나주",남,초선,지역구
한건수의원(위원,한건수 의원(위원,1,0,0,1,1,100.0,국민의당,충남 예산군,남,4선,지역구
한국과학기술연구소부소장신응균,한국과학기술연구소부소장 신응균,1,0,0,1,1,100.0,미상,미상,미상,미상,미상
한국과학기술연구소장최형섭,한국과학기술연구소장 최형섭,1,1,0,0,1,100.0,미상,미상,미상,미상,미상
한국광업제련공사관리이사본사가,한국광업제련공사관리이사 본사가,1,1,0,0,1,100.0,미상,미상,미상,미상,미상
한국광업제련공사관리이사본사에서,한국광업제련공사관리이사 본사에서,1,1,0,0,1,100.0,미상,미상,미상,미상,미상
한국광업제련공사업무과장구규홍,한국광업제련공사업무과장 구규홍,1,1,0,0,1,100.0,미상,미상,미상,미상,미상
한국광업제련공사업무담당이사이종,한국광업제련공사업무담당이사 이종,1,1,0,0,1,100.0,미상,미상,미상,미상,미상
한국광업제련공사총무부장이용경,한국광업제련공사총무부장 이용경,1,1,0,0,1,100.0,미상,미상,미상,미상,미상
한국기계공업주식회사부사장신동우,한국기계공업주식회사부사장 신동우,1,1,0,0,1,100.0,미상,미상,미상,미상,미상
한국기계공업주식회사업무이사신군철,한국기계공업주식회사업무이사 신군철,1,1,0,0,1,100.0,미상,미상,미상,미상,미상
한국마케팅개발센터소장오상락,한국마케팅개발센터소장 오상락,1,1,0,0,1,100.0,미상,미상,미상,미상,미상
한국무역연구소소장오만식,한국무역연구소소장 오만식,1,1,0,0,1,100.0,미상,미상,미상,미상,미상
한국무진대표논의의,한국무진대표 논의의,1,0,0,1,1,100.0,미상,미상,미상,미상,미상
한국산업은행업무부장배민홍,한국산업은행업무부장 배민홍,1,1,0,0,1,100.0,미상,미상,미상,미상,미상
한국산업은행이사배문홍,한국산업은행이사 배문홍,1,1,0,0,1,100.0,미상,미상,미상,미상,미상
한국산업은행출자관리기업체담당이사이종주,한국산업은행출자관리기업체담당이사 이종주,1,1,0,0,1,100.0,미상,미상,미상,미상,미상
한국생산성본부이사장이은복,한국생산성본부이사장 이은복,1,1,0,0,1,100.0,미상,미상,미상,미상,미상
한국수산개발공사사장함명수,한국수산개발공사사장 함명수,1,1,0,0,1,100.0,미상,미상,미상,미상,미상
한국연료공업협동조합연합회회장이수은,한국연료공업협동조합연합회회장 이수은,1,1,0,0,1,100.0,미상,미상,미상,미상,미상
한국외환은행이사김선근,한국외환은행이사 김선근,1,1,0,0,1,100.0,미상,미상,미상,미상,미상
한국전력주식회사기획부장김종록,한국전력주식회사기획부장 김종록,1,1,0,0,1,100.0,미상,미상,미상,미상,미상
한국전력주식회사상무이재인,한국전력주식회사상무 이재인,1,1,0,0,1,100.0,미상,미상,미상,미상,미상
한국전력주식회사인사담당이사윤덕병,한국전력주식회사인사담당이사 윤덕병,1,1,0,0,1,100.0,미상,미상,미상,미상,미상
한국제련공장장노임에,한국제련공장장 노임에,1,1,0,0,1,100.0,미상,미상,미상,미상,미상
한국조폐공사사업담당이사윤영준,한국조폐공사사업담당이사 윤영준,1,1,0,0,1,100.0,미상,미상,미상,미상,미상
한국철강공업협동조합연합회회장원형묵,한국철강공업협동조합연합회회장 원형묵,1,1,0,0,1,100.0,미상,미상,미상,미상,미상
한당욱4대,한당욱 4대,1,1,0,0,1,100.0,미상,미상,미상,미상,미상
한병기의원,한병기 의원,1,1,0,0,1,100.0,민주공화당,"강원 속초시,고성,양양",남,초선,지역구
한양화학사장이철승,한양화학사장 이철승,1,1,0,0,1,100.0,미상,미상,미상,미상,미상
한은조사부장송정범,한은조사부장 송정범,1,1,0,0,1,100.0,미상,미상,미상,미상,미상
한태연의원(위원,한태연 의원(위원,1,1,0,0,1,100.0,민주공화당,미상,남,3선,전국구
한통숙의원(계속),한통숙 의원(계속),1,0,0,1,1,100.0,민주당,서울 영등포구갑,남,3선,지역구
함명수의원,함명수 의원,1,0,0,1,1,100.0,유신정우회,미상,남,재선,통일주체국민회의
함위원장지금,함위원장 지금,1,1,0,0,1,100.0,미상,미상,미상,미상,미상
합동참모회의의장장창국,합동참모회의의장 장창국,1,1,0,0,1,100.0,미상,미상,미상,미상,미상
합동참모회의전략정보국차장박병주,합동참모회의전략정보국차장 박병주,1,0,0,1,1,100.0,미상,미상,미상,미상,미상
해밀턴의원,해밀턴 의원,1,1,0,0,1,100.0,미상,미상,미상,미상,미상
해병대사령부참모부장이봉출,해병대사령부참모부장 이봉출,1,1,0,0,1,100.0,미상,미상,미상,미상,미상
해사행정특별심의위원장신동식,해사행정특별심의위원장 신동식,1,1,0,0,1,100.0,미상,미상,미상,미상,미상
해사행정특별심의위원장직무대리신동식,해사행정특별심의위원장직무대리 신동식,1,1,0,0,1,100.0,미상,미상,미상,미상,미상
해운국장김정현,해운국장 김정현,1,1,0,0,1,100.0,미상,미상,미상,미상,미상
행정개혁조사위원장박충훈,행정개혁조사위원장 박충훈,1,1,0,0,1,100.0,미상,미상,미상,미상,미상
행정개혁조사위원장이석제,행정개혁조사위원장 이석제,1,1,0,0,1,100.0,미상,미상,미상,미상,미상
행정개혁조사위원회부위원장문희섭,행정개혁조사위원회부위원장 문희섭,1,1,0,0,1,100.0,미상,미상,미상,미상,미상
행정서기관황영근,행정서기관 황영근,1,1,0,0,1,100.0,미상,미상,미상,미상,미상
"혁명재판소장편찬목적,","혁명재판소장 편찬목적,",1,1,0,0,1,100.0,미상,미상,미상,미상,미상
호남비료주식회사기술담당이사답변,호남비료주식회사기술담당이사 답변,1,1,0,0,1,100.0,미상,미상,미상,미상,미상
호남비료주식회사기술담당이사당,호남비료주식회사기술담당이사 당,1,1,0,0,1,100.0,미상,미상,미상,미상,미상
호남비료주식회사부사장조병준,호남비료주식회사부사장 조병준,1,1,0,0,1,100.0,미상,미상,미상,미상,미상
호남비료주식회사사장오기창,호남비료주식회사사장 오기창,1,1,0,0,1,100.0,미상,미상,미상,미상,미상
홍창섭의원(계속),홍창섭 의원(계속),1,0,0,1,1,100.0,무소속,"강원 춘천,춘성,철원,화천,양구",남,4선,지역구
황재홍의원,황재홍 의원,1,1,0,0,1,100.0,민주공화당,"경북 문경시,예천군",남,초선,지역구
황종율자문,황종율 자문,1,1,0,0,1,100.0,미상,미상,미상,미상,미상
황종율축산을,황종율 축산을,1,1,0,0,1,100.0,미상,미상,미상,미상,미상
李敏祐의원(위원,李敏祐 의원(위원,1,0,0,1,1,100.0,미상,미상,미상,미상,미상
출석전문위원,출석 전문위원,615,0,0,0,0,0.0,미상,미상,미상,미상,미상
증인임석화,증인 임석화,371,0,0,0,0,0.0,미상,미상,미상,미상,미상
출석감사위원,출석 감사위원,301,0,0,0,0,0.0,미상,미상,미상,미상,미상
증인강영환,증인 강영환,257,0,0,0,0,0.0,미상,미상,미상,미상,미상
증인김흥길,증인 김흥길,173,0,0,0,0,0.0,미상,미상,미상,미상,미상
증인김해균,증인 김해균,164,0,0,0,0,0.0,미상,미상,미상,미상,미상
증인이영숙,증인 이영숙,142,0,0,0,0,0.0,미상,미상,미상,미상,미상
증인김태환,증인 김태환,128,0,0,0,0,0.0,미상,미상,미상,미상,미상
증인성평길,증인 성평길,125,0,0,0,0,0.0,미상,미상,미상,미상,미상
증인김광홍,증인 김광홍,123,0,0,0,0,0.0,미상,미상,미상,미상,미상
증인박형수,증인 박형수,122,0,0,0,0,0.0,미상,미상,미상,미상,미상
증인김현모,증인 김현모,117,0,0,0,0,0.0,미상,미상,미상,미상,미상
증인홍인근,증인 홍인근,108,0,0,0,0,0.0,미상,미상,미상,미상,미상
증인강금녀,증인 강금녀,99,0,0,0,0,0.0,미상,미상,미상,미상,미상
증인조경행,증인 조경행,95,0,0,0,0,0.0,미상,미상,미상,미상,미상
증인박춘성,증인 박춘성,92,0,0,0,0,0.0,미상,미상,미상,미상,미상
증인김형일,증인 김형일,91,0,0,0,0,0.0,민정당,미상,남,4선,전국구
증인김창수,증인 김창수,87,0,0,0,0,0.0,미상,미상,미상,미상,미상
증인김서현,증인 김서현,83,0,0,0,0,0.0,미상,미상,미상,미상,미상
청원심사,청원 심사,82,0,0,0,0,0.0,미상,미상,미상,미상,미상
부이사관김철,부이사관 김철,80,0,0,0,0,0.0,미상,미상,미상,미상,미상
부이사관장욱상,부이사관 장욱상,77,0,0,0,0,0.0,미상,미상,미상,미상,미상
출석위원(17인),출석 위원(17인),77,0,0,0,0,0.0,미상,미상,미상,미상,미상
증인정종한,증인 정종한,76,0,0,0,0,0.0,미상,미상,미상,미상,미상
증인박주순,증인 박주순,73,0,0,0,0,0.0,미상,미상,미상,미상,미상
의사국장길기상,의사국장 길기상,71,0,0,0,0,0.0,미상,미상,미상,미상,미상
출석위원(18인),출석 위원(18인),71,0,0,0,0,0.0,미상,미상,미상,미상,미상
증인이철익,증인 이철익,70,0,0,0,0,0.0,미상,미상,미상,미상,미상
출석위원(14인),출석 위원(14인),69,0,0,0,0,0.0,미상,미상,미상,미상,미상
출석위원(16인),출석 위원(16인),68,0,0,0,0,0.0,미상,미상,미상,미상,미상
출석위원(15인),출석 위원(15인),67,0,0,0,0,0.0,미상,미상,미상,미상,미상
증인황종률,증인 황종률,65,0,0,0,0,0.0,미상,미상,미상,미상,미상
증인신백순,증인 신백순,60,0,0,0,0,0.0,미상,미상,미상,미상,미상
증인홍성진,증인 홍성진,60,0,0,0,0,0.0,미상,미상,미상,미상,미상
증인윤영자,증인 윤영자,58,0,0,0,0,0.0,미상,미상,미상,미상,미상
서기관하대돈,서기관 하대돈,56,0,0,0,0,0.0,미상,미상,미상,미상,미상
의사국장하재구,의사국장 하재구,56,0,0,0,0,0.0,미상,미상,미상,미상,미상
각위원,각 위원,51,0,0,0,0,0.0,미상,미상,미상,미상,미상
서기관윤영탁,서기관 윤영탁,51,0,0,0,0,0.0,미상,미상,미상,미상,미상
증인임규환,증인 임규환,50,0,0,0,0,0.0,미상,미상,미상,미상,미상
참고인김영수,참고인 김영수,50,0,0,0,0,0.0,미상,미상,미상,미상,미상
증인여인현,증인 여인현,49,0,0,0,0,0.0,미상,미상,미상,미상,미상
증인고한익,증인 고한익,48,0,0,0,0,0.0,미상,미상,미상,미상,미상
증인김기환,증인 김기환,48,0,0,0,0,0.0,미상,미상,미상,미상,미상
증인도석균,증인 도석균,48,0,0,0,0,0.0,미상,미상,미상,미상,미상
의원,의원,47,0,0,0,0,0.0,미상,미상,미상,미상,미상
반장대리김두현,반장대리 김두현,46,0,0,0,0,0.0,민주공화당,충남 당진,남,초선,지역구
서기관장욱상,서기관 장욱상,44,0,0,0,0,0.0,미상,미상,미상,미상,미상
증인서상,증인 서상,44,0,0,0,0,0.0,미상,미상,미상,미상,미상
증인홍순주,증인 홍순주,44,0,0,0,0,0.0,미상,미상,미상,미상,미상
출석감사위원(4인),출석 감사위원(4인),42,0,0,0,0,0.0,미상,미상,미상,미상,미상
증인조동화,증인 조동화,41,0,0,0,0,0.0,미상,미상,미상,미상,미상
서기관이강려,서기관 이강려,40,0,0,0,0,0.0,미상,미상,미상,미상,미상
증인이복모,증인 이복모,40,0,0,0,0,0.0,미상,미상,미상,미상,미상
출석감사위원(17인),출석 감사위원(17인),40,0,0,0,0,0.0,미상,미상,미상,미상,미상
출석위원(5인),출석 위원(5인),40,0,0,0,0,0.0,미상,미상,미상,미상,미상
증인김옥수,증인 김옥수,38,0,0,0,0,0.0,미상,미상,미상,미상,미상
증인김운자,증인 김운자,38,0,0,0,0,0.0,미상,미상,미상,미상,미상
증인이동길,증인 이동길,37,0,0,0,0,0.0,미상,미상,미상,미상,미상
반장대리정간용,반장대리 정간용,36,0,0,0,0,0.0,민주공화당,전남 완도군,남,재선,지역구
증인이기준,증인 이기준,36,0,0,0,0,0.0,미상,미상,미상,미상,미상
서기관이기춘,서기관 이기춘,35,0,0,0,0,0.0,미상,미상,미상,미상,미상
반장대리천명기,반장대리 천명기,34,0,0,0,0,0.0,신민당,"경기 여주,양평군",남,3선,지역구
출석위원(21인),출석 위원(21인),34,0,0,0,0,0.0,미상,미상,미상,미상,미상
출석위원(23인),출석 위원(23인),34,0,0,0,0,0.0,미상,미상,미상,미상,미상
반장대리윤재명,반장대리 윤재명,33,0,0,0,0,0.0,민주공화당,"전남 영암,당진군",남,3선,지역구
증인류영준,증인 류영준,33,0,0,0,0,0.0,미상,미상,미상,미상,미상
대구교도소교도김연진,대구교도소교도 김연진,32,0,0,0,0,0.0,미상,미상,미상,미상,미상
서기관김종수,서기관 김종수,32,0,0,0,0,0.0,미상,미상,미상,미상,미상
증인서민호,증인 서민호,32,0,0,0,0,0.0,자유민주당,서울 용산구,남,4선,지역구
증인김선기,증인 김선기,31,0,0,0,0,0.0,미상,미상,미상,미상,미상
대구교도소교도홍원식,대구교도소교도 홍원식,30,0,0,0,0,0.0,미상,미상,미상,미상,미상
증인정창기,증인 정창기,30,0,0,0,0,0.0,미상,미상,미상,미상,미상
증인김봉관,증인 김봉관,29,0,0,0,0,0.0,미상,미상,미상,미상,미상
증인하상안,증인 하상안,29,0,0,0,0,0.0,미상,미상,미상,미상,미상
현품계장정태현,현품계장 정태현,29,0,0,0,0,0.0,미상,미상,미상,미상,미상
서기관김상천,서기관 김상천,28,0,0,0,0,0.0,미상,미상,미상,미상,미상
의석,의석,28,0,0,0,0,0.0,미상,미상,미상,미상,미상
정당법․선거관계법중개정법률안심사특별위원장정태성,정당법․선거관계법중개정법률안심사특별위원장 정태성,28,0,0,0,0,0.0,민주공화당,충북 청주,남,재선,지역구
증인박재천,증인 박재천,27,0,0,0,0,0.0,미상,미상,미상,미상,미상
문교부사회교육과종교계장이원직,문교부사회교육과종교계장 이원직,26,0,0,0,0,0.0,미상,미상,미상,미상,미상
위원장대리우홍구,위원장대리 우홍구,26,0,0,0,0,0.0,신민당,경북 의성군,남,재선,지역구
임시위원장함덕용,임시위원장 함덕용,26,0,0,0,0,0.0,신민당,미상,남,초선,전국구
출석감사위원(15인),출석 감사위원(15인),26,0,0,0,0,0.0,미상,미상,미상,미상,미상
사무관박노주,사무관 박노주,25,0,0,0,0,0.0,미상,미상,미상,미상,미상
위원장대리김종무,위원장대리 김종무,25,0,0,0,0,0.0,민주공화당,충북 제천시단양군,남,초선,지역구
증인김원배,증인 김원배,25,0,0,0,0,0.0,미상,미상,미상,미상,미상
증인원치웅,증인 원치웅,25,0,0,0,0,0.0,미상,미상,미상,미상,미상
증인차인도,증인 차인도,25,0,0,0,0,0.0,미상,미상,미상,미상,미상
부의장좋습니다.,부의장 좋습니다.,24,0,0,0,0,0.0,미상,미상,미상,미상,미상
증인김재선,증인 김재선,24,0,0,0,0,0.0,미상,미상,미상,미상,미상
증인안갑준,증인 안갑준,24,0,0,0,0,0.0,미상,미상,미상,미상,미상
출석위원(19인),출석 위원(19인),24,0,0,0,0,0.0,미상,미상,미상,미상,미상
부이사관장창종,부이사관 장창종,23,0,0,0,0,0.0,미상,미상,미상,미상,미상
위원장대리이우현,위원장대리 이우현,23,0,0,0,0,0.0,민주공화당,"강원 횡성,평창군",남,재선,지역구
증인위사강,증인 위사강,23,0,0,0,0,0.0,미상,미상,미상,미상,미상
출석감사위원(18인),출석 감사위원(18인),23,0,0,0,0,0.0,미상,미상,미상,미상,미상
건설부수자원국이수과계획계장신동렬,건설부수자원국이수과계획계장 신동렬,22,0,0,0,0,0.0,미상,미상,미상,미상,미상
위원장대리장덕진,위원장대리 장덕진,22,0,0,0,0,0.0,민주공화당,서울 영등포구갑,남,초선,지역구
출석감사위원(13인),출석 감사위원(13인),22,0,0,0,0,0.0,미상,미상,미상,미상,미상
부의장다른,부의장 다른,21,0,0,0,0,0.0,미상,미상,미상,미상,미상
재무부세제국제1과총괄계장서영택,재무부세제국제1과총괄계장 서영택,21,0,0,0,0,0.0,미상,미상,미상,미상,미상
증인민영훈,증인 민영훈,20,0,0,0,0,0.0,미상,미상,미상,미상,미상
증인윤주형,증인 윤주형,20,0,0,0,0,0.0,미상,미상,미상,미상,미상
증인정재봉,증인 정재봉,20,0,0,0,0,0.0,미상,미상,미상,미상,미상
대구교도소교도김도환,대구교도소교도 김도환,19,0,0,0,0,0.0,미상,미상,미상,미상,미상
위원장직무대행정구영,위원장직무대행 정구영,19,0,0,0,0,0.0,민주공화당,미상,남,재선,전국구
의사국장정동우,의사국장 정동우,19,0,0,0,0,0.0,미상,미상,미상,미상,미상
전문위원길정기,전문위원 길정기,19,0,0,0,0,0.0,미상,미상,미상,미상,미상
서기관허준,서기관 허준,18,0,0,0,0,0.0,미상,미상,미상,미상,미상
부이사관김상천,부이사관 김상천,17,0,0,0,0,0.0,미상,미상,미상,미상,미상
섭외국장조종현,섭외국장 조종현,17,0,0,0,0,0.0,미상,미상,미상,미상,미상
의사부국장윤동보,의사부국장 윤동보,17,0,0,0,0,0.0,미상,미상,미상,미상,미상
의사부국장한원조,의사부국장 한원조,17,0,0,0,0,0.0,미상,미상,미상,미상,미상
증인김진구,증인 김진구,17,0,0,0,0,0.0,미상,미상,미상,미상,미상
행정실장장욱상,행정실장 장욱상,17,0,0,0,0,0.0,미상,미상,미상,미상,미상
문교부법무관유해인,문교부법무관 유해인,16,0,0,0,0,0.0,미상,미상,미상,미상,미상
인천세무서장박유식,인천세무서장 박유식,16,0,0,0,0,0.0,미상,미상,미상,미상,미상
참고인윤제술,참고인 윤제술,16,0,0,0,0,0.0,신민당,서울 서대문구을,남,6선,지역구
참고인전상애,참고인 전상애,16,0,0,0,0,0.0,미상,미상,미상,미상,미상
출석감사위원(16인),출석 감사위원(16인),16,0,0,0,0,0.0,미상,미상,미상,미상,미상
감독원장문상철,감독원장 문상철,15,0,0,0,0,0.0,미상,미상,미상,미상,미상
농업협동조합중앙회부회장고상겸,농업협동조합중앙회부회장 고상겸,15,0,0,0,0,0.0,미상,미상,미상,미상,미상
대구교도소교도윤두흠,대구교도소교도 윤두흠,15,0,0,0,0,0.0,미상,미상,미상,미상,미상
서울특별시한강건설사업소장이종윤,서울특별시한강건설사업소장 이종윤,15,0,0,0,0,0.0,미상,미상,미상,미상,미상
위원장대리류치송,위원장대리 류치송,15,0,0,0,0,0.0,미상,미상,미상,미상,미상
전라남도건설국서무계장오경석,전라남도건설국서무계장 오경석,15,0,0,0,0,0.0,미상,미상,미상,미상,미상
전라북도건설과장박병곤,전라북도건설과장 박병곤,15,0,0,0,0,0.0,미상,미상,미상,미상,미상
증인조열기,증인 조열기,15,0,0,0,0,0.0,미상,미상,미상,미상,미상
참고인박영희,참고인 박영희,15,0,0,0,0,0.0,미상,미상,미상,미상,미상
출석감사위원(14인),출석 감사위원(14인),15,0,0,0,0,0.0,미상,미상,미상,미상,미상
반장대리김기섭,반장대리 김기섭,14,0,0,0,0,0.0,신민당,"경남 충무,통영군",남,초선,지역구
반장대리정우식,반장대리 정우식,14,0,0,0,0,0.0,민주공화당,경남 산청군,남,재선,지역구
부이사관이기춘,부이사관 이기춘,14,0,0,0,0,0.0,미상,미상,미상,미상,미상
섭외실장조종현,섭외실장 조종현,14,0,0,0,0,0.0,미상,미상,미상,미상,미상
세관장박봉환,세관장 박봉환,14,0,0,0,0,0.0,미상,미상,미상,미상,미상
출석의원(22인),출석 의원(22인),14,0,0,0,0,0.0,미상,미상,미상,미상,미상
행정부이사관허준,행정부이사관 허준,14,0,0,0,0,0.0,미상,미상,미상,미상,미상
공보부공보국장홍천,공보부공보국장 홍천,13,0,0,0,0,0.0,미상,미상,미상,미상,미상
대구교도소교감보박한명,대구교도소교감보 박한명,13,0,0,0,0,0.0,미상,미상,미상,미상,미상
부의장장동순,부의장 장동순,13,0,0,0,0,0.0,미상,미상,미상,미상,미상
부이사관김종인,부이사관 김종인,13,0,0,0,0,0.0,미상,미상,미상,미상,미상
수산업협동조합중앙회경상남도지부장이민우,수산업협동조합중앙회경상남도지부장 이민우,13,0,0,0,0,0.0,미상,미상,미상,미상,미상
임시위원장민영남,임시위원장 민영남,13,0,0,0,0,0.0,무소속,전남 해남군,남,재선,지역구
증인강달식,증인 강달식,13,0,0,0,0,0.0,미상,미상,미상,미상,미상
증인김용순,증인 김용순,13,0,0,0,0,0.0,민주공화당,"경남 사천,하동,삼천포",남,재선,지역구
증인이봉성,증인 이봉성,13,0,0,0,0,0.0,미상,미상,미상,미상,미상
한국투자개발공사부총재이만기,한국투자개발공사부총재 이만기,13,0,0,0,0,0.0,미상,미상,미상,미상,미상
반장대리신동욱,반장대리 신동욱,12,0,0,0,0,0.0,민주공화당,미상,남,초선,전국구
부이사관김종수,부이사관 김종수,12,0,0,0,0,0.0,미상,미상,미상,미상,미상
섭외국장박종일,섭외국장 박종일,12,0,0,0,0,0.0,미상,미상,미상,미상,미상
외무부총무과경리계장이규철,외무부총무과경리계장 이규철,12,0,0,0,0,0.0,미상,미상,미상,미상,미상
원호처회계국대부과장이문범,원호처회계국대부과장 이문범,12,0,0,0,0,0.0,미상,미상,미상,미상,미상
위원장대리양회수,위원장대리 양회수,12,0,0,0,0,0.0,신민당,"전남 곡성,화순군",남,재선,지역구
위원장대리이병희,위원장대리 이병희,12,0,0,0,0,0.0,민주공화당,경기 수원,남,7선,지역구
임시위원장김원만,임시위원장 김원만,12,0,0,0,0,0.0,신민당,서울 용산구,남,5선,지역구
참고인권용식,참고인 권용식,12,0,0,0,0,0.0,미상,미상,미상,미상,미상
참고인김상곤,참고인 김상곤,12,0,0,0,0,0.0,미상,미상,미상,미상,미상
청장서영철,청장 서영철,12,0,0,0,0,0.0,미상,미상,미상,미상,미상
한국증권거래소이사장박승준,한국증권거래소이사장 박승준,12,0,0,0,0,0.0,미상,미상,미상,미상,미상
경주시장권태용,경주시장 권태용,11,0,0,0,0,0.0,미상,미상,미상,미상,미상
교통부항공국장김완수,교통부항공국장 김완수,11,0,0,0,0,0.0,미상,미상,미상,미상,미상
문교부고등교육국장조성옥,문교부고등교육국장 조성옥,11,0,0,0,0,0.0,미상,미상,미상,미상,미상
법제처장축조낭독,법제처장 축조낭독,11,0,0,0,0,0.0,미상,미상,미상,미상,미상
부의장그러면,부의장 그러면,11,0,0,0,0,0.0,미상,미상,미상,미상,미상
사무관윤영탁,사무관 윤영탁,11,0,0,0,0,0.0,미상,미상,미상,미상,미상
사무관하경훈,사무관 하경훈,11,0,0,0,0,0.0,미상,미상,미상,미상,미상
서기관유용규,서기관 유용규,11,0,0,0,0,0.0,미상,미상,미상,미상,미상
서울세관감시과장신영수,서울세관감시과장 신영수,11,0,0,0,0,0.0,미상,미상,미상,미상,미상
서울특별시관광운수국운수과장이규효,서울특별시관광운수국운수과장 이규효,11,0,0,0,0,0.0,미상,미상,미상,미상,미상
외무부특수연구관이수우,외무부특수연구관 이수우,11,0,0,0,0,0.0,미상,미상,미상,미상,미상
위원장대리양극필,위원장대리 양극필,11,0,0,0,0,0.0,민주공화당,경남 동래,남,초선,지역구
위원장대리이병주,위원장대리 이병주,11,0,0,0,0,0.0,민주공화당,미상,남,3선,전국구
증인김성우,증인 김성우,11,0,0,0,0,0.0,미상,미상,미상,미상,미상
증인서복용,증인 서복용,11,0,0,0,0,0.0,미상,미상,미상,미상,미상
증인임종원,증인 임종원,11,0,0,0,0,0.0,미상,미상,미상,미상,미상
출석위원(4인),출석 위원(4인),11,0,0,0,0,0.0,미상,미상,미상,미상,미상
대령최병련,대령 최병련,10,0,0,0,0,0.0,미상,미상,미상,미상,미상
반장대리고재필,반장대리 고재필,10,0,0,0,0,0.0,민주공화당,"전남 담양,장성군",남,4선,지역구
반장대리우홍구,반장대리 우홍구,10,0,0,0,0,0.0,신민당,경북 의성군,남,재선,지역구
보건사회부보건국만성병과장오중근,보건사회부보건국만성병과장 오중근,10,0,0,0,0,0.0,미상,미상,미상,미상,미상
섭외실장직무대리조종현,섭외실장직무대리 조종현,10,0,0,0,0,0.0,미상,미상,미상,미상,미상
증인강관용,증인 강관용,10,0,0,0,0,0.0,미상,미상,미상,미상,미상
철도청감사관김재영,철도청감사관 김재영,10,0,0,0,0,0.0,미상,미상,미상,미상,미상
감찰위원장채명신,감찰위원장 채명신,9,0,0,0,0,0.0,미상,미상,미상,미상,미상
건설부특정지역개발국장백진기,건설부특정지역개발국장 백진기,9,0,0,0,0,0.0,미상,미상,미상,미상,미상
국방부시설국관리과장송영태,국방부시설국관리과장 송영태,9,0,0,0,0,0.0,미상,미상,미상,미상,미상
대구교도소소장김기동,대구교도소소장 김기동,9,0,0,0,0,0.0,미상,미상,미상,미상,미상
대한항공공사이사김계진,대한항공공사이사 김계진,9,0,0,0,0,0.0,미상,미상,미상,미상,미상
법사위전문위원,법사위 전문위원,9,0,0,0,0,0.0,미상,미상,미상,미상,미상
부이사관이한용,부이사관 이한용,9,0,0,0,0,0.0,미상,미상,미상,미상,미상
부이사관최인수,부이사관 최인수,9,0,0,0,0,0.0,미상,미상,미상,미상,미상
서울특별시제2부시장최종완,서울특별시제2부시장 최종완,9,0,0,0,0,0.0,미상,미상,미상,미상,미상
영남국토건설국제3공사과장이병기,영남국토건설국제3공사과장 이병기,9,0,0,0,0,0.0,미상,미상,미상,미상,미상
위원변경,위원 변경,9,0,0,0,0,0.0,미상,미상,미상,미상,미상
위원장대리李敏雨,위원장대리 李敏雨,9,0,0,0,0,0.0,미상,미상,미상,미상,미상
위원장대리신인우,위원장대리 신인우,9,0,0,0,0,0.0,신민당,서울 중구,남,재선,지역구
위원장대리최정기,위원장대리 최정기,9,0,0,0,0,0.0,민주공화당,미상,남,초선,전국구
재무부국고국국유재산과장임영득,재무부국고국국유재산과장 임영득,9,0,0,0,0,0.0,미상,미상,미상,미상,미상
재무부기획관리실장신관섭,재무부기획관리실장 신관섭,9,0,0,0,0,0.0,미상,미상,미상,미상,미상
증인김해두,증인 김해두,9,0,0,0,0,0.0,미상,미상,미상,미상,미상
참고인정문순,참고인 정문순,9,0,0,0,0,0.0,미상,미상,미상,미상,미상
춘천농과대학서무과장김재찬,춘천농과대학서무과장 김재찬,9,0,0,0,0,0.0,미상,미상,미상,미상,미상
경제기획원예산총괄과장김주남,경제기획원예산총괄과장 김주남,8,0,0,0,0,0.0,미상,미상,미상,미상,미상
기획관리관임영득,기획관리관 임영득,8,0,0,0,0,0.0,미상,미상,미상,미상,미상
남부산세무서장정인기,남부산세무서장 정인기,8,0,0,0,0,0.0,미상,미상,미상,미상,미상
농업협동조합중앙회충청북도지부장조동온,농업협동조합중앙회충청북도지부장 조동온,8,0,0,0,0,0.0,미상,미상,미상,미상,미상
대구고등검찰청검사장서병균,대구고등검찰청검사장 서병균,8,0,0,0,0,0.0,미상,미상,미상,미상,미상
대한항공공사기획이사김계진,대한항공공사기획이사 김계진,8,0,0,0,0,0.0,미상,미상,미상,미상,미상
박위원장이의,박위원장 이의,8,0,0,0,0,0.0,미상,미상,미상,미상,미상
반장대리김창욱,반장대리 김창욱,8,0,0,0,0,0.0,민주공화당,"경남 의령,함안군",남,초선,지역구
부의장그대로,부의장 그대로,8,0,0,0,0,0.0,미상,미상,미상,미상,미상
부의장다음,부의장 다음,8,0,0,0,0,0.0,미상,미상,미상,미상,미상
부의장원안대로,부의장 원안대로,8,0,0,0,0,0.0,미상,미상,미상,미상,미상
서기관이필용,서기관 이필용,8,0,0,0,0,0.0,미상,미상,미상,미상,미상
서울공작창장고우진,서울공작창장 고우진,8,0,0,0,0,0.0,미상,미상,미상,미상,미상
외무부차관최문경,외무부차관 최문경,8,0,0,0,0,0.0,미상,미상,미상,미상,미상
위원장대리길전식,위원장대리 길전식,8,0,0,0,0,0.0,민주공화당,전남 장흥군,남,5선,지역구
위원장대리성낙현,위원장대리 성낙현,8,0,0,0,0,0.0,신민당,경남 창녕군,남,재선,지역구
육군본부법무감박상만,육군본부법무감 박상만,8,0,0,0,0,0.0,미상,미상,미상,미상,미상
의장대리김진만,의장대리 김진만,8,0,0,0,0,0.0,유신정우회,미상,남,7선,통일주체국민회의
의장직무대행이효상,의장직무대행 이효상,8,0,0,0,0,0.0,민주공화당,"경북 대구시,동,남구",남,5선,지역구
증인김기곤,증인 김기곤,8,0,0,0,0,0.0,미상,미상,미상,미상,미상
참고인김인규,참고인 김인규,8,0,0,0,0,0.0,미상,미상,미상,미상,미상
참고인김진만,참고인 김진만,8,0,0,0,0,0.0,민주공화당,강원 삼척군,남,7선,지역구
청원자,청원자,8,0,0,0,0,0.0,미상,미상,미상,미상,미상
청원철회,청원 철회,8,0,0,0,0,0.0,미상,미상,미상,미상,미상
한국선주협회사무국장김병두,한국선주협회사무국장 김병두,8,0,0,0,0,0.0,미상,미상,미상,미상,미상
검사계장서기수,검사계장 서기수,7,0,0,0,0,0.0,미상,미상,미상,미상,미상
국립원호원장김경원,국립원호원장 김경원,7,0,0,0,0,0.0,미상,미상,미상,미상,미상
내각기획통제관김정무,내각기획통제관 김정무,7,0,0,0,0,0.0,미상,미상,미상,미상,미상
농림부농정차관보김용환,농림부농정차관보 김용환,7,0,0,0,0,0.0,미상,미상,미상,미상,미상
농협중앙회충남지부차장김주필,농협중앙회충남지부차장 김주필,7,0,0,0,0,0.0,미상,미상,미상,미상,미상
반장김현기,반장 김현기,7,0,0,0,0,0.0,신민당,"전북 이리시,익산군",남,4선,지역구
반장대리신동준,반장대리 신동준,7,0,0,0,0,0.0,민주공화당,미상,남,초선,전국구
반장대리이병옥,반장대리 이병옥,7,0,0,0,0,0.0,민주공화당,전북 부안군,남,4선,지역구
반장대리이윤용,반장대리 이윤용,7,0,0,0,0,0.0,민주공화당,경기 평택,남,초선,지역구
반장신옥철,반장 신옥철,7,0,0,0,0,0.0,민주공화당,"강원 춘천,춘성",남,초선,지역구
보건사회부의정국지방의정과장이성희,보건사회부의정국지방의정과장 이성희,7,0,0,0,0,0.0,미상,미상,미상,미상,미상
부의장이대로,부의장 이대로,7,0,0,0,0,0.0,미상,미상,미상,미상,미상
부의장재경위,부의장 재경위,7,0,0,0,0,0.0,미상,미상,미상,미상,미상
상공부상역국장심의환,상공부상역국장 심의환,7,0,0,0,0,0.0,미상,미상,미상,미상,미상
서울특별시관광운수국장김세준,서울특별시관광운수국장 김세준,7,0,0,0,0,0.0,미상,미상,미상,미상,미상
신직수의장고문,신직수 의장고문,7,0,0,0,0,0.0,미상,미상,미상,미상,미상
외무부아주국장최광수,외무부아주국장 최광수,7,0,0,0,0,0.0,미상,미상,미상,미상,미상
외무부외신과장전병호,외무부외신과장 전병호,7,0,0,0,0,0.0,미상,미상,미상,미상,미상
위원장대리김기섭,위원장대리 김기섭,7,0,0,0,0,0.0,신민당,"경남 충무,통영군",남,초선,지역구
위원장직무대행김정렬,위원장직무대행 김정렬,7,0,0,0,0,0.0,미상,미상,미상,미상,미상
의장직무대행유봉영,의장직무대행 유봉영,7,0,0,0,0,0.0,민주공화당,미상,남,초선,전국구
의장직무대행이숙종,의장직무대행 이숙종,7,0,0,0,0,0.0,유신정우회,미상,여,초선,통일주체국민회의
이고문,이 고문,7,0,0,0,0,0.0,미상,미상,미상,미상,미상
임시위원장고재필,임시위원장 고재필,7,0,0,0,0,0.0,민주공화당,"전남 담양,장성군",남,4선,지역구
증인박원호,증인 박원호,7,0,0,0,0,0.0,미상,미상,미상,미상,미상
철도청차장정인화,철도청차장 정인화,7,0,0,0,0,0.0,미상,미상,미상,미상,미상
공보부법무관현태호,공보부법무관 현태호,6,0,0,0,0,0.0,미상,미상,미상,미상,미상
김유택고문,김유택 고문,6,0,0,0,0,0.0,미상,미상,미상,미상,미상
내무부치안국보안과경위김성태,내무부치안국보안과경위 김성태,6,0,0,0,0,0.0,미상,미상,미상,미상,미상
농산물검사소서울지소장정규선,농산물검사소서울지소장 정규선,6,0,0,0,0,0.0,미상,미상,미상,미상,미상
농업협동조합중앙회충청남도지부구매과장강득구,농업협동조합중앙회충청남도지부구매과장 강득구,6,0,0,0,0,0.0,미상,미상,미상,미상,미상
농업협동조합중앙회충청북도지부장허영택,농업협동조합중앙회충청북도지부장 허영택,6,0,0,0,0,0.0,미상,미상,미상,미상,미상
농협제주도지부장은순석,농협제주도지부장 은순석,6,0,0,0,0,0.0,미상,미상,미상,미상,미상
대한조선공사이사신백균,대한조선공사이사 신백균,6,0,0,0,0,0.0,미상,미상,미상,미상,미상
대한해운공사상무박은범,대한해운공사상무 박은범,6,0,0,0,0,0.0,미상,미상,미상,미상,미상
문교부장관제안이유,문교부장관 제안이유,6,0,0,0,0,0.0,미상,미상,미상,미상,미상
반장대리박삼준,반장대리 박삼준,6,0,0,0,0,0.0,신민당,미상,남,초선,전국구
반장대리박종진,반장대리 박종진,6,0,0,0,0,0.0,민주공화당,전남 영광,남,초선,지역구
반장대리이종남,반장대리 이종남,6,0,0,0,0,0.0,신민당,미상,남,3선,전국구
법무부검찰과장허형구,법무부검찰과장 허형구,6,0,0,0,0,0.0,미상,미상,미상,미상,미상
법제사법위원장대리박한상,법제사법위원장대리 박한상,6,0,0,0,0,0.0,민정당,서울 영등포구을,남,6선,지역구
법제처장축조낭독.,법제처장 축조낭독.,6,0,0,0,0,0.0,미상,미상,미상,미상,미상
부의장별,부의장 별,6,0,0,0,0,0.0,미상,미상,미상,미상,미상
부의장수정함.,부의장 수정함.,6,0,0,0,0,0.0,미상,미상,미상,미상,미상
부의장제2조,부의장 제2조,6,0,0,0,0,0.0,미상,미상,미상,미상,미상
사무관장창종,사무관 장창종,6,0,0,0,0,0.0,미상,미상,미상,미상,미상
사무관조성창,사무관 조성창,6,0,0,0,0,0.0,미상,미상,미상,미상,미상
사무관허준,사무관 허준,6,0,0,0,0,0.0,미상,미상,미상,미상,미상
서기관박노위,서기관 박노위,6,0,0,0,0,0.0,미상,미상,미상,미상,미상
서울대학교문리과대학장김준섭,서울대학교문리과대학장 김준섭,6,0,0,0,0,0.0,미상,미상,미상,미상,미상
소위원장강문봉,소위원장 강문봉,6,0,0,0,0,0.0,민정당,미상,남,재선,전국구
소위원장류광현,소위원장 류광현,6,0,0,0,0,0.0,미상,미상,미상,미상,미상
소위원장오상직,소위원장 오상직,6,0,0,0,0,0.0,민주공화당,경북 의성,남,재선,지역구
외무부의전국의전과장박상두,외무부의전국의전과장 박상두,6,0,0,0,0,0.0,미상,미상,미상,미상,미상
이사최갑수,이사 최갑수,6,0,0,0,0,0.0,미상,미상,미상,미상,미상
임시위원장김종호,임시위원장 김종호,6,0,0,0,0,0.0,민주공화당,"강원 속초시,고성,양양",남,재선,지역구
임시위원장조일환,임시위원장 조일환,6,0,0,0,0,0.0,신민당,"경북 대구시,북,서구",남,4선,지역구
재무부징세과장이택영,재무부징세과장 이택영,6,0,0,0,0,0.0,미상,미상,미상,미상,미상
전매청조달과운수계장채경식,전매청조달과운수계장 채경식,6,0,0,0,0,0.0,미상,미상,미상,미상,미상
전주지방검찰청남원지청장김병하,전주지방검찰청남원지청장 김병하,6,0,0,0,0,0.0,미상,미상,미상,미상,미상
조사과장설찬수,조사과장 설찬수,6,0,0,0,0,0.0,미상,미상,미상,미상,미상
증인김동철,증인 김동철,6,0,0,0,0,0.0,미상,미상,미상,미상,미상
증인김재명,증인 김재명,6,0,0,0,0,0.0,미상,미상,미상,미상,미상
증인노창서,증인 노창서,6,0,0,0,0,0.0,미상,미상,미상,미상,미상
증인민용배,증인 민용배,6,0,0,0,0,0.0,미상,미상,미상,미상,미상
증인박현규,증인 박현규,6,0,0,0,0,0.0,미상,미상,미상,미상,미상
증인이정현,증인 이정현,6,0,0,0,0,0.0,미상,미상,미상,미상,미상
참고인조태형,참고인 조태형,6,0,0,0,0,0.0,미상,미상,미상,미상,미상
한국마사회상임이사이두남,한국마사회상임이사 이두남,6,0,0,0,0,0.0,미상,미상,미상,미상,미상
한국제련총무이사조인복,한국제련총무이사 조인복,6,0,0,0,0,0.0,미상,미상,미상,미상,미상
행정실장허준,행정실장 허준,6,0,0,0,0,0.0,미상,미상,미상,미상,미상
강원도지방과장이석봉,강원도지방과장 이석봉,5,0,0,0,0,0.0,미상,미상,미상,미상,미상
건설부수자원국장김용석,건설부수자원국장 김용석,5,0,0,0,0,0.0,미상,미상,미상,미상,미상
관세청차장최운지,관세청차장 최운지,5,0,0,0,0,0.0,미상,미상,미상,미상,미상
교통부육운국장정춘택,교통부육운국장 정춘택,5,0,0,0,0,0.0,미상,미상,미상,미상,미상
국립농산물검사소대구지소장김진태,국립농산물검사소대구지소장 김진태,5,0,0,0,0,0.0,미상,미상,미상,미상,미상
국립동물검역소장임윤희,국립동물검역소장 임윤희,5,0,0,0,0,0.0,미상,미상,미상,미상,미상
국제관광공사사장김일환,국제관광공사사장 김일환,5,0,0,0,0,0.0,미상,미상,미상,미상,미상
기획관리관오세영,기획관리관 오세영,5,0,0,0,0,0.0,미상,미상,미상,미상,미상
김병삼처장,김병삼 처장,5,0,0,0,0,0.0,미상,미상,미상,미상,미상
김상현의원(위원,김상현 의원(위원,5,0,0,0,0,0.0,민중당,서울 서대문구갑,남,6선,지역구
반장대리권오석,반장대리 권오석,5,0,0,0,0,0.0,민주공화당,경기 화성,남,재선,지역구
반장대리김녹영,반장대리 김녹영,5,0,0,0,0,0.0,신민당,전남 광주을,남,4선,지역구
반장대리박찬,반장대리 박찬,5,0,0,0,0,0.0,민정당,충남 공주,남,3선,지역구
반장대리이만섭,반장대리 이만섭,5,0,0,0,0,0.0,민주공화당,"경북 대구시,중구",남,8선,지역구
반장대리이우현,반장대리 이우현,5,0,0,0,0,0.0,민주공화당,"강원 횡성,평창군",남,재선,지역구
반장대리이해원,반장대리 이해원,5,0,0,0,0,0.0,민주공화당,"충북 제원,단양",남,4선,지역구
반장대리한병기,반장대리 한병기,5,0,0,0,0,0.0,민주공화당,"강원 속초시,고성,양양",남,초선,지역구
법무부장관제안이유,법무부장관 제안이유,5,0,0,0,0,0.0,미상,미상,미상,미상,미상
보사부장관정희섭,보사부장관 정희섭,5,0,0,0,0,0.0,미상,미상,미상,미상,미상
부산국립수산진흥원장한신현,부산국립수산진흥원장 한신현,5,0,0,0,0,0.0,미상,미상,미상,미상,미상
부산직할시상공국장옥성선,부산직할시상공국장 옥성선,5,0,0,0,0,0.0,미상,미상,미상,미상,미상
부의장무수정,부의장 무수정,5,0,0,0,0,0.0,미상,미상,미상,미상,미상
부의장본,부의장 본,5,0,0,0,0,0.0,미상,미상,미상,미상,미상
부의장부칙,부의장 부칙,5,0,0,0,0,0.0,미상,미상,미상,미상,미상
부의장우선,부의장 우선,5,0,0,0,0,0.0,미상,미상,미상,미상,미상
부의장이상,부의장 이상,5,0,0,0,0,0.0,미상,미상,미상,미상,미상
부의장좋을,부의장 좋을,5,0,0,0,0,0.0,미상,미상,미상,미상,미상
부이사관박종일,부이사관 박종일,5,0,0,0,0,0.0,미상,미상,미상,미상,미상
부이사관윤동보,부이사관 윤동보,5,0,0,0,0,0.0,미상,미상,미상,미상,미상
부이사관한원조,부이사관 한원조,5,0,0,0,0,0.0,미상,미상,미상,미상,미상
사무차관김상기,사무차관 김상기,5,0,0,0,0,0.0,미상,미상,미상,미상,미상
서기관명의식,서기관 명의식,5,0,0,0,0,0.0,미상,미상,미상,미상,미상
서기관유만형,서기관 유만형,5,0,0,0,0,0.0,미상,미상,미상,미상,미상
서울세관세무국장정만인,서울세관세무국장 정만인,5,0,0,0,0,0.0,미상,미상,미상,미상,미상
서울특별시교육위원회학무국장이규현,서울특별시교육위원회학무국장 이규현,5,0,0,0,0,0.0,미상,미상,미상,미상,미상
서울특별시인사과장임종원,서울특별시인사과장 임종원,5,0,0,0,0,0.0,미상,미상,미상,미상,미상
외무부특수지역연구관이수우,외무부특수지역연구관 이수우,5,0,0,0,0,0.0,미상,미상,미상,미상,미상
운영위길대령,운영위 길대령,5,0,0,0,0,0.0,미상,미상,미상,미상,미상
울산정유공장공장장W.W.FINLEY,울산정유공장공장장 W.W.FINLEY,5,0,0,0,0,0.0,미상,미상,미상,미상,미상
위원장대리김인,위원장대리 김인,5,0,0,0,0,0.0,민주공화당,경북 상주,남,초선,지역구
위원장대리서범석,위원장대리 서범석,5,0,0,0,0,0.0,신민당,서울 성북구을,남,6선,지역구
위원장대리양순직,위원장대리 양순직,5,0,0,0,0,0.0,민주공화당,충남 논산,남,3선,지역구
위원장대리조윤형,위원장대리 조윤형,5,0,0,0,0,0.0,민정당,서울 성북구갑,남,6선,지역구
위원장대리편용호,위원장대리 편용호,5,0,0,0,0,0.0,신민당,미상,남,재선,전국구
유성범위원,유성범 위원,5,0,0,0,0,0.0,신민당,미상,남,초선,전국구
이사이만기,이사 이만기,5,0,0,0,0,0.0,미상,미상,미상,미상,미상
임시의장최희송,임시의장 최희송,5,0,0,0,0,0.0,민주공화당,미상,남,4선,전국구
재무부세제국세제제2과장박준규,재무부세제국세제제2과장 박준규,5,0,0,0,0,0.0,민주공화당,서울 성동구을,남,9선,지역구
전라남도내무국장장형태,전라남도내무국장 장형태,5,0,0,0,0,0.0,미상,미상,미상,미상,미상
전라북도경찰국보안과장전재곤,전라북도경찰국보안과장 전재곤,5,0,0,0,0,0.0,미상,미상,미상,미상,미상
증인권오경,증인 권오경,5,0,0,0,0,0.0,미상,미상,미상,미상,미상
증인이강석,증인 이강석,5,0,0,0,0,0.0,미상,미상,미상,미상,미상
증인한태연,증인 한태연,5,0,0,0,0,0.0,민주공화당,미상,남,3선,전국구
참고인황말선,참고인 황말선,5,0,0,0,0,0.0,미상,미상,미상,미상,미상
참석자,참석자,5,0,0,0,0,0.0,미상,미상,미상,미상,미상
철도청운수국장홍성복,철도청운수국장 홍성복,5,0,0,0,0,0.0,미상,미상,미상,미상,미상
청원인한복완,청원인 한복완,5,0,0,0,0,0.0,미상,미상,미상,미상,미상
청주지방법원장이종표,청주지방법원장 이종표,5,0,0,0,0,0.0,미상,미상,미상,미상,미상
출석의원(21인),출석 의원(21인),5,0,0,0,0,0.0,미상,미상,미상,미상,미상
출석의원(23인),출석 의원(23인),5,0,0,0,0,0.0,미상,미상,미상,미상,미상
치안국장최두열,치안국장 최두열,5,0,0,0,0,0.0,미상,미상,미상,미상,미상
한국냉장주식회사사장김영진,한국냉장주식회사사장 김영진,5,0,0,0,0,0.0,미상,미상,미상,미상,미상
한국산업은행이사배민홍,한국산업은행이사 배민홍,5,0,0,0,0,0.0,미상,미상,미상,미상,미상
한국외환은행전무이사정원훈,한국외환은행전무이사 정원훈,5,0,0,0,0,0.0,미상,미상,미상,미상,미상
한국해양대학교연습과장김기현,한국해양대학교연습과장 김기현,5,0,0,0,0,0.0,미상,미상,미상,미상,미상
해군참모총장김영관,해군참모총장 김영관,5,0,0,0,0,0.0,미상,미상,미상,미상,미상
TV방송국장김진영,TV방송국장 김진영,4,0,0,0,0,0.0,미상,미상,미상,미상,미상
감사반장대리이원우,감사반장대리 이원우,4,0,0,0,0,0.0,민주공화당,경북 영천,남,초선,지역구
강생회경리과장박지환,강생회경리과장 박지환,4,0,0,0,0,0.0,미상,미상,미상,미상,미상
건설부도로국장윤상옥,건설부도로국장 윤상옥,4,0,0,0,0,0.0,미상,미상,미상,미상,미상
건설부수자원국장박문영,건설부수자원국장 박문영,4,0,0,0,0,0.0,미상,미상,미상,미상,미상
경기도건설국장이석군,경기도건설국장 이석군,4,0,0,0,0,0.0,미상,미상,미상,미상,미상
경상남도부지사양탁식,경상남도부지사 양탁식,4,0,0,0,0,0.0,미상,미상,미상,미상,미상
경상북도내무국장최태진,경상북도내무국장 최태진,4,0,0,0,0,0.0,미상,미상,미상,미상,미상
경위과장서리황재동,경위과장서리 황재동,4,0,0,0,0,0.0,미상,미상,미상,미상,미상
경제기획원부원장제안이유,경제기획원부원장 제안이유,4,0,0,0,0,0.0,미상,미상,미상,미상,미상
공보부방송관리국장민유동,공보부방송관리국장 민유동,4,0,0,0,0,0.0,미상,미상,미상,미상,미상
곽상수고문,곽상수 고문,4,0,0,0,0,0.0,미상,미상,미상,미상,미상
관광운수국장이규효,관광운수국장 이규효,4,0,0,0,0,0.0,미상,미상,미상,미상,미상
교통부기술과장이복구,교통부기술과장 이복구,4,0,0,0,0,0.0,미상,미상,미상,미상,미상
교통부차관제안이유,교통부차관 제안이유,4,0,0,0,0,0.0,미상,미상,미상,미상,미상
교통부해운국장이원옥,교통부해운국장 이원옥,4,0,0,0,0,0.0,미상,미상,미상,미상,미상
국립농산물검사소경상남도소장정광학,국립농산물검사소경상남도소장 정광학,4,0,0,0,0,0.0,미상,미상,미상,미상,미상
국립농산물검사소서울지소장윤종연,국립농산물검사소서울지소장 윤종연,4,0,0,0,0,0.0,미상,미상,미상,미상,미상
국립농산물검사소전주지소장민태병,국립농산물검사소전주지소장 민태병,4,0,0,0,0,0.0,미상,미상,미상,미상,미상
국립수산진흥원목포지원장황호정,국립수산진흥원목포지원장 황호정,4,0,0,0,0,0.0,미상,미상,미상,미상,미상
국세청직세국장배숙,국세청직세국장 배숙,4,0,0,0,0,0.0,미상,미상,미상,미상,미상
국정교과서주식회사기획관리실장노용섭,국정교과서주식회사기획관리실장 노용섭,4,0,0,0,0,0.0,미상,미상,미상,미상,미상
기획조정관제안설명.,기획조정관 제안설명.,4,0,0,0,0,0.0,미상,미상,미상,미상,미상
김기봉대령,김기봉 대령,4,0,0,0,0,0.0,미상,미상,미상,미상,미상
김대중의원(위원,김대중 의원(위원,4,0,0,0,0,0.0,민주당,전남 목포,남,6선,지역구
김익기의원(계속),김익기 의원(계속),4,0,0,0,0,0.0,신민당,미상,남,5선,전국구
김종순위원,김종순 위원,4,0,0,0,0,0.0,미상,미상,미상,미상,미상
내무부기획관리실장이환의,내무부기획관리실장 이환의,4,0,0,0,0,0.0,미상,미상,미상,미상,미상
내무부차관이계순,내무부차관 이계순,4,0,0,0,0,0.0,미상,미상,미상,미상,미상
내무부치안국경비과해경계장주사원,내무부치안국경비과해경계장 주사원,4,0,0,0,0,0.0,미상,미상,미상,미상,미상
내무부치안국소방과장최운택,내무부치안국소방과장 최운택,4,0,0,0,0,0.0,미상,미상,미상,미상,미상
농업진흥공사강원도지사장박노윤,농업진흥공사강원도지사장 박노윤,4,0,0,0,0,0.0,미상,미상,미상,미상,미상
농촌진흥원경상북도지부지도과장정용석,농촌진흥원경상북도지부지도과장 정용석,4,0,0,0,0,0.0,미상,미상,미상,미상,미상
농촌진흥청시험국장채관식,농촌진흥청시험국장 채관식,4,0,0,0,0,0.0,미상,미상,미상,미상,미상
대한중석광업주식회사총무부장최정렬,대한중석광업주식회사총무부장 최정렬,4,0,0,0,0,0.0,미상,미상,미상,미상,미상
대한해운공사전무김충남,대한해운공사전무 김충남,4,0,0,0,0,0.0,미상,미상,미상,미상,미상
동진농지개량조합장이동원,동진농지개량조합장 이동원,4,0,0,0,0,0.0,민주공화당,미상,남,4선,전국구
무임소장관김용식(계속),무임소장관 김용식(계속),4,0,0,0,0,0.0,미상,미상,미상,미상,미상
문교공보위원장대리오주환,문교공보위원장대리 오주환,4,0,0,0,0,0.0,유신정우회,미상,남,초선,통일주체국민회의
반장대리김경인,반장대리 김경인,4,0,0,0,0,0.0,신민당,전남 목포,남,재선,지역구
반장대리김상현,반장대리 김상현,4,0,0,0,0,0.0,신민당,미상,남,6선,전국구
반장대리김용순,반장대리 김용순,4,0,0,0,0,0.0,민주공화당,"경남 사천,하동,삼천포",남,재선,지역구
반장대리성낙현,반장대리 성낙현,4,0,0,0,0,0.0,신민당,경남 창녕군,남,재선,지역구
반장대리이병주,반장대리 이병주,4,0,0,0,0,0.0,민주공화당,미상,남,3선,전국구
반장대리이원만,반장대리 이원만,4,0,0,0,0,0.0,민주공화당,"경북 대구시,동구",남,3선,지역구
반장대리이원우,반장대리 이원우,4,0,0,0,0,0.0,민주공화당,경북 영천,남,초선,지역구
법무부장관민복기(계속),법무부장관 민복기(계속),4,0,0,0,0,0.0,미상,미상,미상,미상,미상
보사부차관제안이유,보사부차관 제안이유,4,0,0,0,0,0.0,미상,미상,미상,미상,미상
부산시교육위원회학무국장노은식,부산시교육위원회학무국장 노은식,4,0,0,0,0,0.0,미상,미상,미상,미상,미상
부의장삭제하는데,부의장 삭제하는데,4,0,0,0,0,0.0,미상,미상,미상,미상,미상
부의장수정,부의장 수정,4,0,0,0,0,0.0,미상,미상,미상,미상,미상
부의장왜,부의장 왜,4,0,0,0,0,0.0,미상,미상,미상,미상,미상
부의장제2조의,부의장 제2조의,4,0,0,0,0,0.0,미상,미상,미상,미상,미상
부의장제3조의,부의장 제3조의,4,0,0,0,0,0.0,미상,미상,미상,미상,미상
부의장제9조,부의장 제9조,4,0,0,0,0,0.0,미상,미상,미상,미상,미상
사무관김호영,사무관 김호영,4,0,0,0,0,0.0,미상,미상,미상,미상,미상
사무관명선식,사무관 명선식,4,0,0,0,0,0.0,미상,미상,미상,미상,미상
사무관서태석,사무관 서태석,4,0,0,0,0,0.0,미상,미상,미상,미상,미상
삼비사장김용환,삼비사장 김용환,4,0,0,0,0,0.0,미상,미상,미상,미상,미상
상공부상역국장정민길,상공부상역국장 정민길,4,0,0,0,0,0.0,미상,미상,미상,미상,미상
상공부차관설명,상공부차관 설명,4,0,0,0,0,0.0,미상,미상,미상,미상,미상
상공부특허국장대리김경식,상공부특허국장대리 김경식,4,0,0,0,0,0.0,미상,미상,미상,미상,미상
상공부표준국장이상섭,상공부표준국장 이상섭,4,0,0,0,0,0.0,미상,미상,미상,미상,미상
서기관박금병,서기관 박금병,4,0,0,0,0,0.0,미상,미상,미상,미상,미상
서기관이구원,서기관 이구원,4,0,0,0,0,0.0,미상,미상,미상,미상,미상
서민호의원(계속),서민호 의원(계속),4,0,0,0,0,0.0,자유민주당,서울 용산구,남,4선,지역구
서울대학교부총장한심석,서울대학교부총장 한심석,4,0,0,0,0,0.0,미상,미상,미상,미상,미상
서울지방국세청장나오연,서울지방국세청장 나오연,4,0,0,0,0,0.0,미상,미상,미상,미상,미상
서울지방국세청징세조사국장송변성,서울지방국세청징세조사국장 송변성,4,0,0,0,0,0.0,미상,미상,미상,미상,미상
서울특별시기획관리실장손석모,서울특별시기획관리실장 손석모,4,0,0,0,0,0.0,미상,미상,미상,미상,미상
서울특별시청소국장김영제,서울특별시청소국장 김영제,4,0,0,0,0,0.0,미상,미상,미상,미상,미상
성고문,성 고문,4,0,0,0,0,0.0,미상,미상,미상,미상,미상
송찬호위원,송찬호 위원,4,0,0,0,0,0.0,미상,미상,미상,미상,미상
외교연구원상임위원김창훈,외교연구원상임위원 김창훈,4,0,0,0,0,0.0,미상,미상,미상,미상,미상
울산정유공장공장장Mr.C.C.Booth,울산정유공장공장장 Mr.C.C.Booth,4,0,0,0,0,0.0,미상,미상,미상,미상,미상
위원장대리이진용,위원장대리 이진용,4,0,0,0,0,0.0,민주공화당,"경기 의정부시,양주군",남,재선,지역구
의장장도영,의장 장도영,4,0,0,0,0,0.0,미상,미상,미상,미상,미상
의장직무대행정일형,의장직무대행 정일형,4,0,0,0,0,0.0,신민당,"서울 종로,중구",남,8선,지역구
이사관원환현,이사관 원환현,4,0,0,0,0,0.0,미상,미상,미상,미상,미상
임시위원장김응주,임시위원장 김응주,4,0,0,0,0,0.0,신민당,부산 중구,남,4선,지역구
임시위원장소선규,임시위원장 소선규,4,0,0,0,0,0.0,무소속,미상,남,4선,전국구
재무부국고국장직무대리김영일,재무부국고국장직무대리 김영일,4,0,0,0,0,0.0,미상,미상,미상,미상,미상
전남대학교사무국장이재수,전남대학교사무국장 이재수,4,0,0,0,0,0.0,미상,미상,미상,미상,미상
전매청차장손병일,전매청차장 손병일,4,0,0,0,0,0.0,미상,미상,미상,미상,미상
전무이사서정국,전무이사 서정국,4,0,0,0,0,0.0,미상,미상,미상,미상,미상
전주시장엄병건,전주시장 엄병건,4,0,0,0,0,0.0,미상,미상,미상,미상,미상
제2소위원장황인원,제2소위원장 황인원,4,0,0,0,0,0.0,신민당,"경기 파주,고양군",남,재선,지역구
조남철의원(위원,조남철 의원(위원,4,0,0,0,0,0.0,민주공화당,미상,남,초선,전국구
중앙수산물검사소소장유석재,중앙수산물검사소소장 유석재,4,0,0,0,0,0.0,미상,미상,미상,미상,미상
중앙해난심판위원장김정현,중앙해난심판위원장 김정현,4,0,0,0,0,0.0,미상,미상,미상,미상,미상
증인김무겸,증인 김무겸,4,0,0,0,0,0.0,미상,미상,미상,미상,미상
증인예춘호,증인 예춘호,4,0,0,0,0,0.0,민주공화당,부산 영도구,남,3선,지역구
참고인유태영,참고인 유태영,4,0,0,0,0,0.0,미상,미상,미상,미상,미상
참고인정인승,참고인 정인승,4,0,0,0,0,0.0,미상,미상,미상,미상,미상
참고인한기태,참고인 한기태,4,0,0,0,0,0.0,미상,미상,미상,미상,미상
철도청기획관리담당관윤종혁,철도청기획관리담당관 윤종혁,4,0,0,0,0,0.0,미상,미상,미상,미상,미상
철도청운수국장김광현,철도청운수국장 김광현,4,0,0,0,0,0.0,미상,미상,미상,미상,미상
총무부장차갑준,총무부장 차갑준,4,0,0,0,0,0.0,미상,미상,미상,미상,미상
출석의원(20인),출석 의원(20인),4,0,0,0,0,0.0,미상,미상,미상,미상,미상
출석의원(전원),출석 의원(전원),4,0,0,0,0,0.0,미상,미상,미상,미상,미상
충청북도경찰국장김재연,충청북도경찰국장 김재연,4,0,0,0,0,0.0,미상,미상,미상,미상,미상
충청북도경찰국장안갑준,충청북도경찰국장 안갑준,4,0,0,0,0,0.0,미상,미상,미상,미상,미상
치안국장이소동,치안국장 이소동,4,0,0,0,0,0.0,미상,미상,미상,미상,미상
토련강원도지부장김광철,토련강원도지부장 김광철,4,0,0,0,0,0.0,미상,미상,미상,미상,미상
토지개량조합연합회경상남도지부장박노윤,토지개량조합연합회경상남도지부장 박노윤,4,0,0,0,0,0.0,미상,미상,미상,미상,미상
토지개량조합연합회전라남도지부장정창주,토지개량조합연합회전라남도지부장 정창주,4,0,0,0,0,0.0,미상,미상,미상,미상,미상
한국광업제련공사기술이사이승욱,한국광업제련공사기술이사 이승욱,4,0,0,0,0,0.0,미상,미상,미상,미상,미상
한국은행부총재민영훈,한국은행부총재 민영훈,4,0,0,0,0,0.0,미상,미상,미상,미상,미상
한국전력주식회사부사장심이섭,한국전력주식회사부사장 심이섭,4,0,0,0,0,0.0,미상,미상,미상,미상,미상
한국조폐공사관리담당이사김운숙,한국조폐공사관리담당이사 김운숙,4,0,0,0,0,0.0,미상,미상,미상,미상,미상
한국증권거래소이사장이동수,한국증권거래소이사장 이동수,4,0,0,0,0,0.0,미상,미상,미상,미상,미상
행정서기관윤영탁,행정서기관 윤영탁,4,0,0,0,0,0.0,미상,미상,미상,미상,미상
행정서기관하대돈,행정서기관 하대돈,4,0,0,0,0,0.0,미상,미상,미상,미상,미상
홍익회회장정인화,홍익회회장 정인화,4,0,0,0,0,0.0,미상,미상,미상,미상,미상
회부된의안,회부된 의안,4,0,0,0,0,0.0,미상,미상,미상,미상,미상
각위원이의,각위원 이의,3,0,0,0,0,0.0,미상,미상,미상,미상,미상
간세과장정희철,간세과장 정희철,3,0,0,0,0,0.0,미상,미상,미상,미상,미상
강원도양정과장원낙희,강원도양정과장 원낙희,3,0,0,0,0,0.0,미상,미상,미상,미상,미상
건설과장정동우,건설과장 정동우,3,0,0,0,0,0.0,미상,미상,미상,미상,미상
건설연구소장김병옥,건설연구소장 김병옥,3,0,0,0,0,0.0,미상,미상,미상,미상,미상
경리부장강을식,경리부장 강을식,3,0,0,0,0,0.0,미상,미상,미상,미상,미상
경상북도건설과장차종박,경상북도건설과장 차종박,3,0,0,0,0,0.0,미상,미상,미상,미상,미상
경상북도경찰국장이종학,경상북도경찰국장 이종학,3,0,0,0,0,0.0,미상,미상,미상,미상,미상
공군참모총장김두만,공군참모총장 김두만,3,0,0,0,0,0.0,미상,미상,미상,미상,미상
공보부문화선전국장홍경모,공보부문화선전국장 홍경모,3,0,0,0,0,0.0,미상,미상,미상,미상,미상
광화문세무서장김수석,광화문세무서장 김수석,3,0,0,0,0,0.0,미상,미상,미상,미상,미상
국가안전보장회의상임위원배덕진,국가안전보장회의상임위원 배덕진,3,0,0,0,0,0.0,미상,미상,미상,미상,미상
국립농산물검사소대전지소장정수곤,국립농산물검사소대전지소장 정수곤,3,0,0,0,0,0.0,미상,미상,미상,미상,미상
국립농업자재검사소장이재용,국립농업자재검사소장 이재용,3,0,0,0,0,0.0,미상,미상,미상,미상,미상
국립수산진흥원남해구시험소장황호정,국립수산진흥원남해구시험소장 황호정,3,0,0,0,0,0.0,미상,미상,미상,미상,미상
국무총리백두진,국무총리 백두진,3,0,0,0,0,0.0,민주공화당,미상,남,5선,전국구
국방부합동조사대장대령,국방부합동조사대장 대령,3,0,0,0,0,0.0,미상,미상,미상,미상,미상
국방위원장대리이동진,국방위원장대리 이동진,3,0,0,0,0,0.0,민주공화당,충북 영동군,남,3선,지역구
국제관광공사이사윤석균,국제관광공사이사 윤석균,3,0,0,0,0,0.0,미상,미상,미상,미상,미상
국제교환과장차명수,국제교환과장 차명수,3,0,0,0,0,0.0,미상,미상,미상,미상,미상
국토통일원장관신도성,국토통일원장관 신도성,3,0,0,0,0,0.0,미상,미상,미상,미상,미상
국회운영위원회전문위원이호진,국회운영위원회전문위원 이호진,3,0,0,0,0,0.0,미상,미상,미상,미상,미상
기획관리실장권경복,기획관리실장 권경복,3,0,0,0,0,0.0,미상,미상,미상,미상,미상
김동환의원,김동환 의원,3,0,0,0,0,0.0,민주공화당,미상,남,재선,전국구
내무부지방세과세제계장김완종,내무부지방세과세제계장 김완종,3,0,0,0,0,0.0,미상,미상,미상,미상,미상
내무부치안국경비과장장동식,내무부치안국경비과장 장동식,3,0,0,0,0,0.0,미상,미상,미상,미상,미상
내무위원장대리김영병,내무위원장대리 김영병,3,0,0,0,0,0.0,민주공화당,"경남 양산,김해",남,재선,지역구
노진환위원,노진환 위원,3,0,0,0,0,0.0,민주공화당,미상,남,재선,전국구
농림부장관제안이유,농림부장관 제안이유,3,0,0,0,0,0.0,미상,미상,미상,미상,미상
대구지방검찰청검사장김덕문,대구지방검찰청검사장 김덕문,3,0,0,0,0,0.0,미상,미상,미상,미상,미상
대전지방원호청장김정준,대전지방원호청장 김정준,3,0,0,0,0,0.0,미상,미상,미상,미상,미상
대한산림조합연합회전라남도지부장현홍진,대한산림조합연합회전라남도지부장 현홍진,3,0,0,0,0,0.0,미상,미상,미상,미상,미상
대한산림조합연합회충청남도지부장신태희,대한산림조합연합회충청남도지부장 신태희,3,0,0,0,0,0.0,미상,미상,미상,미상,미상
대한석탄공사영업이사선우길영,대한석탄공사영업이사 선우길영,3,0,0,0,0,0.0,미상,미상,미상,미상,미상
대한손해재보험공사사장정규황,대한손해재보험공사사장 정규황,3,0,0,0,0,0.0,미상,미상,미상,미상,미상
대한조선공사사장그,대한조선공사사장 그,3,0,0,0,0,0.0,미상,미상,미상,미상,미상
대한준설공사상임감사이찬영,대한준설공사상임감사 이찬영,3,0,0,0,0,0.0,미상,미상,미상,미상,미상
대한항공공사기획담임이교성,대한항공공사기획담임 이교성,3,0,0,0,0,0.0,미상,미상,미상,미상,미상
대한해운공사상무이사정철균,대한해운공사상무이사 정철균,3,0,0,0,0,0.0,미상,미상,미상,미상,미상
도로국장이열진,도로국장 이열진,3,0,0,0,0,0.0,미상,미상,미상,미상,미상
문교공보위원장대리신옥철,문교공보위원장대리 신옥철,3,0,0,0,0,0.0,민주공화당,"강원 춘천,춘성",남,초선,지역구
문교부고등교육국장이종환,문교부고등교육국장 이종환,3,0,0,0,0,0.0,미상,미상,미상,미상,미상
문교부고등교육국장조병욱,문교부고등교육국장 조병욱,3,0,0,0,0,0.0,미상,미상,미상,미상,미상
문교부편수국장이철희,문교부편수국장 이철희,3,0,0,0,0,0.0,미상,미상,미상,미상,미상
민정당원내총무서범석,민정당원내총무 서범석,3,0,0,0,0,0.0,민정당,서울 성북구을,남,6선,지역구
박한상의원(위원,박한상 의원(위원,3,0,0,0,0,0.0,신민당,서울 영등포구을,남,6선,지역구
반장대리강상욱,반장대리 강상욱,3,0,0,0,0,0.0,민주공화당,미상,남,재선,전국구
반장대리김응주,반장대리 김응주,3,0,0,0,0,0.0,신민당,부산 중구,남,4선,지역구
반장대리차형근,반장대리 차형근,3,0,0,0,0,0.0,민주공화당,"전북 군산시,옥구",남,초선,지역구
반장대리편용호,반장대리 편용호,3,0,0,0,0,0.0,신민당,미상,남,재선,전국구
방사선의학연구소장안치열,방사선의학연구소장 안치열,3,0,0,0,0,0.0,미상,미상,미상,미상,미상
법무부장관황산덕(계속),법무부장관 황산덕(계속),3,0,0,0,0,0.0,미상,미상,미상,미상,미상
법사자문제안이유,법사자문 제안이유,3,0,0,0,0,0.0,미상,미상,미상,미상,미상
법제사법위원장고재필,법제사법위원장 고재필,3,0,0,0,0,0.0,민주공화당,"전남 담양,장성군",남,4선,지역구
법제처장제12조,법제처장 제12조,3,0,0,0,0,0.0,미상,미상,미상,미상,미상
병무국장각,병무국장 각,3,0,0,0,0,0.0,미상,미상,미상,미상,미상
병무청장전부일,병무청장 전부일,3,0,0,0,0,0.0,미상,미상,미상,미상,미상
보건사회부마약과장박경옥,보건사회부마약과장 박경옥,3,0,0,0,0,0.0,미상,미상,미상,미상,미상
보병학교후보생,보병학교 후보생,3,0,0,0,0,0.0,미상,미상,미상,미상,미상
보사부장관그렇게,보사부장관 그렇게,3,0,0,0,0,0.0,미상,미상,미상,미상,미상
부의장각의에서,부의장 각의에서,3,0,0,0,0,0.0,미상,미상,미상,미상,미상
부의장누가,부의장 누가,3,0,0,0,0,0.0,미상,미상,미상,미상,미상
부의장법사위와,부의장 법사위와,3,0,0,0,0,0.0,미상,미상,미상,미상,미상
부의장사실상,부의장 사실상,3,0,0,0,0,0.0,미상,미상,미상,미상,미상
부의장삭제함.,부의장 삭제함.,3,0,0,0,0,0.0,미상,미상,미상,미상,미상
부의장의견이,부의장 의견이,3,0,0,0,0,0.0,미상,미상,미상,미상,미상
부의장제1조에,부의장 제1조에,3,0,0,0,0,0.0,미상,미상,미상,미상,미상
부의장제5조,부의장 제5조,3,0,0,0,0,0.0,미상,미상,미상,미상,미상
부의장좋겠습니다.,부의장 좋겠습니다.,3,0,0,0,0,0.0,미상,미상,미상,미상,미상
부의장지금까지,부의장 지금까지,3,0,0,0,0,0.0,미상,미상,미상,미상,미상
부지사남문희,부지사 남문희,3,0,0,0,0,0.0,미상,미상,미상,미상,미상
사무관명의식,사무관 명의식,3,0,0,0,0,0.0,미상,미상,미상,미상,미상
사무관최동필,사무관 최동필,3,0,0,0,0,0.0,미상,미상,미상,미상,미상
사무관하대돈,사무관 하대돈,3,0,0,0,0,0.0,미상,미상,미상,미상,미상
산림청강릉영림서장김형승,산림청강릉영림서장 김형승,3,0,0,0,0,0.0,미상,미상,미상,미상,미상
상공부계량국장이준구,상공부계량국장 이준구,3,0,0,0,0,0.0,미상,미상,미상,미상,미상
상공부기획조정관구법정리임.,상공부기획조정관 구법정리임.,3,0,0,0,0,0.0,미상,미상,미상,미상,미상
상공부전기국장김연승,상공부전기국장 김연승,3,0,0,0,0,0.0,미상,미상,미상,미상,미상
서울지방국세청광화문세무서장김수석,서울지방국세청광화문세무서장 김수석,3,0,0,0,0,0.0,미상,미상,미상,미상,미상
서울특별시관광운수국장김응준,서울특별시관광운수국장 김응준,3,0,0,0,0,0.0,미상,미상,미상,미상,미상
서울특별시교육위원회중등교육과장학관황철수,서울특별시교육위원회중등교육과장학관 황철수,3,0,0,0,0,0.0,미상,미상,미상,미상,미상
서울특별시교육위원회행정과장신순갑,서울특별시교육위원회행정과장 신순갑,3,0,0,0,0,0.0,미상,미상,미상,미상,미상
서울특별시장윤태일,서울특별시장 윤태일,3,0,0,0,0,0.0,미상,미상,미상,미상,미상
서울특별시청소국장박성식,서울특별시청소국장 박성식,3,0,0,0,0,0.0,미상,미상,미상,미상,미상
선거법등정치관계법특별위원장박준규,선거법등정치관계법특별위원장 박준규,3,0,0,0,0,0.0,민주공화당,서울 성동구을,남,9선,지역구
안동영림서장김용택,안동영림서장 김용택,3,0,0,0,0,0.0,미상,미상,미상,미상,미상
외무부경제협력과장임도규,외무부경제협력과장 임도규,3,0,0,0,0,0.0,미상,미상,미상,미상,미상
외무부구미국장구충회,외무부구미국장 구충회,3,0,0,0,0,0.0,미상,미상,미상,미상,미상
외무부방교국장김종한,외무부방교국장 김종한,3,0,0,0,0,0.0,미상,미상,미상,미상,미상
외무부의전실장정탁순,외무부의전실장 정탁순,3,0,0,0,0,0.0,미상,미상,미상,미상,미상
외무부조약과장오재희,외무부조약과장 오재희,3,0,0,0,0,0.0,미상,미상,미상,미상,미상
외무위원장대리강문봉,외무위원장대리 강문봉,3,0,0,0,0,0.0,민정당,미상,남,재선,전국구
운기위민대령,운기위 민대령,3,0,0,0,0,0.0,미상,미상,미상,미상,미상
운영위원장대리황호현,운영위원장대리 황호현,3,0,0,0,0,0.0,민주공화당,"강원 횡성,평창군",남,3선,지역구
운영위장대령,운영위 장대령,3,0,0,0,0,0.0,미상,미상,미상,미상,미상
울산정유공장사장박원석,울산정유공장사장 박원석,3,0,0,0,0,0.0,미상,미상,미상,미상,미상
위원장대리강승구,위원장대리 강승구,3,0,0,0,0,0.0,신민당,"경기 의정부시,양주군",남,3선,지역구
위원장대리김현기,위원장대리 김현기,3,0,0,0,0,0.0,신민당,"전북 이리시,익산군",남,4선,지역구
위원장대리오세응,위원장대리 오세응,3,0,0,0,0,0.0,신민당,미상,남,7선,전국구
위원장대리이돈해,위원장대리 이돈해,3,0,0,0,0,0.0,민주공화당,"경기 김포,강화",남,초선,지역구
위원장대리이상무,위원장대리 이상무,3,0,0,0,0,0.0,민주공화당,"경북 경주,월성군",남,재선,지역구
위원장대리이해원,위원장대리 이해원,3,0,0,0,0,0.0,민주공화당,"충북 제원,단양",남,4선,지역구
위원장대리장덕진(서울),위원장대리 장덕진(서울),3,0,0,0,0,0.0,민주공화당,서울 영등포구갑,남,초선,지역구
위원장대리조흥만,위원장대리 조흥만,3,0,0,0,0,0.0,신민당,미상,남,초선,전국구
유류조작비,유류조작비,3,0,0,0,0,0.0,미상,미상,미상,미상,미상
유민상자문,유민상 자문,3,0,0,0,0,0.0,미상,미상,미상,미상,미상
육군본부인사참모부장류근창,육군본부인사참모부장 류근창,3,0,0,0,0,0.0,미상,미상,미상,미상,미상
의장고문성교수,의장고문 성교수,3,0,0,0,0,0.0,미상,미상,미상,미상,미상
의장그,의장 그,3,0,0,0,0,0.0,미상,미상,미상,미상,미상
의장지금,의장 지금,3,0,0,0,0,0.0,미상,미상,미상,미상,미상
이병희의원(계속),이병희 의원(계속),3,0,0,0,0,0.0,민주공화당,경기 수원,남,7선,지역구
이사윤당,이사 윤당,3,0,0,0,0,0.0,미상,미상,미상,미상,미상
이재국장김용환,이재국장 김용환,3,0,0,0,0,0.0,미상,미상,미상,미상,미상
이재국장이것은,이재국장 이것은,3,0,0,0,0,0.0,미상,미상,미상,미상,미상
인천중공업주식회사회계부장김정동,인천중공업주식회사회계부장 김정동,3,0,0,0,0,0.0,미상,미상,미상,미상,미상
임시위원장신영주,임시위원장 신영주,3,0,0,0,0,0.0,민주공화당,경남 창녕,남,재선,지역구
임시위원장홍익표,임시위원장 홍익표,3,0,0,0,0,0.0,민주당,"경기 연천,포천,가평군",남,6선,지역구
임시의장이상철,임시의장 이상철,3,0,0,0,0,0.0,국민의당,"충남 청양,홍성군",남,3선,지역구
장기차입금,장기차입금,3,0,0,0,0,0.0,미상,미상,미상,미상,미상
재무부기획조정관구법정리임.,재무부기획조정관 구법정리임.,3,0,0,0,0,0.0,미상,미상,미상,미상,미상
재무부기획조정관제안이유,재무부기획조정관 제안이유,3,0,0,0,0,0.0,미상,미상,미상,미상,미상
재무부세관국감정과장박봉진,재무부세관국감정과장 박봉진,3,0,0,0,0,0.0,미상,미상,미상,미상,미상
재무부이재국증권과장권혁종,재무부이재국증권과장 권혁종,3,0,0,0,0,0.0,미상,미상,미상,미상,미상
재무부차관고범준,재무부차관 고범준,3,0,0,0,0,0.0,미상,미상,미상,미상,미상
전남대학교교학처장김태규,전남대학교교학처장 김태규,3,0,0,0,0,0.0,미상,미상,미상,미상,미상
전남대학교의과대학장조규찬,전남대학교의과대학장 조규찬,3,0,0,0,0,0.0,미상,미상,미상,미상,미상
전문위원,전문위원,3,0,0,0,0,0.0,미상,미상,미상,미상,미상
정당법․선거관계법중개정법률안심사특별위원장대리한태연,정당법․선거관계법중개정법률안심사특별위원장대리 한태연,3,0,0,0,0,0.0,민주공화당,미상,남,3선,전국구
제2군사령부법무참모김영균,제2군사령부법무참모 김영균,3,0,0,0,0,0.0,미상,미상,미상,미상,미상
제3관구사령부법무참모김현국,제3관구사령부법무참모 김현국,3,0,0,0,0,0.0,미상,미상,미상,미상,미상
제주지방법원장이종표,제주지방법원장 이종표,3,0,0,0,0,0.0,미상,미상,미상,미상,미상
조달청내자국장김택훈,조달청내자국장 김택훈,3,0,0,0,0,0.0,미상,미상,미상,미상,미상
조흥은행장문종건,조흥은행장 문종건,3,0,0,0,0,0.0,미상,미상,미상,미상,미상
증인김병영,증인 김병영,3,0,0,0,0,0.0,미상,미상,미상,미상,미상
증인김보현,증인 김보현,3,0,0,0,0,0.0,미상,미상,미상,미상,미상
증인이보형,증인 이보형,3,0,0,0,0,0.0,미상,미상,미상,미상,미상
질의서,질의서,3,0,0,0,0,0.0,미상,미상,미상,미상,미상
차장배숙,차장 배숙,3,0,0,0,0,0.0,미상,미상,미상,미상,미상
참고인김선,참고인 김선,3,0,0,0,0,0.0,미상,미상,미상,미상,미상
참고인김종식,참고인 김종식,3,0,0,0,0,0.0,미상,미상,미상,미상,미상
참고인유지성,참고인 유지성,3,0,0,0,0,0.0,미상,미상,미상,미상,미상
참고인임득진,참고인 임득진,3,0,0,0,0,0.0,미상,미상,미상,미상,미상
철도청기술연구소제4과장김명집,철도청기술연구소제4과장 김명집,3,0,0,0,0,0.0,미상,미상,미상,미상,미상
철도청기획관리관홍면후,철도청기획관리관 홍면후,3,0,0,0,0,0.0,미상,미상,미상,미상,미상
청원이송,청원 이송,3,0,0,0,0,0.0,미상,미상,미상,미상,미상
청주경찰서장정해근,청주경찰서장 정해근,3,0,0,0,0,0.0,미상,미상,미상,미상,미상
체신부기획관리실장최병권,체신부기획관리실장 최병권,3,0,0,0,0,0.0,미상,미상,미상,미상,미상
체신부차관최재호,체신부차관 최재호,3,0,0,0,0,0.0,미상,미상,미상,미상,미상
총무과장배호원,총무과장 배호원,3,0,0,0,0,0.0,미상,미상,미상,미상,미상
총무부장김두우,총무부장 김두우,3,0,0,0,0,0.0,미상,미상,미상,미상,미상
총무부장김홍우,총무부장 김홍우,3,0,0,0,0,0.0,미상,미상,미상,미상,미상
총무처인사국장김상철,총무처인사국장 김상철,3,0,0,0,0,0.0,미상,미상,미상,미상,미상
춘천지방검찰청차장검사이장섭,춘천지방검찰청차장검사 이장섭,3,0,0,0,0,0.0,미상,미상,미상,미상,미상
출석감사위원(24인),출석 감사위원(24인),3,0,0,0,0,0.0,미상,미상,미상,미상,미상
출석감사위원(3인),출석 감사위원(3인),3,0,0,0,0,0.0,미상,미상,미상,미상,미상
출석위원(35인),출석 위원(35인),3,0,0,0,0,0.0,미상,미상,미상,미상,미상
출석의원(16인),출석 의원(16인),3,0,0,0,0,0.0,미상,미상,미상,미상,미상
출석의원(24인),출석 의원(24인),3,0,0,0,0,0.0,미상,미상,미상,미상,미상
출석의원(32인),출석 의원(32인),3,0,0,0,0,0.0,미상,미상,미상,미상,미상
충청북도보건사회국장권희탁,충청북도보건사회국장 권희탁,3,0,0,0,0,0.0,미상,미상,미상,미상,미상
충청북도산업국장류용기,충청북도산업국장 류용기,3,0,0,0,0,0.0,미상,미상,미상,미상,미상
태백산국토건설국장김동한,태백산국토건설국장 김동한,3,0,0,0,0,0.0,미상,미상,미상,미상,미상
토지개량조합연합회전북지부장이성렬,토지개량조합연합회전북지부장 이성렬,3,0,0,0,0,0.0,미상,미상,미상,미상,미상
한국전력주식회사원자력발전소장고중명,한국전력주식회사원자력발전소장 고중명,3,0,0,0,0,0.0,미상,미상,미상,미상,미상
한국조폐공사관리이사김운숙,한국조폐공사관리이사 김운숙,3,0,0,0,0,0.0,미상,미상,미상,미상,미상
한상준의원,한상준 의원,3,0,0,0,0,0.0,민주공화당,"전북 임실군,순창군",남,3선,지역구
합동참모회의본부장서종철,합동참모회의본부장 서종철,3,0,0,0,0,0.0,미상,미상,미상,미상,미상
해양경찰대부대장고윤석,해양경찰대부대장 고윤석,3,0,0,0,0,0.0,미상,미상,미상,미상,미상
행정부이사관김종수,행정부이사관 김종수,3,0,0,0,0,0.0,미상,미상,미상,미상,미상
행정부이사관김철,행정부이사관 김철,3,0,0,0,0,0.0,미상,미상,미상,미상,미상
행정서기관명의식,행정서기관 명의식,3,0,0,0,0,0.0,미상,미상,미상,미상,미상
호남비료주식회사나주공장장김차섭,호남비료주식회사나주공장장 김차섭,3,0,0,0,0,0.0,미상,미상,미상,미상,미상
감사단장이주일,감사단장 이주일,2,0,0,0,0,0.0,미상,미상,미상,미상,미상
감사위원,감사위원,2,0,0,0,0,0.0,미상,미상,미상,미상,미상
감찰위감찰위원윤태환,감찰위감찰위원 윤태환,2,0,0,0,0,0.0,미상,미상,미상,미상,미상
강릉영림서장유달진,강릉영림서장 유달진,2,0,0,0,0,0.0,미상,미상,미상,미상,미상
강원도경찰국장최정주,강원도경찰국장 최정주,2,0,0,0,0,0.0,미상,미상,미상,미상,미상
강원도공보계장이병태,강원도공보계장 이병태,2,0,0,0,0,0.0,미상,미상,미상,미상,미상
강원도교육위원회관리국장김홍근,강원도교육위원회관리국장 김홍근,2,0,0,0,0,0.0,미상,미상,미상,미상,미상
강원도내무국장박종성,강원도내무국장 박종성,2,0,0,0,0,0.0,미상,미상,미상,미상,미상
강원도산업국장김동석,강원도산업국장 김동석,2,0,0,0,0,0.0,미상,미상,미상,미상,미상
건설부기획관리실기획예산담당관이양제,건설부기획관리실기획예산담당관 이양제,2,0,0,0,0,0.0,미상,미상,미상,미상,미상
건설부법무관이상구,건설부법무관 이상구,2,0,0,0,0,0.0,미상,미상,미상,미상,미상
건설부수자원국개발과장황찬박,건설부수자원국개발과장 황찬박,2,0,0,0,0,0.0,미상,미상,미상,미상,미상
검찰총장장영순,검찰총장 장영순,2,0,0,0,0,0.0,미상,미상,미상,미상,미상
경기도경찰국장최정환,경기도경찰국장 최정환,2,0,0,0,0,0.0,미상,미상,미상,미상,미상
경남전신전화건설국장최석환,경남전신전화건설국장 최석환,2,0,0,0,0,0.0,미상,미상,미상,미상,미상
경상남도농촌진흥원장정효근,경상남도농촌진흥원장 정효근,2,0,0,0,0,0.0,미상,미상,미상,미상,미상
경상남도보건사회국장최재영,경상남도보건사회국장 최재영,2,0,0,0,0,0.0,미상,미상,미상,미상,미상
경상남도부지사강수성,경상남도부지사 강수성,2,0,0,0,0,0.0,미상,미상,미상,미상,미상
경상북도공보실장이상배,경상북도공보실장 이상배,2,0,0,0,0,0.0,미상,미상,미상,미상,미상
경상북도교육위원회학무국장김주만,경상북도교육위원회학무국장 김주만,2,0,0,0,0,0.0,미상,미상,미상,미상,미상
경상북도대구시도시계획과장김용태,경상북도대구시도시계획과장 김용태,2,0,0,0,0,0.0,민주공화당,"충남 대덕,연기군",남,5선,지역구
경상북도대구시수도과장박성하,경상북도대구시수도과장 박성하,2,0,0,0,0,0.0,미상,미상,미상,미상,미상
경상북도부지사김무연,경상북도부지사 김무연,2,0,0,0,0,0.0,미상,미상,미상,미상,미상
경제과학심의회위원최규남,경제과학심의회위원 최규남,2,0,0,0,0,0.0,미상,미상,미상,미상,미상
경희대학교재정사무장이근칠,경희대학교재정사무장 이근칠,2,0,0,0,0,0.0,미상,미상,미상,미상,미상
고문및,고문 및,2,0,0,0,0,0.0,미상,미상,미상,미상,미상
고문석자문,고문석 자문,2,0,0,0,0,0.0,미상,미상,미상,미상,미상
고석이설립된,고석이 설립된,2,0,0,0,0,0.0,미상,미상,미상,미상,미상
공보부공보국영화과장김종무,공보부공보국영화과장 김종무,2,0,0,0,0,0.0,미상,미상,미상,미상,미상
공업국장축조낭독.,공업국장 축조낭독.,2,0,0,0,0,0.0,미상,미상,미상,미상,미상
광주교육대학장박재각,광주교육대학장 박재각,2,0,0,0,0,0.0,미상,미상,미상,미상,미상
교무처장서명원,교무처장 서명원,2,0,0,0,0,0.0,미상,미상,미상,미상,미상
교수이창복,교수 이창복,2,0,0,0,0,0.0,미상,미상,미상,미상,미상
교통부경리국장이진구,교통부경리국장 이진구,2,0,0,0,0,0.0,미상,미상,미상,미상,미상
교통부관광국장강호륜,교통부관광국장 강호륜,2,0,0,0,0,0.0,미상,미상,미상,미상,미상
교통부장관박춘식,교통부장관 박춘식,2,0,0,0,0,0.0,미상,미상,미상,미상,미상
교통부해운과장김상진,교통부해운과장 김상진,2,0,0,0,0,0.0,미상,미상,미상,미상,미상
국립건설공무원교육원장최해인,국립건설공무원교육원장 최해인,2,0,0,0,0,0.0,미상,미상,미상,미상,미상
국립광업연구소장정인복,국립광업연구소장 정인복,2,0,0,0,0,0.0,미상,미상,미상,미상,미상
국립농산물검사소강원도춘천지소장고예건,국립농산물검사소강원도춘천지소장 고예건,2,0,0,0,0,0.0,미상,미상,미상,미상,미상
국립농산물검사소경상북도지소장정수곤,국립농산물검사소경상북도지소장 정수곤,2,0,0,0,0,0.0,미상,미상,미상,미상,미상
국립농산물검사소광주지소장김진태,국립농산물검사소광주지소장 김진태,2,0,0,0,0,0.0,미상,미상,미상,미상,미상
국립생사검사소장이왕섭,국립생사검사소장 이왕섭,2,0,0,0,0,0.0,미상,미상,미상,미상,미상
국립수산진흥원장한신욱,국립수산진흥원장 한신욱,2,0,0,0,0,0.0,미상,미상,미상,미상,미상
국립의료원간호과장유순한,국립의료원간호과장 유순한,2,0,0,0,0,0.0,미상,미상,미상,미상,미상
국무총리실총무비서관신성제,국무총리실총무비서관 신성제,2,0,0,0,0,0.0,미상,미상,미상,미상,미상
국방부시설국장최헌희,국방부시설국장 최헌희,2,0,0,0,0,0.0,미상,미상,미상,미상,미상
국방부인사국법무과장오재옥,국방부인사국법무과장 오재옥,2,0,0,0,0,0.0,미상,미상,미상,미상,미상
국방부장관그,국방부장관 그,2,0,0,0,0,0.0,미상,미상,미상,미상,미상
국방연구원장대통령령으로,국방연구원장 대통령령으로,2,0,0,0,0,0.0,미상,미상,미상,미상,미상
국방위원장대리문창탁,국방위원장대리 문창탁,2,0,0,0,0,0.0,민주공화당,미상,남,초선,전국구
국방위원회간사한건수,국방위원회간사 한건수,2,0,0,0,0,0.0,국민의당,충남 예산군,남,4선,지역구
국세청징세국장엄빈,국세청징세국장 엄빈,2,0,0,0,0,0.0,미상,미상,미상,미상,미상
국정교과서주식회사감사이종국,국정교과서주식회사감사 이종국,2,0,0,0,0,0.0,미상,미상,미상,미상,미상
국제관광공사운수사업소장이태구,국제관광공사운수사업소장 이태구,2,0,0,0,0,0.0,미상,미상,미상,미상,미상
국토건설청부청장제안이유,국토건설청부청장 제안이유,2,0,0,0,0,0.0,미상,미상,미상,미상,미상
국토건설청장현재,국토건설청장 현재,2,0,0,0,0,0.0,미상,미상,미상,미상,미상
국회운영위원장대리박주현,국회운영위원장대리 박주현,2,0,0,0,0,0.0,민주공화당,"경북 경산시,청도군",남,재선,지역구
국회입법조사국제4과장김하섭,국회입법조사국제4과장 김하섭,2,0,0,0,0,0.0,미상,미상,미상,미상,미상
군사원호처장윤영모,군사원호처장 윤영모,2,0,0,0,0,0.0,미상,미상,미상,미상,미상
기술연구직,기술연구직,2,0,0,0,0,0.0,미상,미상,미상,미상,미상
기획조정관제안이유,기획조정관 제안이유,2,0,0,0,0,0.0,미상,미상,미상,미상,미상
김규한위원,김규한 위원,2,0,0,0,0,0.0,미상,미상,미상,미상,미상
김명윤의원(계속),김명윤 의원(계속),2,0,0,0,0,0.0,신민당,"강원 강릉,명주,삼척",남,3선,지역구
김옥자의원,김옥자 의원,2,0,0,0,0,0.0,민주공화당,미상,여,재선,전국구
김원만의원(위원,김원만 의원(위원,2,0,0,0,0,0.0,신민당,서울 용산구,남,5선,지역구
내각사무처총무국장,내각사무처 총무국장,2,0,0,0,0,0.0,미상,미상,미상,미상,미상
내무부기획관리실장김덕엽,내무부기획관리실장 김덕엽,2,0,0,0,0,0.0,미상,미상,미상,미상,미상
내무부지방국기획감사과장김수학,내무부지방국기획감사과장 김수학,2,0,0,0,0,0.0,미상,미상,미상,미상,미상
내무부차관제안이유,내무부차관 제안이유,2,0,0,0,0,0.0,미상,미상,미상,미상,미상
내무부치안국기획과장이규섭,내무부치안국기획과장 이규섭,2,0,0,0,0,0.0,미상,미상,미상,미상,미상
노동청충청남도사무소보상과장김헌식,노동청충청남도사무소보상과장 김헌식,2,0,0,0,0,0.0,미상,미상,미상,미상,미상
농검대구지소장김진태,농검대구지소장 김진태,2,0,0,0,0,0.0,미상,미상,미상,미상,미상
농림부농정국장이득룡,농림부농정국장 이득룡,2,0,0,0,0,0.0,미상,미상,미상,미상,미상
농림부농정국장이인우,농림부농정국장 이인우,2,0,0,0,0,0.0,미상,미상,미상,미상,미상
농림부농지국장김승엽,농림부농지국장 김승엽,2,0,0,0,0,0.0,미상,미상,미상,미상,미상
농림부수출진흥관한갑수,농림부수출진흥관 한갑수,2,0,0,0,0,0.0,미상,미상,미상,미상,미상
농림부양정과장배규성,농림부양정과장 배규성,2,0,0,0,0,0.0,미상,미상,미상,미상,미상
농림부차관농림부에서,농림부차관 농림부에서,2,0,0,0,0,0.0,미상,미상,미상,미상,미상
농림차관제안이유,농림차관 제안이유,2,0,0,0,0,0.0,미상,미상,미상,미상,미상
농업진흥공사경북지사장유만규,농업진흥공사경북지사장 유만규,2,0,0,0,0,0.0,미상,미상,미상,미상,미상
농업협동조합중앙회비료과장그런,농업협동조합중앙회비료과장 그런,2,0,0,0,0,0.0,미상,미상,미상,미상,미상
농업협동조합중앙회충청남도지부장윤규중,농업협동조합중앙회충청남도지부장 윤규중,2,0,0,0,0,0.0,미상,미상,미상,미상,미상
농업협동중앙회회장신명순,농업협동중앙회회장 신명순,2,0,0,0,0,0.0,미상,미상,미상,미상,미상
농정국장약,농정국장 약,2,0,0,0,0,0.0,미상,미상,미상,미상,미상
농정국장이미,농정국장 이미,2,0,0,0,0,0.0,미상,미상,미상,미상,미상
농촌진흥청원예시험장장이재영,농촌진흥청원예시험장장 이재영,2,0,0,0,0,0.0,미상,미상,미상,미상,미상
대구고등법원장유재방,대구고등법원장 유재방,2,0,0,0,0,0.0,미상,미상,미상,미상,미상
대구지방검찰청차장검사김종향,대구지방검찰청차장검사 김종향,2,0,0,0,0,0.0,미상,미상,미상,미상,미상
대령송상남,대령 송상남,2,0,0,0,0,0.0,미상,미상,미상,미상,미상
대법원조사과장이한규,대법원조사과장 이한규,2,0,0,0,0,0.0,미상,미상,미상,미상,미상
대통령비서실총무비서관안광호,대통령비서실총무비서관 안광호,2,0,0,0,0,0.0,미상,미상,미상,미상,미상
대한산림조합연합회전북지부장류준태,대한산림조합연합회전북지부장 류준태,2,0,0,0,0,0.0,미상,미상,미상,미상,미상
대한석유공사업무이사송겸호,대한석유공사업무이사 송겸호,2,0,0,0,0,0.0,미상,미상,미상,미상,미상
대한석유공사총무이사정기순,대한석유공사총무이사 정기순,2,0,0,0,0,0.0,미상,미상,미상,미상,미상
대한여행사지배인최재명,대한여행사지배인 최재명,2,0,0,0,0,0.0,미상,미상,미상,미상,미상
대한염업공사생산이사이상린,대한염업공사생산이사 이상린,2,0,0,0,0,0.0,미상,미상,미상,미상,미상
대한조선공사사장그것은,대한조선공사사장 그것은,2,0,0,0,0,0.0,미상,미상,미상,미상,미상
대한조선공사사장그것이,대한조선공사사장 그것이,2,0,0,0,0,0.0,미상,미상,미상,미상,미상
대한조선공사상무김희성,대한조선공사상무 김희성,2,0,0,0,0,0.0,미상,미상,미상,미상,미상
대한조선공사전무이사김승완,대한조선공사전무이사 김승완,2,0,0,0,0,0.0,미상,미상,미상,미상,미상
대한철광주식회사기획실장백운욱,대한철광주식회사기획실장 백운욱,2,0,0,0,0,0.0,미상,미상,미상,미상,미상
대한항공공사사장강성환,대한항공공사사장 강성환,2,0,0,0,0,0.0,미상,미상,미상,미상,미상
대한항공공사장김성환,대한항공공사장 김성환,2,0,0,0,0,0.0,미상,미상,미상,미상,미상
대한해운공사이사박현호,대한해운공사이사 박현호,2,0,0,0,0,0.0,미상,미상,미상,미상,미상
대한해운공사전무이사김충남,대한해운공사전무이사 김충남,2,0,0,0,0,0.0,미상,미상,미상,미상,미상
레이다싸이트,레이다싸이트,2,0,0,0,0,0.0,미상,미상,미상,미상,미상
마달천의원,마달천 의원,2,0,0,0,0,0.0,유신정우회,미상,남,초선,통일주체국민회의
문교공보위원장대리이종순,문교공보위원장대리 이종순,2,0,0,0,0,0.0,민주공화당,부산 동구,남,초선,지역구
문교공보위원장대리정상구,문교공보위원장대리 정상구,2,0,0,0,0,0.0,신민당,부산 진구갑,남,5선,지역구
문교부고등교육국장이상조,문교부고등교육국장 이상조,2,0,0,0,0,0.0,미상,미상,미상,미상,미상
문교부고등교육국장이원설,문교부고등교육국장 이원설,2,0,0,0,0,0.0,미상,미상,미상,미상,미상
문교부기획실장신능순,문교부기획실장 신능순,2,0,0,0,0,0.0,미상,미상,미상,미상,미상
문교부법무관설인수,문교부법무관 설인수,2,0,0,0,0,0.0,미상,미상,미상,미상,미상
문교부보통교육국장직무대리김승제,문교부보통교육국장직무대리 김승제,2,0,0,0,0,0.0,미상,미상,미상,미상,미상
문교부차관최향규,문교부차관 최향규,2,0,0,0,0,0.0,미상,미상,미상,미상,미상
문교부편수관고창식,문교부편수관 고창식,2,0,0,0,0,0.0,미상,미상,미상,미상,미상
문사위황중령,문사위 황중령,2,0,0,0,0,0.0,미상,미상,미상,미상,미상
민중당원내총무김영삼,민중당원내총무 김영삼,2,0,0,0,0,0.0,민정당,부산 서구,남,9선,지역구
박원식위원,박원식 위원,2,0,0,0,0,0.0,미상,미상,미상,미상,미상
박위원장기획위원회,박위원장 기획위원회,2,0,0,0,0,0.0,미상,미상,미상,미상,미상
박위원장통과시키겠습니다.,박위원장 통과시키겠습니다.,2,0,0,0,0,0.0,미상,미상,미상,미상,미상
반장대리권성기,반장대리 권성기,2,0,0,0,0,0.0,민주공화당,경북 봉화,남,재선,지역구
반장대리오상직,반장대리 오상직,2,0,0,0,0,0.0,민주공화당,경북 의성,남,재선,지역구
반장대리최세경,반장대리 최세경,2,0,0,0,0,0.0,민주공화당,경남 삼천포 사천,남,재선,지역구
법무부김용환,법무부 김용환,2,0,0,0,0,0.0,미상,미상,미상,미상,미상
법사위전문위원조병완,법사위전문위원 조병완,2,0,0,0,0,0.0,미상,미상,미상,미상,미상
법사자문위원제안이유,법사자문위원 제안이유,2,0,0,0,0,0.0,미상,미상,미상,미상,미상
법제처장charts에,법제처장 charts에,2,0,0,0,0,0.0,미상,미상,미상,미상,미상
법제처장정진우,법제처장 정진우,2,0,0,0,0,0.0,미상,미상,미상,미상,미상
법제처장제안이유,법제처장 제안이유,2,0,0,0,0,0.0,미상,미상,미상,미상,미상
변우량의원,변우량 의원,2,0,0,0,0,0.0,유신정우회,미상,남,재선,통일주체국민회의
병무국장제36조에,병무국장 제36조에,2,0,0,0,0,0.0,미상,미상,미상,미상,미상
보건사회위원장오준석,보건사회위원장 오준석,2,0,0,0,0,0.0,민주공화당,"경북 영양,울진군",남,4선,지역구
보고,보고,2,0,0,0,0,0.0,미상,미상,미상,미상,미상
보사부장관(축조낭독),보사부장관 (축조낭독),2,0,0,0,0,0.0,미상,미상,미상,미상,미상
보사부장관구법정리임.,보사부장관 구법정리임.,2,0,0,0,0,0.0,미상,미상,미상,미상,미상
보사부장관삭제하겠음.,보사부장관 삭제하겠음.,2,0,0,0,0,0.0,미상,미상,미상,미상,미상
보사부장관수정하겠음.,보사부장관 수정하겠음.,2,0,0,0,0,0.0,미상,미상,미상,미상,미상
보사부장관이의,보사부장관 이의,2,0,0,0,0,0.0,미상,미상,미상,미상,미상
보사부장관현재까지는,보사부장관 현재까지는,2,0,0,0,0,0.0,미상,미상,미상,미상,미상
보사부차관거반,보사부차관 거반,2,0,0,0,0,0.0,미상,미상,미상,미상,미상
부산공작창자재계장이병두,부산공작창자재계장 이병두,2,0,0,0,0,0.0,미상,미상,미상,미상,미상
부산교도소보안과장이경주,부산교도소보안과장 이경주,2,0,0,0,0,0.0,미상,미상,미상,미상,미상
부산시교육위원회관리국장안종태,부산시교육위원회관리국장 안종태,2,0,0,0,0,0.0,미상,미상,미상,미상,미상
부산시부시장장형태,부산시부시장 장형태,2,0,0,0,0,0.0,미상,미상,미상,미상,미상
부산시상공국장이재용,부산시상공국장 이재용,2,0,0,0,0,0.0,미상,미상,미상,미상,미상
부산진세무서장권태호,부산진세무서장 권태호,2,0,0,0,0,0.0,미상,미상,미상,미상,미상
부의장각,부의장 각,2,0,0,0,0,0.0,미상,미상,미상,미상,미상
부의장고문,부의장 고문,2,0,0,0,0,0.0,미상,미상,미상,미상,미상
부의장고문다른,부의장고문 다른,2,0,0,0,0,0.0,미상,미상,미상,미상,미상
부의장고문부칙,부의장고문 부칙,2,0,0,0,0,0.0,미상,미상,미상,미상,미상
부의장고문이정삼,부의장고문 이정삼,2,0,0,0,0,0.0,미상,미상,미상,미상,미상
부의장고문제19조,부의장고문 제19조,2,0,0,0,0,0.0,미상,미상,미상,미상,미상
부의장고문제20조,부의장고문 제20조,2,0,0,0,0,0.0,미상,미상,미상,미상,미상
부의장고문제47조,부의장고문 제47조,2,0,0,0,0,0.0,미상,미상,미상,미상,미상
부의장고문제8조,부의장고문 제8조,2,0,0,0,0,0.0,미상,미상,미상,미상,미상
부의장고문제99조,부의장고문 제99조,2,0,0,0,0,0.0,미상,미상,미상,미상,미상
부의장교체위와,부의장 교체위와,2,0,0,0,0,0.0,미상,미상,미상,미상,미상
부의장군의,부의장 군의,2,0,0,0,0,0.0,미상,미상,미상,미상,미상
부의장내각에서는,부의장 내각에서는,2,0,0,0,0,0.0,미상,미상,미상,미상,미상
부의장내일,부의장 내일,2,0,0,0,0,0.0,미상,미상,미상,미상,미상
부의장두가지,부의장 두가지,2,0,0,0,0,0.0,미상,미상,미상,미상,미상
부의장둘,부의장 둘,2,0,0,0,0,0.0,미상,미상,미상,미상,미상
부의장명칭은,부의장 명칭은,2,0,0,0,0,0.0,미상,미상,미상,미상,미상
부의장법,부의장 법,2,0,0,0,0,0.0,미상,미상,미상,미상,미상
부의장부칙의,부의장 부칙의,2,0,0,0,0,0.0,미상,미상,미상,미상,미상
부의장삭제,부의장 삭제,2,0,0,0,0,0.0,미상,미상,미상,미상,미상
부의장삭제함이,부의장 삭제함이,2,0,0,0,0,0.0,미상,미상,미상,미상,미상
부의장수정하지,부의장 수정하지,2,0,0,0,0,0.0,미상,미상,미상,미상,미상
부의장없애는,부의장 없애는,2,0,0,0,0,0.0,미상,미상,미상,미상,미상
부의장여기에,부의장 여기에,2,0,0,0,0,0.0,미상,미상,미상,미상,미상
부의장오늘,부의장 오늘,2,0,0,0,0,0.0,미상,미상,미상,미상,미상
부의장원칙,부의장 원칙,2,0,0,0,0,0.0,미상,미상,미상,미상,미상
부의장의장께,부의장 의장께,2,0,0,0,0,0.0,미상,미상,미상,미상,미상
부의장의장께서,부의장 의장께서,2,0,0,0,0,0.0,미상,미상,미상,미상,미상
부의장일단,부의장 일단,2,0,0,0,0,0.0,미상,미상,미상,미상,미상
부의장정부에서,부의장 정부에서,2,0,0,0,0,0.0,미상,미상,미상,미상,미상
부의장제14조,부의장 제14조,2,0,0,0,0,0.0,미상,미상,미상,미상,미상
부의장제2조에,부의장 제2조에,2,0,0,0,0,0.0,미상,미상,미상,미상,미상
부의장제4조,부의장 제4조,2,0,0,0,0,0.0,미상,미상,미상,미상,미상
부의장제4조의,부의장 제4조의,2,0,0,0,0,0.0,미상,미상,미상,미상,미상
부의장제6조,부의장 제6조,2,0,0,0,0,0.0,미상,미상,미상,미상,미상
부의장제6조는,부의장 제6조는,2,0,0,0,0,0.0,미상,미상,미상,미상,미상
부의장제7조는,부의장 제7조는,2,0,0,0,0,0.0,미상,미상,미상,미상,미상
부의장좋다고,부의장 좋다고,2,0,0,0,0,0.0,미상,미상,미상,미상,미상
부의장지금,부의장 지금,2,0,0,0,0,0.0,미상,미상,미상,미상,미상
부의장표결에,부의장 표결에,2,0,0,0,0,0.0,미상,미상,미상,미상,미상
부의장필요한,부의장 필요한,2,0,0,0,0,0.0,미상,미상,미상,미상,미상
부의장해당,부의장 해당,2,0,0,0,0,0.0,미상,미상,미상,미상,미상
부의장현,부의장 현,2,0,0,0,0,0.0,미상,미상,미상,미상,미상
부정축재환수위원회사무국장이홍진,부정축재환수위원회사무국장 이홍진,2,0,0,0,0,0.0,미상,미상,미상,미상,미상
사무총국장사실상,사무총국장 사실상,2,0,0,0,0,0.0,미상,미상,미상,미상,미상
사무총장선우종원,사무총장 선우종원,2,0,0,0,0,0.0,미상,미상,미상,미상,미상
사무총장이호진,사무총장 이호진,2,0,0,0,0,0.0,미상,미상,미상,미상,미상
사장이각순,사장 이각순,2,0,0,0,0,0.0,미상,미상,미상,미상,미상
상공부광무국장이준구,상공부광무국장 이준구,2,0,0,0,0,0.0,미상,미상,미상,미상,미상
상공부국립지질연구소장박인규,상공부국립지질연구소장 박인규,2,0,0,0,0,0.0,미상,미상,미상,미상,미상
상공부상정과장김용각,상공부상정과장 김용각,2,0,0,0,0,0.0,미상,미상,미상,미상,미상
상공부중앙계량국장백형배,상공부중앙계량국장 백형배,2,0,0,0,0,0.0,미상,미상,미상,미상,미상
상공차관제안이유,상공차관 제안이유,2,0,0,0,0,0.0,미상,미상,미상,미상,미상
서기관한홍건,서기관 한홍건,2,0,0,0,0,0.0,미상,미상,미상,미상,미상
서기관허애,서기관 허애,2,0,0,0,0,0.0,미상,미상,미상,미상,미상
서무과장신필복,서무과장 신필복,2,0,0,0,0,0.0,미상,미상,미상,미상,미상
서무과장이상구,서무과장 이상구,2,0,0,0,0,0.0,미상,미상,미상,미상,미상
서울세관조사국장김영락,서울세관조사국장 김영락,2,0,0,0,0,0.0,미상,미상,미상,미상,미상
서울세관총무과장강석진,서울세관총무과장 강석진,2,0,0,0,0,0.0,미상,미상,미상,미상,미상
서울영림서장김용택,서울영림서장 김용택,2,0,0,0,0,0.0,미상,미상,미상,미상,미상
서울지방검찰청검사장김성재,서울지방검찰청검사장 김성재,2,0,0,0,0,0.0,미상,미상,미상,미상,미상
서울지방국세청부과국장오기상,서울지방국세청부과국장 오기상,2,0,0,0,0,0.0,미상,미상,미상,미상,미상
서울지방국세청조사국장천명섭,서울지방국세청조사국장 천명섭,2,0,0,0,0,0.0,미상,미상,미상,미상,미상
서울지방국세청주세과장백보현,서울지방국세청주세과장 백보현,2,0,0,0,0,0.0,미상,미상,미상,미상,미상
서일교검찰관의,서일교 검찰관의,2,0,0,0,0,0.0,미상,미상,미상,미상,미상
소공세무서법인세과장장병순,소공세무서법인세과장 장병순,2,0,0,0,0,0.0,미상,미상,미상,미상,미상
소위원장서인석,소위원장 서인석,2,0,0,0,0,0.0,민주공화당,미상,남,재선,전국구
소위원장정헌조,소위원장 정헌조,2,0,0,0,0,0.0,민주공화당,"전남 함평,영광군",남,재선,지역구
소장전하진,소장 전하진,2,0,0,0,0,0.0,미상,미상,미상,미상,미상
송정범부원장,송정범 부원장,2,0,0,0,0,0.0,미상,미상,미상,미상,미상
수산업협동조합중앙회제주지부장김성만,수산업협동조합중앙회제주지부장 김성만,2,0,0,0,0,0.0,미상,미상,미상,미상,미상
수협전남동구지부장김용규,수협전남동구지부장 김용규,2,0,0,0,0,0.0,미상,미상,미상,미상,미상
수협전남서구지부장어용주,수협전남서구지부장 어용주,2,0,0,0,0,0.0,미상,미상,미상,미상,미상
수협제주도지부장박종빈,수협제주도지부장 박종빈,2,0,0,0,0,0.0,미상,미상,미상,미상,미상
신윤창의원,신윤창 의원,2,0,0,0,0,0.0,민주공화당,미상,남,재선,전국구
안동준의원(위원,안동준 의원(위원,2,0,0,0,0,0.0,민주공화당,충북 괴산군,남,4선,지역구
야전군보급,야전군 보급,2,0,0,0,0,0.0,미상,미상,미상,미상,미상
영주철도국재산계장이기환,영주철도국재산계장 이기환,2,0,0,0,0,0.0,미상,미상,미상,미상,미상
외교연구원연구부장지연태,외교연구원연구부장 지연태,2,0,0,0,0,0.0,미상,미상,미상,미상,미상
외무부기획관리실장연하구,외무부기획관리실장 연하구,2,0,0,0,0,0.0,미상,미상,미상,미상,미상
외무부여권과장서경석,외무부여권과장 서경석,2,0,0,0,0,0.0,미상,미상,미상,미상,미상
운기위자문신두영,운기위자문 신두영,2,0,0,0,0,0.0,미상,미상,미상,미상,미상
운영기획위원회보좌관길대령,운영기획위원회보좌관 길대령,2,0,0,0,0,0.0,미상,미상,미상,미상,미상
운영위원장김용순,운영위원장 김용순,2,0,0,0,0,0.0,민주공화당,"경남 사천,하동,삼천포",남,재선,지역구
원호처회계국보험관리계장김성관,원호처회계국보험관리계장 김성관,2,0,0,0,0,0.0,미상,미상,미상,미상,미상
원호청차장제안이유,원호청차장 제안이유,2,0,0,0,0,0.0,미상,미상,미상,미상,미상
위원장대리김동하,위원장대리 김동하,2,0,0,0,0,0.0,미상,미상,미상,미상,미상
위원장대리김상영,위원장대리 김상영,2,0,0,0,0,0.0,민주공화당,전남 여수,남,재선,지역구
위원장대리김수한,위원장대리 김수한,2,0,0,0,0,0.0,신민당,미상,남,6선,전국구
위원장대리이상신,위원장대리 이상신,2,0,0,0,0,0.0,신민당,경남 합천,남,4선,지역구
위원장대리이우헌,위원장대리 이우헌,2,0,0,0,0,0.0,민주공화당,"전남 여수시,여천군",남,재선,지역구
위원장대리이원엽,위원장대리 이원엽,2,0,0,0,0,0.0,민주공화당,미상,남,초선,전국구
위원장대리이종남,위원장대리 이종남,2,0,0,0,0,0.0,신민당,미상,남,3선,전국구
육군C/S,육군 C/S,2,0,0,0,0,0.0,미상,미상,미상,미상,미상
육군본부민사군정감실양재하,육군본부민사군정감실 양재하,2,0,0,0,0,0.0,미상,미상,미상,미상,미상
의사과장윤동보,의사과장 윤동보,2,0,0,0,0,0.0,미상,미상,미상,미상,미상
의장2억,의장 2억,2,0,0,0,0,0.0,미상,미상,미상,미상,미상
의장고문(곽상수),의장고문 (곽상수),2,0,0,0,0,0.0,미상,미상,미상,미상,미상
의장고문박교수,의장고문 박교수,2,0,0,0,0,0.0,미상,미상,미상,미상,미상
의장교통부,의장 교통부,2,0,0,0,0,0.0,미상,미상,미상,미상,미상
의장그대로,의장 그대로,2,0,0,0,0,0.0,미상,미상,미상,미상,미상
의장법을,의장 법을,2,0,0,0,0,0.0,미상,미상,미상,미상,미상
의장보세가공에,의장 보세가공에,2,0,0,0,0,0.0,미상,미상,미상,미상,미상
의장영농자금,의장 영농자금,2,0,0,0,0,0.0,미상,미상,미상,미상,미상
의장일반,의장 일반,2,0,0,0,0,0.0,미상,미상,미상,미상,미상
의장좋습니다.,의장 좋습니다.,2,0,0,0,0,0.0,미상,미상,미상,미상,미상
의장지금부터,의장 지금부터,2,0,0,0,0,0.0,미상,미상,미상,미상,미상
의장직무대리최희송,의장직무대리 최희송,2,0,0,0,0,0.0,민주공화당,미상,남,4선,전국구
의장질의,의장 질의,2,0,0,0,0,0.0,미상,미상,미상,미상,미상
의장현재,의장 현재,2,0,0,0,0,0.0,미상,미상,미상,미상,미상
의전과장안중기,의전과장 안중기,2,0,0,0,0,0.0,미상,미상,미상,미상,미상
이근상자문,이근상 자문,2,0,0,0,0,0.0,미상,미상,미상,미상,미상
이민상위원,이민상 위원,2,0,0,0,0,0.0,미상,미상,미상,미상,미상
이사박태진,이사 박태진,2,0,0,0,0,0.0,미상,미상,미상,미상,미상
이사이태호,이사 이태호,2,0,0,0,0,0.0,미상,미상,미상,미상,미상
이위원,이 위원,2,0,0,0,0,0.0,미상,미상,미상,미상,미상
이종우의원,이종우 의원,2,0,0,0,0,0.0,민주공화당,미상,남,초선,전국구
이진수전문위원,이진수 전문위원,2,0,0,0,0,0.0,미상,미상,미상,미상,미상
이창규전문위원,이창규 전문위원,2,0,0,0,0,0.0,미상,미상,미상,미상,미상
인도네시아국회의장하지,인도네시아국회의장 하지,2,0,0,0,0,0.0,미상,미상,미상,미상,미상
인사,인사,2,0,0,0,0,0.0,미상,미상,미상,미상,미상
인삼과장윤재하,인삼과장 윤재하,2,0,0,0,0,0.0,미상,미상,미상,미상,미상
인천중공업주식회사관리이사류홍식,인천중공업주식회사관리이사 류홍식,2,0,0,0,0,0.0,신민당,미상,남,3선,전국구
임시위원장이상돈,임시위원장 이상돈,2,0,0,0,0,0.0,신민당,"충남 천안,천원군",남,3선,지역구
임시위원장이종극,임시위원장 이종극,2,0,0,0,0,0.0,민주공화당,미상,남,초선,전국구
임차주의원,임차주 의원,2,0,0,0,0,0.0,신민당,미상,남,3선,전국구
장성광업소소장예.,장성광업소소장 예.,2,0,0,0,0,0.0,미상,미상,미상,미상,미상
재무부기획관리실장박승복,재무부기획관리실장 박승복,2,0,0,0,0,0.0,미상,미상,미상,미상,미상
재무부사세국징세과장배숙,재무부사세국징세과장 배숙,2,0,0,0,0,0.0,미상,미상,미상,미상,미상
재무부세관국관세과장조충훈,재무부세관국관세과장 조충훈,2,0,0,0,0,0.0,미상,미상,미상,미상,미상
재무부이재국보험과장조성래,재무부이재국보험과장 조성래,2,0,0,0,0,0.0,미상,미상,미상,미상,미상
재무부장관약,재무부장관 약,2,0,0,0,0,0.0,미상,미상,미상,미상,미상
재무부장관이,재무부장관 이,2,0,0,0,0,0.0,미상,미상,미상,미상,미상
재무부장관좋은,재무부장관 좋은,2,0,0,0,0,0.0,미상,미상,미상,미상,미상
재무부차관제안이유,재무부차관 제안이유,2,0,0,0,0,0.0,미상,미상,미상,미상,미상
재산매각수입,재산매각수입,2,0,0,0,0,0.0,미상,미상,미상,미상,미상
재정경제위원장대리김대중,재정경제위원장대리 김대중,2,0,0,0,0,0.0,민주당,전남 목포,남,6선,지역구
재정경제위원장양순직(계속),재정경제위원장 양순직(계속),2,0,0,0,0,0.0,민주공화당,충남 논산,남,3선,지역구
재정경제위원회전문위원이태성,재정경제위원회전문위원 이태성,2,0,0,0,0,0.0,미상,미상,미상,미상,미상
전남대학교문리과대학장류기춘,전남대학교문리과대학장 류기춘,2,0,0,0,0,0.0,미상,미상,미상,미상,미상
전라남도경찰국장장일훈,전라남도경찰국장 장일훈,2,0,0,0,0,0.0,미상,미상,미상,미상,미상
전라남도보건사회국장이복량,전라남도보건사회국장 이복량,2,0,0,0,0,0.0,미상,미상,미상,미상,미상
전라북도건설계장성혁규,전라북도건설계장 성혁규,2,0,0,0,0,0.0,미상,미상,미상,미상,미상
전라북도경찰국보안과장이석홍,전라북도경찰국보안과장 이석홍,2,0,0,0,0,0.0,미상,미상,미상,미상,미상
전라북도경찰국장장동식,전라북도경찰국장 장동식,2,0,0,0,0,0.0,미상,미상,미상,미상,미상
전라북도농촌진흥원장박금동,전라북도농촌진흥원장 박금동,2,0,0,0,0,0.0,미상,미상,미상,미상,미상
전무과장이종실,전무과장 이종실,2,0,0,0,0,0.0,미상,미상,미상,미상,미상
전문위원정헌호,전문위원 정헌호,2,0,0,0,0,0.0,미상,미상,미상,미상,미상
전주지방법원남원지원장공아도,전주지방법원남원지원장 공아도,2,0,0,0,0,0.0,미상,미상,미상,미상,미상
정상구의원(위원,정상구 의원(위원,2,0,0,0,0,0.0,신민당,부산 진구갑,남,5선,지역구
제2무임소장관고재필,제2무임소장관 고재필,2,0,0,0,0,0.0,유신정우회,미상,남,4선,통일주체국민회의
제4과장김하섭,제4과장 김하섭,2,0,0,0,0,0.0,미상,미상,미상,미상,미상
제작계장한대연,제작계장 한대연,2,0,0,0,0,0.0,미상,미상,미상,미상,미상
제주도농촌진흥원장권응달,제주도농촌진흥원장 권응달,2,0,0,0,0,0.0,미상,미상,미상,미상,미상
조달청차장손석창,조달청차장 손석창,2,0,0,0,0,0.0,미상,미상,미상,미상,미상
조봉식대령,조봉식 대령,2,0,0,0,0,0.0,미상,미상,미상,미상,미상
준장박두선,준장 박두선,2,0,0,0,0,0.0,미상,미상,미상,미상,미상
중앙수산물검사소제2검사과장원종상,중앙수산물검사소제2검사과장 원종상,2,0,0,0,0,0.0,미상,미상,미상,미상,미상
중앙정보부법제관김성권,중앙정보부법제관 김성권,2,0,0,0,0,0.0,미상,미상,미상,미상,미상
증인김공식,증인 김공식,2,0,0,0,0,0.0,미상,미상,미상,미상,미상
증인정순영,증인 정순영,2,0,0,0,0,0.0,미상,미상,미상,미상,미상
지도과장허열,지도과장 허열,2,0,0,0,0,0.0,미상,미상,미상,미상,미상
질문서,질문서,2,0,0,0,0,0.0,미상,미상,미상,미상,미상
참고문서,참고문서,2,0,0,0,0,0.0,미상,미상,미상,미상,미상
참고인박영호,참고인 박영호,2,0,0,0,0,0.0,미상,미상,미상,미상,미상
참고인이복준,참고인 이복준,2,0,0,0,0,0.0,미상,미상,미상,미상,미상
참고인이진구,참고인 이진구,2,0,0,0,0,0.0,미상,미상,미상,미상,미상
철도청경리국장김영호,철도청경리국장 김영호,2,0,0,0,0,0.0,미상,미상,미상,미상,미상
철도청경리국장김웅세,철도청경리국장 김웅세,2,0,0,0,0,0.0,미상,미상,미상,미상,미상
철도청기획관리관김원근,철도청기획관리관 김원근,2,0,0,0,0,0.0,미상,미상,미상,미상,미상
철도청기획관리관양한식,철도청기획관리관 양한식,2,0,0,0,0,0.0,미상,미상,미상,미상,미상
철도청자재국보급과장박주덕,철도청자재국보급과장 박주덕,2,0,0,0,0,0.0,미상,미상,미상,미상,미상
철도청차장이진구,철도청차장 이진구,2,0,0,0,0,0.0,미상,미상,미상,미상,미상
청원자박도원,청원자 박도원,2,0,0,0,0,0.0,미상,미상,미상,미상,미상
청주지방검찰청차장검사김용인,청주지방검찰청차장검사 김용인,2,0,0,0,0,0.0,미상,미상,미상,미상,미상
총무처기획관리실장동홍욱,총무처기획관리실장 동홍욱,2,0,0,0,0,0.0,미상,미상,미상,미상,미상
총무처인사국장김재후,총무처인사국장 김재후,2,0,0,0,0,0.0,미상,미상,미상,미상,미상
총무처장관심의환,총무처장관 심의환,2,0,0,0,0,0.0,미상,미상,미상,미상,미상
총무처장의장께서,총무처장 의장께서,2,0,0,0,0,0.0,미상,미상,미상,미상,미상
축산국장제안이유,축산국장 제안이유,2,0,0,0,0,0.0,미상,미상,미상,미상,미상
출석위원(27인),출석 위원(27인),2,0,0,0,0,0.0,미상,미상,미상,미상,미상
출석위원(39인),출석 위원(39인),2,0,0,0,0,0.0,미상,미상,미상,미상,미상
출석의원(17인),출석 의원(17인),2,0,0,0,0,0.0,미상,미상,미상,미상,미상
출석의원(25인),출석 의원(25인),2,0,0,0,0,0.0,미상,미상,미상,미상,미상
출석의원(26인),출석 의원(26인),2,0,0,0,0,0.0,미상,미상,미상,미상,미상
출석의원(31인),출석 의원(31인),2,0,0,0,0,0.0,미상,미상,미상,미상,미상
출석행정실장,출석 행정실장,2,0,0,0,0,0.0,미상,미상,미상,미상,미상
충주공장공장장이문형,충주공장공장장 이문형,2,0,0,0,0,0.0,미상,미상,미상,미상,미상
충청남도경찰국장염보현,충청남도경찰국장 염보현,2,0,0,0,0,0.0,미상,미상,미상,미상,미상
충청남도산업국장이준규,충청남도산업국장 이준규,2,0,0,0,0,0.0,미상,미상,미상,미상,미상
충청북도건설국산림과장이창세,충청북도건설국산림과장 이창세,2,0,0,0,0,0.0,미상,미상,미상,미상,미상
충청북도관리과장윤영조,충청북도관리과장 윤영조,2,0,0,0,0,0.0,미상,미상,미상,미상,미상
치안국장제안이유,치안국장 제안이유,2,0,0,0,0,0.0,미상,미상,미상,미상,미상
토련경상북도지부장문익환,토련경상북도지부장 문익환,2,0,0,0,0,0.0,미상,미상,미상,미상,미상
판매과장박형수,판매과장 박형수,2,0,0,0,0,0.0,미상,미상,미상,미상,미상
한국기계공업주식회사총무이사신동우,한국기계공업주식회사총무이사 신동우,2,0,0,0,0,0.0,미상,미상,미상,미상,미상
한국산업은행기업분석부장백항석,한국산업은행기업분석부장 백항석,2,0,0,0,0,0.0,미상,미상,미상,미상,미상
한국산업은행이사홍규헌,한국산업은행이사 홍규헌,2,0,0,0,0,0.0,미상,미상,미상,미상,미상
한국산업은행특수관리조사이사심원택,한국산업은행특수관리조사이사 심원택,2,0,0,0,0,0.0,미상,미상,미상,미상,미상
한국산토리주식회사사장양두환,한국산토리주식회사사장 양두환,2,0,0,0,0,0.0,미상,미상,미상,미상,미상
한국수자원개발공사관리이사이섭,한국수자원개발공사관리이사 이섭,2,0,0,0,0,0.0,미상,미상,미상,미상,미상
한국은행부총재홍용혜,한국은행부총재 홍용혜,2,0,0,0,0,0.0,미상,미상,미상,미상,미상
한국은행이사이상호,한국은행이사 이상호,2,0,0,0,0,0.0,미상,미상,미상,미상,미상
한국전력주식회사기술상무이도권,한국전력주식회사기술상무 이도권,2,0,0,0,0,0.0,미상,미상,미상,미상,미상
한병채의원(계속),한병채 의원(계속),2,0,0,0,0,0.0,무소속,"경북 대구시,중,서,북구",남,4선,지역구
한일은행장김진흥,한일은행장 김진흥,2,0,0,0,0,0.0,미상,미상,미상,미상,미상
함덕용의원(위원,함덕용 의원(위원,2,0,0,0,0,0.0,신민당,미상,남,초선,전국구
항만시설국장이일선,항만시설국장 이일선,2,0,0,0,0,0.0,미상,미상,미상,미상,미상
해군참모총장함명수,해군참모총장 함명수,2,0,0,0,0,0.0,미상,미상,미상,미상,미상
행정부이사관장창종,행정부이사관 장창종,2,0,0,0,0,0.0,미상,미상,미상,미상,미상
행정부이사관황영근,행정부이사관 황영근,2,0,0,0,0,0.0,미상,미상,미상,미상,미상
행정서기관김철,행정서기관 김철,2,0,0,0,0,0.0,미상,미상,미상,미상,미상
행정주사박주일,행정주사 박주일,2,0,0,0,0,0.0,미상,미상,미상,미상,미상
호남비료주식회사업무이사송종욱,호남비료주식회사업무이사 송종욱,2,0,0,0,0,0.0,미상,미상,미상,미상,미상
호남비료주식회사총무부장장영진,호남비료주식회사총무부장 장영진,2,0,0,0,0,0.0,미상,미상,미상,미상,미상
2월,2월,1,0,0,0,0,0.0,미상,미상,미상,미상,미상
3715,3715,1,0,0,0,0,0.0,미상,미상,미상,미상,미상
3751,3751,1,0,0,0,0,0.0,미상,미상,미상,미상,미상
6․8선거부정조사특별위원회법제정특별위원회위원장정구영,6․8선거부정조사특별위원회법제정특별위원회위원장 정구영,1,0,0,0,0,0.0,민주공화당,미상,남,재선,전국구
7153,7153,1,0,0,0,0,0.0,미상,미상,미상,미상,미상
7351,7351,1,0,0,0,0,0.0,미상,미상,미상,미상,미상
李敏雨議員,李敏雨 議員,1,0,0,0,0,0.0,미상,미상,미상,미상,미상
金貞烈위원,金貞烈 위원,1,0,0,0,0,0.0,미상,미상,미상,미상,미상
가정법원조사관정시창,가정법원조사관 정시창,1,0,0,0,0,0.0,미상,미상,미상,미상,미상
감사관김교식,감사관 김교식,1,0,0,0,0,0.0,미상,미상,미상,미상,미상
감사기관참석자,감사기관 참석자,1,0,0,0,0,0.0,미상,미상,미상,미상,미상
감사반로육인수,감사반로 육인수,1,0,0,0,0,0.0,민주공화당,"충북 보은,옥천군",남,5선,지역구
감사원장대리임승열,감사원장대리 임승열,1,0,0,0,0,0.0,미상,미상,미상,미상,미상
감사원제2국장대리손한주,감사원제2국장대리 손한주,1,0,0,0,0,0.0,미상,미상,미상,미상,미상
감사위원(13인),감사위원(13인),1,0,0,0,0,0.0,미상,미상,미상,미상,미상
감사위원(15인),감사위원(15인),1,0,0,0,0,0.0,미상,미상,미상,미상,미상
감사위원(23인),감사 위원(23인),1,0,0,0,0,0.0,미상,미상,미상,미상,미상
감사위원(8인),감사위원(8인),1,0,0,0,0,0.0,미상,미상,미상,미상,미상
감찰감감찰감실에서는,감찰감 감찰감실에서는,1,0,0,0,0,0.0,미상,미상,미상,미상,미상
감찰위원장4만명,감찰위원장 4만명,1,0,0,0,0,0.0,미상,미상,미상,미상,미상
감찰위원장감원이,감찰위원장 감원이,1,0,0,0,0,0.0,미상,미상,미상,미상,미상
감찰위원장농촌의,감찰위원장 농촌의,1,0,0,0,0,0.0,미상,미상,미상,미상,미상
감찰위원장범위에는,감찰위원장 범위에는,1,0,0,0,0,0.0,미상,미상,미상,미상,미상
감찰위원장법규대로,감찰위원장 법규대로,1,0,0,0,0,0.0,미상,미상,미상,미상,미상
감찰위원장법적,감찰위원장 법적,1,0,0,0,0,0.0,미상,미상,미상,미상,미상
감찰위원장부분적인,감찰위원장 부분적인,1,0,0,0,0,0.0,미상,미상,미상,미상,미상
감찰위원장불량기업체,감찰위원장 불량기업체,1,0,0,0,0,0.0,미상,미상,미상,미상,미상
감찰위원장선의로,감찰위원장 선의로,1,0,0,0,0,0.0,미상,미상,미상,미상,미상
감찰위원장수사기관에,감찰위원장 수사기관에,1,0,0,0,0,0.0,미상,미상,미상,미상,미상
감찰위원장시정사항만,감찰위원장 시정사항만,1,0,0,0,0,0.0,미상,미상,미상,미상,미상
감찰위원장신청받은,감찰위원장 신청받은,1,0,0,0,0,0.0,미상,미상,미상,미상,미상
감찰위원장약,감찰위원장 약,1,0,0,0,0,0.0,미상,미상,미상,미상,미상
감찰위원장여기에,감찰위원장 여기에,1,0,0,0,0,0.0,미상,미상,미상,미상,미상
감찰위원장연석회의를,감찰위원장 연석회의를,1,0,0,0,0,0.0,미상,미상,미상,미상,미상
감찰위원장일단,감찰위원장 일단,1,0,0,0,0,0.0,미상,미상,미상,미상,미상
감찰위원장지금,감찰위원장 지금,1,0,0,0,0,0.0,미상,미상,미상,미상,미상
감찰위원장직권,감찰위원장 직권,1,0,0,0,0,0.0,미상,미상,미상,미상,미상
감찰위원장추가적으로,감찰위원장 추가적으로,1,0,0,0,0,0.0,미상,미상,미상,미상,미상
감찰위원장행정관청에서는,감찰위원장 행정관청에서는,1,0,0,0,0,0.0,미상,미상,미상,미상,미상
감찰위조병일,감찰위 조병일,1,0,0,0,0,0.0,미상,미상,미상,미상,미상
강릉영림서장김형승,강릉영림서장 김형승,1,0,0,0,0,0.0,미상,미상,미상,미상,미상
강생회기획실장김윤철,강생회기획실장 김윤철,1,0,0,0,0,0.0,미상,미상,미상,미상,미상
강원도강릉영림서장유달진,강원도강릉영림서장 유달진,1,0,0,0,0,0.0,미상,미상,미상,미상,미상
강원도경찰국장손달용,강원도경찰국장 손달용,1,0,0,0,0,0.0,미상,미상,미상,미상,미상
강원도경찰국장염보현,강원도경찰국장 염보현,1,0,0,0,0,0.0,미상,미상,미상,미상,미상
강원도경찰국장천종근,강원도경찰국장 천종근,1,0,0,0,0,0.0,미상,미상,미상,미상,미상
강원도경찰국장하삼식,강원도경찰국장 하삼식,1,0,0,0,0,0.0,미상,미상,미상,미상,미상
강원도기획감사실장엄대현,강원도기획감사실장 엄대현,1,0,0,0,0,0.0,미상,미상,미상,미상,미상
강원도농촌진흥원장강창중,강원도농촌진흥원장 강창중,1,0,0,0,0,0.0,미상,미상,미상,미상,미상
강원도보건사회국장김승규,강원도보건사회국장 김승규,1,0,0,0,0,0.0,미상,미상,미상,미상,미상
강원도부지사최양진,강원도부지사 최양진,1,0,0,0,0,0.0,미상,미상,미상,미상,미상
강원도산업국수산과장최홍림,강원도산업국수산과장 최홍림,1,0,0,0,0,0.0,미상,미상,미상,미상,미상
강원도상공과장64년,강원도상공과장 64년,1,0,0,0,0,0.0,미상,미상,미상,미상,미상
강원도서무과장서명택,강원도서무과장 서명택,1,0,0,0,0,0.0,미상,미상,미상,미상,미상
강원도청건설국장김약수,강원도청건설국장 김약수,1,0,0,0,0,0.0,미상,미상,미상,미상,미상
강원도청기획관리실장전영수,강원도청기획관리실장 전영수,1,0,0,0,0,0.0,미상,미상,미상,미상,미상
건물매각대,건물매각대,1,0,0,0,0,0.0,미상,미상,미상,미상,미상
건설국장전략적으로,건설국장 전략적으로,1,0,0,0,0,0.0,미상,미상,미상,미상,미상
건설국장참고사항,건설국장 참고사항,1,0,0,0,0,0.0,미상,미상,미상,미상,미상
건설국장통과세를,건설국장 통과세를,1,0,0,0,0,0.0,미상,미상,미상,미상,미상
건설국장한강,건설국장 한강,1,0,0,0,0,0.0,미상,미상,미상,미상,미상
건설부국토보전국도시과장김경린,건설부국토보전국도시과장 김경린,1,0,0,0,0,0.0,미상,미상,미상,미상,미상
건설부기획관리실기획관이양재,건설부기획관리실기획관 이양재,1,0,0,0,0,0.0,미상,미상,미상,미상,미상
건설부수자원국장이일선,건설부수자원국장 이일선,1,0,0,0,0,0.0,미상,미상,미상,미상,미상
건설부장관세무행정의,건설부장관 세무행정의,1,0,0,0,0,0.0,미상,미상,미상,미상,미상
건설부장관원료,건설부장관 원료,1,0,0,0,0,0.0,미상,미상,미상,미상,미상
건설부장관저희들이,건설부장관 저희들이,1,0,0,0,0,0.0,미상,미상,미상,미상,미상
건설부차관조성근,건설부차관 조성근,1,0,0,0,0,0.0,미상,미상,미상,미상,미상
건설부특정지역국시설과장김동휘,건설부특정지역국시설과장 김동휘,1,0,0,0,0,0.0,미상,미상,미상,미상,미상
건설청장현재,건설청장 현재,1,0,0,0,0,0.0,미상,미상,미상,미상,미상
건설청장현재로서는,건설청장 현재로서는,1,0,0,0,0,0.0,미상,미상,미상,미상,미상
건의안,건의안,1,0,0,0,0,0.0,미상,미상,미상,미상,미상
검찰과장계속하여,검찰과장 계속하여,1,0,0,0,0,0.0,미상,미상,미상,미상,미상
검찰과장국방경비법,검찰과장 국방경비법,1,0,0,0,0,0.0,미상,미상,미상,미상,미상
검찰과장군수참모부에서,검찰과장 군수참모부에서,1,0,0,0,0,0.0,미상,미상,미상,미상,미상
검찰과장그것은,검찰과장 그것은,1,0,0,0,0,0.0,미상,미상,미상,미상,미상
검찰과장그것이,검찰과장 그것이,1,0,0,0,0,0.0,미상,미상,미상,미상,미상
검찰과장김길기,검찰과장 김길기,1,0,0,0,0,0.0,미상,미상,미상,미상,미상
검찰과장도피했기,검찰과장 도피했기,1,0,0,0,0,0.0,미상,미상,미상,미상,미상
검찰과장물건을,검찰과장 물건을,1,0,0,0,0,0.0,미상,미상,미상,미상,미상
검찰과장물품,검찰과장 물품,1,0,0,0,0,0.0,미상,미상,미상,미상,미상
검찰과장범인이,검찰과장 범인이,1,0,0,0,0,0.0,미상,미상,미상,미상,미상
검찰과장법무감실이,검찰과장 법무감실이,1,0,0,0,0,0.0,미상,미상,미상,미상,미상
검찰과장사실행위가,검찰과장 사실행위가,1,0,0,0,0,0.0,미상,미상,미상,미상,미상
검찰과장송치되어,검찰과장 송치되어,1,0,0,0,0,0.0,미상,미상,미상,미상,미상
검찰과장재판,검찰과장 재판,1,0,0,0,0,0.0,미상,미상,미상,미상,미상
검찰과장중요한,검찰과장 중요한,1,0,0,0,0,0.0,미상,미상,미상,미상,미상
검찰과장차액이,검찰과장 차액이,1,0,0,0,0,0.0,미상,미상,미상,미상,미상
검찰총장각령이,검찰총장 각령이,1,0,0,0,0,0.0,미상,미상,미상,미상,미상
검찰총장각의에서는,검찰총장 각의에서는,1,0,0,0,0,0.0,미상,미상,미상,미상,미상
검찰총장거기까지는,검찰총장 거기까지는,1,0,0,0,0,0.0,미상,미상,미상,미상,미상
검찰총장검찰에서는,검찰총장 검찰에서는,1,0,0,0,0,0.0,미상,미상,미상,미상,미상
검찰총장그리,검찰총장 그리,1,0,0,0,0,0.0,미상,미상,미상,미상,미상
검찰총장담당검사장을,검찰총장 담당검사장을,1,0,0,0,0,0.0,미상,미상,미상,미상,미상
검찰총장무고사건,검찰총장 무고사건,1,0,0,0,0,0.0,미상,미상,미상,미상,미상
검찰총장순경은,검찰총장 순경은,1,0,0,0,0,0.0,미상,미상,미상,미상,미상
검찰총장정부,검찰총장 정부,1,0,0,0,0,0.0,미상,미상,미상,미상,미상
검찰총장제안이유,검찰총장 제안이유,1,0,0,0,0,0.0,미상,미상,미상,미상,미상
경기도경찰국보안과장오치환,경기도경찰국보안과장 오치환,1,0,0,0,0,0.0,미상,미상,미상,미상,미상
경기도경찰국정보과장유봉식,경기도경찰국정보과장 유봉식,1,0,0,0,0,0.0,미상,미상,미상,미상,미상
경기도경찰보안과장방윤찬,경기도경찰보안과장 방윤찬,1,0,0,0,0,0.0,미상,미상,미상,미상,미상
경기도교육감홍락선,경기도교육감 홍락선,1,0,0,0,0,0.0,미상,미상,미상,미상,미상
경기도농림국장이상직,경기도농림국장 이상직,1,0,0,0,0,0.0,미상,미상,미상,미상,미상
경기도도로국장김동순,경기도도로국장 김동순,1,0,0,0,0,0.0,미상,미상,미상,미상,미상
경기도보건사회국장정시채,경기도보건사회국장 정시채,1,0,0,0,0,0.0,미상,미상,미상,미상,미상
경기도보건사회국장홍순항,경기도보건사회국장 홍순항,1,0,0,0,0,0.0,미상,미상,미상,미상,미상
경기도부지사서정학,경기도부지사 서정학,1,0,0,0,0,0.0,미상,미상,미상,미상,미상
경기도지부경기도내에서는,경기도지부 경기도내에서는,1,0,0,0,0,0.0,미상,미상,미상,미상,미상
경기조정국장영등포에,경기조정국장 영등포에,1,0,0,0,0,0.0,미상,미상,미상,미상,미상
경리과장각,경리과장 각,1,0,0,0,0,0.0,미상,미상,미상,미상,미상
경리과장예산수정안,경리과장 예산수정안,1,0,0,0,0,0.0,미상,미상,미상,미상,미상
경리과장총괄표에,경리과장 총괄표에,1,0,0,0,0,0.0,미상,미상,미상,미상,미상
경리과장현행도는,경리과장 현행도는,1,0,0,0,0,0.0,미상,미상,미상,미상,미상
경상남도경찰국장최석원,경상남도경찰국장 최석원,1,0,0,0,0,0.0,미상,미상,미상,미상,미상
경상남도내무국장조병규,경상남도내무국장 조병규,1,0,0,0,0,0.0,미상,미상,미상,미상,미상
경상남도농산물검사소장정광학,경상남도농산물검사소장 정광학,1,0,0,0,0,0.0,미상,미상,미상,미상,미상
경상남도농촌진흥원장정용석,경상남도농촌진흥원장 정용석,1,0,0,0,0,0.0,미상,미상,미상,미상,미상
경상남도산업국장홍승순,경상남도산업국장 홍승순,1,0,0,0,0,0.0,미상,미상,미상,미상,미상
경상남도생사검사소장김영진,경상남도생사검사소장 김영진,1,0,0,0,0,0.0,미상,미상,미상,미상,미상
경상북도경찰국장장동식,경상북도경찰국장 장동식,1,0,0,0,0,0.0,미상,미상,미상,미상,미상
경상북도내무국장이종희,경상북도내무국장 이종희,1,0,0,0,0,0.0,미상,미상,미상,미상,미상
경상북도농산주식회사사장임해성,경상북도농산주식회사사장 임해성,1,0,0,0,0,0.0,미상,미상,미상,미상,미상
경상북도부지사김해두,경상북도부지사 김해두,1,0,0,0,0,0.0,미상,미상,미상,미상,미상
경상북도상공국장박준무,경상북도상공국장 박준무,1,0,0,0,0,0.0,미상,미상,미상,미상,미상
경상북도운수과장예.,경상북도운수과장 예.,1,0,0,0,0,0.0,미상,미상,미상,미상,미상
경제과학심의회의상임위원고승제,경제과학심의회의상임위원 고승제,1,0,0,0,0,0.0,미상,미상,미상,미상,미상
경제과학심의회의상임위원박충훈,경제과학심의회의상임위원 박충훈,1,0,0,0,0,0.0,미상,미상,미상,미상,미상
경제기회원장관장기영,경제기회원장관 장기영,1,0,0,0,0,0.0,미상,미상,미상,미상,미상
경제기획부원장0～2,경제기획부원장 0～2,1,0,0,0,0,0.0,미상,미상,미상,미상,미상
경제기획원경제기획관김창기,경제기획원경제기획관 김창기,1,0,0,0,0,0.0,미상,미상,미상,미상,미상
경제기획원기술관리국장김상진,경제기획원기술관리국장 김상진,1,0,0,0,0,0.0,미상,미상,미상,미상,미상
경제기획원담당관법안의,경제기획원담당관 법안의,1,0,0,0,0,0.0,미상,미상,미상,미상,미상
경제기획원담당관없습니다.,경제기획원담당관 없습니다.,1,0,0,0,0,0.0,미상,미상,미상,미상,미상
경제기획원부원장①,경제기획원부원장 ①,1,0,0,0,0,0.0,미상,미상,미상,미상,미상
경제기획원부원장감독권과,경제기획원부원장 감독권과,1,0,0,0,0,0.0,미상,미상,미상,미상,미상
경제기획원부원장공공요금에,경제기획원부원장 공공요금에,1,0,0,0,0,0.0,미상,미상,미상,미상,미상
경제기획원부원장꼭,경제기획원부원장 꼭,1,0,0,0,0,0.0,미상,미상,미상,미상,미상
경제기획원부원장생산물의,경제기획원부원장 생산물의,1,0,0,0,0,0.0,미상,미상,미상,미상,미상
경제기획원부원장우리나라에서,경제기획원부원장 우리나라에서,1,0,0,0,0,0.0,미상,미상,미상,미상,미상
경제기획원부원장이것은,경제기획원부원장 이것은,1,0,0,0,0,0.0,미상,미상,미상,미상,미상
경제기획원부원장이력서에,경제기획원부원장 이력서에,1,0,0,0,0,0.0,미상,미상,미상,미상,미상
경제기획원부원장제30조,경제기획원부원장 제30조,1,0,0,0,0,0.0,미상,미상,미상,미상,미상
경제기획원부원장처리위원회의,경제기획원부원장 처리위원회의,1,0,0,0,0,0.0,미상,미상,미상,미상,미상
경제기획원부원장특종한,경제기획원부원장 특종한,1,0,0,0,0,0.0,미상,미상,미상,미상,미상
경제기획원원장개정,경제기획원원장 개정,1,0,0,0,0,0.0,미상,미상,미상,미상,미상
경제기획원원장제2조,경제기획원원장 제2조,1,0,0,0,0,0.0,미상,미상,미상,미상,미상
경제기획원장150만섬이란,경제기획원장 150만섬이란,1,0,0,0,0,0.0,미상,미상,미상,미상,미상
경제기획원장1년에,경제기획원장 1년에,1,0,0,0,0,0.0,미상,미상,미상,미상,미상
경제기획원장5개년,경제기획원장 5개년,1,0,0,0,0,0.0,미상,미상,미상,미상,미상
경제기획원장5개년계획이,경제기획원장 5개년계획이,1,0,0,0,0,0.0,미상,미상,미상,미상,미상
경제기획원장경영의,경제기획원장 경영의,1,0,0,0,0,0.0,미상,미상,미상,미상,미상
경제기획원장경제개발에,경제기획원장 경제개발에,1,0,0,0,0,0.0,미상,미상,미상,미상,미상
경제기획원장공공요금의,경제기획원장 공공요금의,1,0,0,0,0,0.0,미상,미상,미상,미상,미상
경제기획원장공포식령이,경제기획원장 공포식령이,1,0,0,0,0,0.0,미상,미상,미상,미상,미상
경제기획원장국방부장관은,경제기획원장 국방부장관은,1,0,0,0,0,0.0,미상,미상,미상,미상,미상
경제기획원장그,경제기획원장 그,1,0,0,0,0,0.0,미상,미상,미상,미상,미상
경제기획원장금융,경제기획원장 금융,1,0,0,0,0,0.0,미상,미상,미상,미상,미상
경제기획원장금융·보험은,경제기획원장 금융·보험은,1,0,0,0,0,0.0,미상,미상,미상,미상,미상
경제기획원장금후,경제기획원장 금후,1,0,0,0,0,0.0,미상,미상,미상,미상,미상
경제기획원장내각에서,경제기획원장 내각에서,1,0,0,0,0,0.0,미상,미상,미상,미상,미상
경제기획원장법,경제기획원장 법,1,0,0,0,0,0.0,미상,미상,미상,미상,미상
경제기획원장보좌관5·16선에,경제기획원장보좌관 5·16선에,1,0,0,0,0,0.0,미상,미상,미상,미상,미상
경제기획원장보좌관기백환,경제기획원장보좌관 기백환,1,0,0,0,0,0.0,미상,미상,미상,미상,미상
경제기획원장보좌관전부,경제기획원장보좌관 전부,1,0,0,0,0,0.0,미상,미상,미상,미상,미상
경제기획원장비상조치법에,경제기획원장 비상조치법에,1,0,0,0,0,0.0,미상,미상,미상,미상,미상
경제기획원장새로운,경제기획원장 새로운,1,0,0,0,0,0.0,미상,미상,미상,미상,미상
경제기획원장신규사업은,경제기획원장 신규사업은,1,0,0,0,0,0.0,미상,미상,미상,미상,미상
경제기획원장예산,경제기획원장 예산,1,0,0,0,0,0.0,미상,미상,미상,미상,미상
경제기획원장예산편성,경제기획원장 예산편성,1,0,0,0,0,0.0,미상,미상,미상,미상,미상
경제기획원장외자도입을,경제기획원장 외자도입을,1,0,0,0,0,0.0,미상,미상,미상,미상,미상
경제기획원장재경위,경제기획원장 재경위,1,0,0,0,0,0.0,미상,미상,미상,미상,미상
경제기획원장정식,경제기획원장 정식,1,0,0,0,0,0.0,미상,미상,미상,미상,미상
경제기획원장제3조중,경제기획원장 제3조중,1,0,0,0,0,0.0,미상,미상,미상,미상,미상
경제기획원장제안설명,경제기획원장 제안설명,1,0,0,0,0,0.0,미상,미상,미상,미상,미상
경제기획원장철강재에,경제기획원장 철강재에,1,0,0,0,0,0.0,미상,미상,미상,미상,미상
경제기획원장타협안에,경제기획원장 타협안에,1,0,0,0,0,0.0,미상,미상,미상,미상,미상
경제기획원장현재로서는,경제기획원장 현재로서는,1,0,0,0,0,0.0,미상,미상,미상,미상,미상
경제기획원장회계법에,경제기획원장 회계법에,1,0,0,0,0,0.0,미상,미상,미상,미상,미상
경제기획원조사통계국장오흥근,경제기획원조사통계국장 오흥근,1,0,0,0,0,0.0,미상,미상,미상,미상,미상
경제기획원차관보이선희,경제기획원차관보 이선희,1,0,0,0,0,0.0,미상,미상,미상,미상,미상
경제조정관안영철,경제조정관 안영철,1,0,0,0,0,0.0,미상,미상,미상,미상,미상
경찰국장김재연,경찰국장 김재연,1,0,0,0,0,0.0,미상,미상,미상,미상,미상
고문(손),고문 (손),1,0,0,0,0,0.0,미상,미상,미상,미상,미상
고문(신),고문 (신),1,0,0,0,0,0.0,미상,미상,미상,미상,미상
고문관지역사회개발사업은,고문관 지역사회개발사업은,1,0,0,0,0,0.0,미상,미상,미상,미상,미상
고문서동각,고문 서동각,1,0,0,0,0,0.0,미상,미상,미상,미상,미상
고문석다음,고문석 다음,1,0,0,0,0,0.0,미상,미상,미상,미상,미상
고문석문사자문,고문석 문사자문,1,0,0,0,0,0.0,미상,미상,미상,미상,미상
고석이외자,고석이 외자,1,0,0,0,0,0.0,미상,미상,미상,미상,미상
고석이이것이,고석이 이것이,1,0,0,0,0,0.0,미상,미상,미상,미상,미상
고재필의원,고재필 의원,1,0,0,0,0,0.0,유신정우회,미상,남,4선,통일주체국민회의
고흥문위원(서류를,고흥문 위원(서류를,1,0,0,0,0,0.0,신민당,미상,남,5선,전국구
공공무부기획관리실장이춘성,공공무부기획관리실장 이춘성,1,0,0,0,0,0.0,미상,미상,미상,미상,미상
공군본부작전국장윤자중,공군본부작전국장 윤자중,1,0,0,0,0,0.0,미상,미상,미상,미상,미상
공군참모차장48시간,공군참모차장 48시간,1,0,0,0,0,0.0,미상,미상,미상,미상,미상
공군참모차장국부적인,공군참모차장 국부적인,1,0,0,0,0,0.0,미상,미상,미상,미상,미상
공군참모차장비행기에서,공군참모차장 비행기에서,1,0,0,0,0,0.0,미상,미상,미상,미상,미상
공군참모차장오점석,공군참모차장 오점석,1,0,0,0,0,0.0,미상,미상,미상,미상,미상
공군참모총장김성룡,공군참모총장 김성룡,1,0,0,0,0,0.0,미상,미상,미상,미상,미상
공무담당이사김여택,공무담당이사 김여택,1,0,0,0,0,0.0,미상,미상,미상,미상,미상
공보부공보부계획,공보부 공보부계획,1,0,0,0,0,0.0,미상,미상,미상,미상,미상
공보부기획예산담당관홍태환,공보부기획예산담당관 홍태환,1,0,0,0,0,0.0,미상,미상,미상,미상,미상
공보부기획조정관제2안은,공보부기획조정관 제2안은,1,0,0,0,0,0.0,미상,미상,미상,미상,미상
공보부예산담당관홍태환,공보부예산담당관 홍태환,1,0,0,0,0,0.0,미상,미상,미상,미상,미상
공보부장관금년은,공보부장관 금년은,1,0,0,0,0,0.0,미상,미상,미상,미상,미상
공보부장관대책본부와,공보부장관 대책본부와,1,0,0,0,0,0.0,미상,미상,미상,미상,미상
공보부장관왜정,공보부장관 왜정,1,0,0,0,0,0.0,미상,미상,미상,미상,미상
"공보부장관좌담회,","공보부장관 좌담회,",1,0,0,0,0,0.0,미상,미상,미상,미상,미상
공보부장관체신부의,공보부장관 체신부의,1,0,0,0,0,0.0,미상,미상,미상,미상,미상
공보부장관출판사는,공보부장관 출판사는,1,0,0,0,0,0.0,미상,미상,미상,미상,미상
공보부장관통제,공보부장관 통제,1,0,0,0,0,0.0,미상,미상,미상,미상,미상
공보부차관완전한,공보부차관 완전한,1,0,0,0,0,0.0,미상,미상,미상,미상,미상
공보부통신기감이인관,공보부통신기감 이인관,1,0,0,0,0,0.0,미상,미상,미상,미상,미상
공보실장당선작,공보실장 당선작,1,0,0,0,0,0.0,미상,미상,미상,미상,미상
공보실장제1심,공보실장 제1심,1,0,0,0,0,0.0,미상,미상,미상,미상,미상
공보실장평년작에,공보실장 평년작에,1,0,0,0,0,0.0,미상,미상,미상,미상,미상
공업국장우선,공업국장 우선,1,0,0,0,0,0.0,미상,미상,미상,미상,미상
공업국장축조낭독,공업국장 축조낭독,1,0,0,0,0,0.0,미상,미상,미상,미상,미상
과학기술처기획관리실장송효정,과학기술처기획관리실장 송효정,1,0,0,0,0,0.0,미상,미상,미상,미상,미상
과학기술처진흥국장문영철,과학기술처진흥국장 문영철,1,0,0,0,0,0.0,미상,미상,미상,미상,미상
곽고문,곽 고문,1,0,0,0,0,0.0,미상,미상,미상,미상,미상
곽고문외국의,곽고문 외국의,1,0,0,0,0,0.0,미상,미상,미상,미상,미상
곽고문이것은,곽고문 이것은,1,0,0,0,0,0.0,미상,미상,미상,미상,미상
관광공사부총재이창수,관광공사부총재 이창수,1,0,0,0,0,0.0,미상,미상,미상,미상,미상
관광운수국장유석보,관광운수국장 유석보,1,0,0,0,0,0.0,미상,미상,미상,미상,미상
관리부장박구암,관리부장 박구암,1,0,0,0,0,0.0,미상,미상,미상,미상,미상
관리부장임세현,관리부장 임세현,1,0,0,0,0,0.0,미상,미상,미상,미상,미상
관상대장극동으로부터,관상대장 극동으로부터,1,0,0,0,0,0.0,미상,미상,미상,미상,미상
관상대장사전에,관상대장 사전에,1,0,0,0,0,0.0,미상,미상,미상,미상,미상
관상대장약,관상대장 약,1,0,0,0,0,0.0,미상,미상,미상,미상,미상
관상대장일본에서,관상대장 일본에서,1,0,0,0,0,0.0,미상,미상,미상,미상,미상
관세국장1.,관세국장 1.,1,0,0,0,0,0.0,미상,미상,미상,미상,미상
관세국장300만환,관세국장 300만환,1,0,0,0,0,0.0,미상,미상,미상,미상,미상
관세국장특별조치법이,관세국장 특별조치법이,1,0,0,0,0,0.0,미상,미상,미상,미상,미상
관세국장한국,관세국장 한국,1,0,0,0,0,0.0,미상,미상,미상,미상,미상
"광무국장1,500만ton","광무국장 1,500만ton",1,0,0,0,0,0.0,미상,미상,미상,미상,미상
광무국장설명,광무국장 설명,1,0,0,0,0,0.0,미상,미상,미상,미상,미상
광무국장축조낭독.,광무국장 축조낭독.,1,0,0,0,0,0.0,미상,미상,미상,미상,미상
광무국장헌법상,광무국장 헌법상,1,0,0,0,0,0.0,미상,미상,미상,미상,미상
광주고등검찰정검이정선,광주고등검찰정검 이정선,1,0,0,0,0,0.0,미상,미상,미상,미상,미상
광주고등법원부장판사김동기,광주고등법원부장판사 김동기,1,0,0,0,0,0.0,미상,미상,미상,미상,미상
광주고등법원형사과장신복관,광주고등법원형사과장 신복관,1,0,0,0,0,0.0,미상,미상,미상,미상,미상
광주지방검찰청검사장김병기,광주지방검찰청검사장 김병기,1,0,0,0,0,0.0,미상,미상,미상,미상,미상
광주지방검찰청차장검사설동훈,광주지방검찰청차장검사 설동훈,1,0,0,0,0,0.0,미상,미상,미상,미상,미상
광주지방법원서기기영호,광주지방법원서기 기영호,1,0,0,0,0,0.0,미상,미상,미상,미상,미상
광주체신청청장이석영,광주체신청청장 이석영,1,0,0,0,0,0.0,미상,미상,미상,미상,미상
괴벽보사건등진상조사특별위원장오치성,괴벽보사건등진상조사특별위원장 오치성,1,0,0,0,0,0.0,민주공화당,"경기 연천,포천,가평군",남,4선,지역구
교섭단체대표의원,교섭단체 대표의원,1,0,0,0,0,0.0,미상,미상,미상,미상,미상
교섭단체명변경,교섭단체명 변경,1,0,0,0,0,0.0,미상,미상,미상,미상,미상
교섭단체별상임위원,교섭단체별 상임위원,1,0,0,0,0,0.0,미상,미상,미상,미상,미상
교육부기획관리실장민유동,교육부기획관리실장 민유동,1,0,0,0,0,0.0,미상,미상,미상,미상,미상
교체위원장노임이,교체위원장 노임이,1,0,0,0,0,0.0,미상,미상,미상,미상,미상
교체위유전문위원,교체위 유전문위원,1,0,0,0,0,0.0,미상,미상,미상,미상,미상
교체위자문,교체위 자문,1,0,0,0,0,0.0,미상,미상,미상,미상,미상
교체위자문위원교체위,교체위자문위원 교체위,1,0,0,0,0,0.0,미상,미상,미상,미상,미상
교체위자문정부안에,교체위자문 정부안에,1,0,0,0,0,0.0,미상,미상,미상,미상,미상
교체위자문직권,교체위자문 직권,1,0,0,0,0,0.0,미상,미상,미상,미상,미상
교체위장대리옥창호,교체위장대리 옥창호,1,0,0,0,0,0.0,미상,미상,미상,미상,미상
교체위전문위원제안이유,교체위전문위원 제안이유,1,0,0,0,0,0.0,미상,미상,미상,미상,미상
교통부기획관리실장강호륜,교통부기획관리실장 강호륜,1,0,0,0,0,0.0,미상,미상,미상,미상,미상
교통부등록계장박성우,교통부등록계장 박성우,1,0,0,0,0,0.0,미상,미상,미상,미상,미상
교통부법무관이직주,교통부법무관 이직주,1,0,0,0,0,0.0,미상,미상,미상,미상,미상
교통부수로과장강청진,교통부수로과장 강청진,1,0,0,0,0,0.0,미상,미상,미상,미상,미상
교통부시설국장박대규,교통부시설국장 박대규,1,0,0,0,0,0.0,미상,미상,미상,미상,미상
교통부육운국감리과장이종춘,교통부육운국감리과장 이종춘,1,0,0,0,0,0.0,미상,미상,미상,미상,미상
교통부장관143억임.,교통부장관 143억임.,1,0,0,0,0,0.0,미상,미상,미상,미상,미상
교통부장관198억이,교통부장관 198억이,1,0,0,0,0,0.0,미상,미상,미상,미상,미상
교통부장관310억임.,교통부장관 310억임.,1,0,0,0,0,0.0,미상,미상,미상,미상,미상
교통부장관47억임.,교통부장관 47억임.,1,0,0,0,0,0.0,미상,미상,미상,미상,미상
교통부장관KNA,교통부장관 KNA,1,0,0,0,0,0.0,미상,미상,미상,미상,미상
교통부장관교통부장관으로서,교통부장관 교통부장관으로서,1,0,0,0,0,0.0,미상,미상,미상,미상,미상
교통부장관국가에서,교통부장관 국가에서,1,0,0,0,0,0.0,미상,미상,미상,미상,미상
교통부장관상공부에서는,교통부장관 상공부에서는,1,0,0,0,0,0.0,미상,미상,미상,미상,미상
교통부장관시행법의,교통부장관 시행법의,1,0,0,0,0,0.0,미상,미상,미상,미상,미상
교통부장관제안이유,교통부장관 제안이유,1,0,0,0,0,0.0,미상,미상,미상,미상,미상
교통부장관총,교통부장관 총,1,0,0,0,0,0.0,미상,미상,미상,미상,미상
교통부제안설명.,교통부 제안설명.,1,0,0,0,0,0.0,미상,미상,미상,미상,미상
교통부차관각령에,교통부차관 각령에,1,0,0,0,0,0.0,미상,미상,미상,미상,미상
교통부차관구법과,교통부차관 구법과,1,0,0,0,0,0.0,미상,미상,미상,미상,미상
교통부차관구법정리입니다.,교통부차관 구법정리입니다.,1,0,0,0,0,0.0,미상,미상,미상,미상,미상
교통부차관두가지,교통부차관 두가지,1,0,0,0,0,0.0,미상,미상,미상,미상,미상
교통부차관민간에서,교통부차관 민간에서,1,0,0,0,0,0.0,미상,미상,미상,미상,미상
교통부차관사업이,교통부차관 사업이,1,0,0,0,0,0.0,미상,미상,미상,미상,미상
교통부차관여러,교통부차관 여러,1,0,0,0,0,0.0,미상,미상,미상,미상,미상
교통부차관이형호,교통부차관 이형호,1,0,0,0,0,0.0,미상,미상,미상,미상,미상
교통부차관제안이유.,교통부차관 제안이유.,1,0,0,0,0,0.0,미상,미상,미상,미상,미상
교통부차관제안취지,교통부차관 제안취지,1,0,0,0,0,0.0,미상,미상,미상,미상,미상
교통부총무과경리계장성한표,교통부총무과경리계장 성한표,1,0,0,0,0,0.0,미상,미상,미상,미상,미상
교통부해운국선박과장김상진,교통부해운국선박과장 김상진,1,0,0,0,0,0.0,미상,미상,미상,미상,미상
교통부해운국선박과장이종성,교통부해운국선박과장 이종성,1,0,0,0,0,0.0,미상,미상,미상,미상,미상
교통위자문위원제28조,교통위자문위원 제28조,1,0,0,0,0,0.0,미상,미상,미상,미상,미상
교통체신위원장대리김선주,교통체신위원장대리 김선주,1,0,0,0,0,0.0,민주공화당,"전남 광양,구례군",남,초선,지역구
구미과장이문용,구미과장 이문용,1,0,0,0,0,0.0,미상,미상,미상,미상,미상
구태회의원(계속),구태회 의원(계속),1,0,0,0,0,0.0,민주공화당,"경남 진주,진양",남,6선,지역구
국고국장9조,국고국장 9조,1,0,0,0,0,0.0,미상,미상,미상,미상,미상
국고국장개정안의,국고국장 개정안의,1,0,0,0,0,0.0,미상,미상,미상,미상,미상
국고국장그것은,국고국장 그것은,1,0,0,0,0,0.0,미상,미상,미상,미상,미상
국고국장물품을,국고국장 물품을,1,0,0,0,0,0.0,미상,미상,미상,미상,미상
국고국장재경위,국고국장 재경위,1,0,0,0,0,0.0,미상,미상,미상,미상,미상
국내정세조사,국내정세 조사,1,0,0,0,0,0.0,미상,미상,미상,미상,미상
국립공업연구소수출검사부장심선환,국립공업연구소수출검사부장 심선환,1,0,0,0,0,0.0,미상,미상,미상,미상,미상
국립공업연구소장오신섭,국립공업연구소장 오신섭,1,0,0,0,0,0.0,미상,미상,미상,미상,미상
국립국악원,국립국악원,1,0,0,0,0,0.0,미상,미상,미상,미상,미상
국립국악원장성경린,국립국악원장 성경린,1,0,0,0,0,0.0,미상,미상,미상,미상,미상
국립농산물검사소대전지소장염칠환,국립농산물검사소대전지소장 염칠환,1,0,0,0,0,0.0,미상,미상,미상,미상,미상
국립농산물검사소전북지소장황호진,국립농산물검사소전북지소장 황호진,1,0,0,0,0,0.0,미상,미상,미상,미상,미상
국립농업자재검사소장직무대리이원호,국립농업자재검사소장직무대리 이원호,1,0,0,0,0,0.0,미상,미상,미상,미상,미상
국립생사검사소장김화산,국립생사검사소장 김화산,1,0,0,0,0,0.0,미상,미상,미상,미상,미상
국립생사검사소장이옥섭,국립생사검사소장 이옥섭,1,0,0,0,0,0.0,미상,미상,미상,미상,미상
국립수산물검사소장탁영완,국립수산물검사소장 탁영완,1,0,0,0,0,0.0,미상,미상,미상,미상,미상
국립수산진흥원서해구시험소장황호영,국립수산진흥원서해구시험소장 황호영,1,0,0,0,0,0.0,미상,미상,미상,미상,미상
국립의료원간호과장김순봉,국립의료원간호과장 김순봉,1,0,0,0,0,0.0,미상,미상,미상,미상,미상
국립의료원의료과장안병훈,국립의료원의료과장 안병훈,1,0,0,0,0,0.0,미상,미상,미상,미상,미상
국무총리김종필(계속),국무총리 김종필(계속),1,0,0,0,0,0.0,유신정우회,미상,남,9선,통일주체국민회의
국무총리및출석,국무총리및 출석,1,0,0,0,0,0.0,미상,미상,미상,미상,미상
국무총리최두선(계속),국무총리 최두선(계속),1,0,0,0,0,0.0,미상,미상,미상,미상,미상
국민운동본부장임병직,국민운동본부장 임병직,1,0,0,0,0,0.0,미상,미상,미상,미상,미상
국민운동본부차장과거에,국민운동본부차장 과거에,1,0,0,0,0,0.0,미상,미상,미상,미상,미상
국민운동본부차장그렇습니다.,국민운동본부차장 그렇습니다.,1,0,0,0,0,0.0,미상,미상,미상,미상,미상
국민운동본부차장되어있음.,국민운동본부차장 되어있음.,1,0,0,0,0,0.0,미상,미상,미상,미상,미상
국민운동본부차장부녀과가,국민운동본부차장 부녀과가,1,0,0,0,0,0.0,미상,미상,미상,미상,미상
국민운동본부차장이지형,국민운동본부차장 이지형,1,0,0,0,0,0.0,미상,미상,미상,미상,미상
국민운동본부차장정당의,국민운동본부차장 정당의,1,0,0,0,0,0.0,미상,미상,미상,미상,미상
국민운동본부차장필요에,국민운동본부차장 필요에,1,0,0,0,0,0.0,미상,미상,미상,미상,미상
국민은행이사정종섭,국민은행이사 정종섭,1,0,0,0,0,0.0,미상,미상,미상,미상,미상
국방과학기술연구소부소장윤응렬,국방과학기술연구소부소장 윤응렬,1,0,0,0,0,0.0,미상,미상,미상,미상,미상
국방과학기술연구소장신응균,국방과학기술연구소장 신응균,1,0,0,0,0,0.0,미상,미상,미상,미상,미상
국방부관재과장송영태,국방부관재과장 송영태,1,0,0,0,0,0.0,미상,미상,미상,미상,미상
국방부군수국장군에서는,국방부군수국장 군에서는,1,0,0,0,0,0.0,미상,미상,미상,미상,미상
국방부기획관리국장,국방부기획관리국장,1,0,0,0,0,0.0,미상,미상,미상,미상,미상
국방부법무과장이양우,국방부법무과장 이양우,1,0,0,0,0,0.0,미상,미상,미상,미상,미상
국방부병무국장여기에,국방부병무국장 여기에,1,0,0,0,0,0.0,미상,미상,미상,미상,미상
국방부병무국장이,국방부병무국장 이,1,0,0,0,0,0.0,미상,미상,미상,미상,미상
국방부병무국장일시적인,국방부병무국장 일시적인,1,0,0,0,0,0.0,미상,미상,미상,미상,미상
국방부병무국장정부에서,국방부병무국장 정부에서,1,0,0,0,0,0.0,미상,미상,미상,미상,미상
국방부병무국장제안이유,국방부병무국장 제안이유,1,0,0,0,0,0.0,미상,미상,미상,미상,미상
국방부장관1년간의,국방부장관 1년간의,1,0,0,0,0,0.0,미상,미상,미상,미상,미상
국방부장관40조에,국방부장관 40조에,1,0,0,0,0,0.0,미상,미상,미상,미상,미상
국방부장관가능하면,국방부장관 가능하면,1,0,0,0,0,0.0,미상,미상,미상,미상,미상
국방부장관각,국방부장관 각,1,0,0,0,0,0.0,미상,미상,미상,미상,미상
국방부장관개정목적,국방부장관 개정목적,1,0,0,0,0,0.0,미상,미상,미상,미상,미상
국방부장관국방대학원장이,국방부장관 국방대학원장이,1,0,0,0,0,0.0,미상,미상,미상,미상,미상
국방부장관군법회의로서는,국방부장관 군법회의로서는,1,0,0,0,0,0.0,미상,미상,미상,미상,미상
국방부장관김성은(계속),국방부장관 김성은(계속),1,0,0,0,0,0.0,미상,미상,미상,미상,미상
국방부장관법,국방부장관 법,1,0,0,0,0,0.0,미상,미상,미상,미상,미상
국방부장관법사위장의,국방부장관 법사위장의,1,0,0,0,0,0.0,미상,미상,미상,미상,미상
국방부장관보좌관김종순,국방부장관보좌관 김종순,1,0,0,0,0,0.0,미상,미상,미상,미상,미상
국방부장관원수는,국방부장관 원수는,1,0,0,0,0,0.0,미상,미상,미상,미상,미상
국방부장관장차,국방부장관 장차,1,0,0,0,0,0.0,미상,미상,미상,미상,미상
국방부장관정보비에,국방부장관 정보비에,1,0,0,0,0,0.0,미상,미상,미상,미상,미상
국방부장관정부,국방부장관 정부,1,0,0,0,0,0.0,미상,미상,미상,미상,미상
국방부장관제안이유,국방부장관 제안이유,1,0,0,0,0,0.0,미상,미상,미상,미상,미상
국방부장관지휘권의,국방부장관 지휘권의,1,0,0,0,0,0.0,미상,미상,미상,미상,미상
국방부장관추경예산안,국방부장관 추경예산안,1,0,0,0,0,0.0,미상,미상,미상,미상,미상
국방부장관현,국방부장관 현,1,0,0,0,0,0.0,미상,미상,미상,미상,미상
국방부장관현역,국방부장관 현역,1,0,0,0,0,0.0,미상,미상,미상,미상,미상
국방부차관526조,국방부차관 526조,1,0,0,0,0,0.0,미상,미상,미상,미상,미상
국방부차관580만환에,국방부차관 580만환에,1,0,0,0,0,0.0,미상,미상,미상,미상,미상
국방부차관고려될,국방부차관 고려될,1,0,0,0,0,0.0,미상,미상,미상,미상,미상
국방부차관고의적인,국방부차관 고의적인,1,0,0,0,0,0.0,미상,미상,미상,미상,미상
국방부차관국방부,국방부차관 국방부,1,0,0,0,0,0.0,미상,미상,미상,미상,미상
국방부차관군사공소원이,국방부차관 군사공소원이,1,0,0,0,0,0.0,미상,미상,미상,미상,미상
국방부차관소송,국방부차관 소송,1,0,0,0,0,0.0,미상,미상,미상,미상,미상
국방부차관이형호,국방부차관 이형호,1,0,0,0,0,0.0,미상,미상,미상,미상,미상
국방부차관제,국방부차관 제,1,0,0,0,0,0.0,미상,미상,미상,미상,미상
국방부차관해병대에,국방부차관 해병대에,1,0,0,0,0,0.0,미상,미상,미상,미상,미상
국방부차관현역만,국방부차관 현역만,1,0,0,0,0,0.0,미상,미상,미상,미상,미상
국방부최대명,국방부 최대명,1,0,0,0,0,0.0,미상,미상,미상,미상,미상
국방연구원장자유당,국방연구원장 자유당,1,0,0,0,0,0.0,미상,미상,미상,미상,미상
국방연구원장정기,국방연구원장 정기,1,0,0,0,0,0.0,미상,미상,미상,미상,미상
국방연구원장제3조,국방연구원장 제3조,1,0,0,0,0,0.0,미상,미상,미상,미상,미상
국방연구원장제7조에,국방연구원장 제7조에,1,0,0,0,0,0.0,미상,미상,미상,미상,미상
국방위원장김종갑(계속),국방위원장 김종갑(계속),1,0,0,0,0,0.0,민주공화당,"충남 보령시,서천군",남,초선,지역구
국세청국장이것은,국세청국장 이것은,1,0,0,0,0,0.0,미상,미상,미상,미상,미상
국세청기획관리관(현황,국세청기획관리관 (현황,1,0,0,0,0,0.0,미상,미상,미상,미상,미상
국세청기획실장거기에,국세청기획실장 거기에,1,0,0,0,0,0.0,미상,미상,미상,미상,미상
국세청기획실장조진희,국세청기획실장 조진희,1,0,0,0,0,0.0,미상,미상,미상,미상,미상
국세청직세국장서영철,국세청직세국장 서영철,1,0,0,0,0,0.0,미상,미상,미상,미상,미상
국세청징세조사국장민사소송법,국세청징세조사국장 민사소송법,1,0,0,0,0,0.0,미상,미상,미상,미상,미상
국세청차장8월,국세청차장 8월,1,0,0,0,0,0.0,미상,미상,미상,미상,미상
국세청차장가산세가,국세청차장 가산세가,1,0,0,0,0,0.0,미상,미상,미상,미상,미상
국세청차장그런,국세청차장 그런,1,0,0,0,0,0.0,미상,미상,미상,미상,미상
국세청차장금액의,국세청차장 금액의,1,0,0,0,0,0.0,미상,미상,미상,미상,미상
국세청차장시간적으로는,국세청차장 시간적으로는,1,0,0,0,0,0.0,미상,미상,미상,미상,미상
국세청차장양쪽,국세청차장 양쪽,1,0,0,0,0,0.0,미상,미상,미상,미상,미상
국유림사업비,국유림사업비,1,0,0,0,0,0.0,미상,미상,미상,미상,미상
국제관광공사관리이사이동희,국제관광공사관리이사 이동희,1,0,0,0,0,0.0,미상,미상,미상,미상,미상
국제관광공사기획개발이사서명석,국제관광공사기획개발이사 서명석,1,0,0,0,0,0.0,미상,미상,미상,미상,미상
국제관광공사업무부영업과장최재범,국제관광공사업무부영업과장 최재범,1,0,0,0,0,0.0,미상,미상,미상,미상,미상
국제관광공사이사이동희,국제관광공사이사 이동희,1,0,0,0,0,0.0,미상,미상,미상,미상,미상
국제관광공사총무이사박성배,국제관광공사총무이사 박성배,1,0,0,0,0,0.0,미상,미상,미상,미상,미상
국제기구과장UN에서의,국제기구과장 UN에서의,1,0,0,0,0,0.0,미상,미상,미상,미상,미상
국제기구과장이범석,국제기구과장 이범석,1,0,0,0,0,0.0,미상,미상,미상,미상,미상
국제방송국,국제방송국,1,0,0,0,0,0.0,미상,미상,미상,미상,미상
국토건설단장제안이유,국토건설단장 제안이유,1,0,0,0,0,0.0,미상,미상,미상,미상,미상
국토건설청보좌관확인하겠음.,국토건설청보좌관 확인하겠음.,1,0,0,0,0,0.0,미상,미상,미상,미상,미상
국토건설청부청장벌금은,국토건설청부청장 벌금은,1,0,0,0,0,0.0,미상,미상,미상,미상,미상
국토건설청부청장사실에,국토건설청부청장 사실에,1,0,0,0,0,0.0,미상,미상,미상,미상,미상
국토건설청부청장이것은,국토건설청부청장 이것은,1,0,0,0,0,0.0,미상,미상,미상,미상,미상
국토건설청부청장체납처분은,국토건설청부청장 체납처분은,1,0,0,0,0,0.0,미상,미상,미상,미상,미상
국토건설청장25억에,국토건설청장 25억에,1,0,0,0,0,0.0,미상,미상,미상,미상,미상
국토건설청장27세까지는,국토건설청장 27세까지는,1,0,0,0,0,0.0,미상,미상,미상,미상,미상
국토건설청장각의에서,국토건설청장 각의에서,1,0,0,0,0,0.0,미상,미상,미상,미상,미상
국토건설청장국토건설청에서,국토건설청장 국토건설청에서,1,0,0,0,0,0.0,미상,미상,미상,미상,미상
국토건설청장범법에,국토건설청장 범법에,1,0,0,0,0,0.0,미상,미상,미상,미상,미상
국토건설청장사격장,국토건설청장 사격장,1,0,0,0,0,0.0,미상,미상,미상,미상,미상
국토건설청장세부적인,국토건설청장 세부적인,1,0,0,0,0,0.0,미상,미상,미상,미상,미상
국토건설청장시행령에,국토건설청장 시행령에,1,0,0,0,0,0.0,미상,미상,미상,미상,미상
국토건설청장운영해,국토건설청장 운영해,1,0,0,0,0,0.0,미상,미상,미상,미상,미상
국토건설청장자율적인,국토건설청장 자율적인,1,0,0,0,0,0.0,미상,미상,미상,미상,미상
국토건설청장재산을,국토건설청장 재산을,1,0,0,0,0,0.0,미상,미상,미상,미상,미상
국토건설청장제안설명.,국토건설청장 제안설명.,1,0,0,0,0,0.0,미상,미상,미상,미상,미상
국토건설청장주무관청에서,국토건설청장 주무관청에서,1,0,0,0,0,0.0,미상,미상,미상,미상,미상
국토건설청장지역적인,국토건설청장 지역적인,1,0,0,0,0,0.0,미상,미상,미상,미상,미상
국토건설청장최소한도,국토건설청장 최소한도,1,0,0,0,0,0.0,미상,미상,미상,미상,미상
국토건설청장최초에,국토건설청장 최초에,1,0,0,0,0,0.0,미상,미상,미상,미상,미상
국토건설청장토목기술자라면,국토건설청장 토목기술자라면,1,0,0,0,0,0.0,미상,미상,미상,미상,미상
국토건설청장행정상의,국토건설청장 행정상의,1,0,0,0,0,0.0,미상,미상,미상,미상,미상
국토건설청장현재까지,국토건설청장 현재까지,1,0,0,0,0,0.0,미상,미상,미상,미상,미상
국토건설청차장(대답,국토건설청차장 (대답,1,0,0,0,0,0.0,미상,미상,미상,미상,미상
국토통일원기획관리관노계현,국토통일원기획관리관 노계현,1,0,0,0,0,0.0,미상,미상,미상,미상,미상
국토통일원기획관리관이호경,국토통일원기획관리관 이호경,1,0,0,0,0,0.0,미상,미상,미상,미상,미상
국토통일원보좌관이철,국토통일원보좌관 이철,1,0,0,0,0,0.0,미상,미상,미상,미상,미상
국토통일원상임연구위원이영일,국토통일원상임연구위원 이영일,1,0,0,0,0,0.0,미상,미상,미상,미상,미상
국토통일원장관김용식,국토통일원장관 김용식,1,0,0,0,0,0.0,미상,미상,미상,미상,미상
국회사무차장권경식,국회사무차장 권경식,1,0,0,0,0,0.0,미상,미상,미상,미상,미상
국회사무차장이호진,국회사무차장 이호진,1,0,0,0,0,0.0,미상,미상,미상,미상,미상
국회사무총장선우종원,국회사무총장 선우종원,1,0,0,0,0,0.0,미상,미상,미상,미상,미상
국회운영위원장김용태,국회운영위원장 김용태,1,0,0,0,0,0.0,민주공화당,충남 대전시,남,5선,지역구
국회운영위원장대리박한상,국회운영위원장대리 박한상,1,0,0,0,0,0.0,신민당,서울 영등포구을,남,6선,지역구
국회운영위원장대리오학진,국회운영위원장대리 오학진,1,0,0,0,0,0.0,민주공화당,미상,남,4선,전국구
국회운영위원장대리이도선,국회운영위원장대리 이도선,1,0,0,0,0,0.0,유신정우회,미상,남,4선,통일주체국민회의
국회운영위원장대리최영근,국회운영위원장대리 최영근,1,0,0,0,0,0.0,민주당,경남 울산시울주구,남,3선,지역구
국회운영장대리고재필,국회운영장대리 고재필,1,0,0,0,0,0.0,민주공화당,"전남 담양,장성군",남,4선,지역구
국회의원겸직사실유무특별조사위원장대리박한상,국회의원겸직사실유무특별조사위원장대리 박한상,1,0,0,0,0,0.0,신민당,서울 영등포구을,남,6선,지역구
군사원호처장민병권,군사원호처장 민병권,1,0,0,0,0,0.0,미상,미상,미상,미상,미상
군사원호처차장이도헌,군사원호처차장 이도헌,1,0,0,0,0,0.0,미상,미상,미상,미상,미상
군산어업협동조합회장김병식,군산어업협동조합회장 김병식,1,0,0,0,0,0.0,미상,미상,미상,미상,미상
군수참모부장5·16이후,군수참모부장 5·16이후,1,0,0,0,0,0.0,미상,미상,미상,미상,미상
군수참모부장본인의,군수참모부장 본인의,1,0,0,0,0,0.0,미상,미상,미상,미상,미상
기관참석자,기관 참석자,1,0,0,0,0,0.0,미상,미상,미상,미상,미상
기술연구직수당,기술연구직 수당,1,0,0,0,0,0.0,미상,미상,미상,미상,미상
기획계장이주예,기획계장 이주예,1,0,0,0,0,0.0,미상,미상,미상,미상,미상
기획관리관노용환,기획관리관 노용환,1,0,0,0,0,0.0,미상,미상,미상,미상,미상
기획관리담당상무이사김석근,기획관리담당상무이사 김석근,1,0,0,0,0,0.0,미상,미상,미상,미상,미상
기획관리실장동홍욱,기획관리실장 동홍욱,1,0,0,0,0,0.0,미상,미상,미상,미상,미상
기획관리실장전용춘,기획관리실장 전용춘,1,0,0,0,0,0.0,미상,미상,미상,미상,미상
기획담당이사이태호,기획담당이사 이태호,1,0,0,0,0,0.0,미상,미상,미상,미상,미상
기획부담당이사이태호,기획부담당이사 이태호,1,0,0,0,0,0.0,미상,미상,미상,미상,미상
기획실장그래서,기획실장 그래서,1,0,0,0,0,0.0,미상,미상,미상,미상,미상
기획위개편안,기획위 개편안,1,0,0,0,0,0.0,미상,미상,미상,미상,미상
기획위외교정책요강에,기획위 외교정책요강에,1,0,0,0,0,0.0,미상,미상,미상,미상,미상
기획위이근상,기획위 이근상,1,0,0,0,0,0.0,미상,미상,미상,미상,미상
기획위인원은,기획위 인원은,1,0,0,0,0,0.0,미상,미상,미상,미상,미상
기획조정관낭독.,기획조정관 낭독.,1,0,0,0,0,0.0,미상,미상,미상,미상,미상
기획조정관조문,기획조정관 조문,1,0,0,0,0,0.0,미상,미상,미상,미상,미상
기획조정관조문낭독.,기획조정관 조문낭독.,1,0,0,0,0,0.0,미상,미상,미상,미상,미상
기획처장이것은,기획처장 이것은,1,0,0,0,0,0.0,미상,미상,미상,미상,미상
기획통제관기호품은,기획통제관 기호품은,1,0,0,0,0,0.0,미상,미상,미상,미상,미상
기획통제관실심사분석관김영찬,기획통제관실심사분석관 김영찬,1,0,0,0,0,0.0,미상,미상,미상,미상,미상
기획통제관외무공무원법에,기획통제관 외무공무원법에,1,0,0,0,0,0.0,미상,미상,미상,미상,미상
기획통제관외무공무원법은,기획통제관 외무공무원법은,1,0,0,0,0,0.0,미상,미상,미상,미상,미상
기획통제관제6조,기획통제관 제6조,1,0,0,0,0,0.0,미상,미상,미상,미상,미상
기획통제관통화량의,기획통제관 통화량의,1,0,0,0,0,0.0,미상,미상,미상,미상,미상
기획통제관행정부로서는,기획통제관 행정부로서는,1,0,0,0,0,0.0,미상,미상,미상,미상,미상
길재호위원제안이유,길재호위원 제안이유,1,0,0,0,0,0.0,미상,미상,미상,미상,미상
김교식서무에,김교식 서무에,1,0,0,0,0,0.0,미상,미상,미상,미상,미상
김교식직제안,김교식 직제안,1,0,0,0,0,0.0,미상,미상,미상,미상,미상
김교식현재,김교식 현재,1,0,0,0,0,0.0,미상,미상,미상,미상,미상
김교한위원,김교한 위원,1,0,0,0,0,0.0,미상,미상,미상,미상,미상
김남규위원,김남규 위원,1,0,0,0,0,0.0,미상,미상,미상,미상,미상
김녹영의원(계속),김녹영 의원(계속),1,0,0,0,0,0.0,민주통일당,전남 광주,남,4선,지역구
김두현위위,김두현 위위,1,0,0,0,0,0.0,민주공화당,충남 당진,남,초선,지역구
김명두과거의,김명두 과거의,1,0,0,0,0,0.0,미상,미상,미상,미상,미상
김법사자문,김 법사자문,1,0,0,0,0,0.0,미상,미상,미상,미상,미상
김병삼갱목,김병삼 갱목,1,0,0,0,0,0.0,미상,미상,미상,미상,미상
김병삼경기,김병삼 경기,1,0,0,0,0,0.0,미상,미상,미상,미상,미상
김병삼내각사무처장,김병삼 내각사무처장,1,0,0,0,0,0.0,미상,미상,미상,미상,미상
김병삼방법을,김병삼 방법을,1,0,0,0,0,0.0,미상,미상,미상,미상,미상
김병삼조직법을,김병삼 조직법을,1,0,0,0,0,0.0,미상,미상,미상,미상,미상
김병순의원(위원,김병순 의원(위원,1,0,0,0,0,0.0,민주공화당,전남 해남,남,4선,지역구
김봉호위원,김봉호 위원,1,0,0,0,0,0.0,미상,미상,미상,미상,미상
김봉환의원(계속),김봉환 의원(계속),1,0,0,0,0,0.0,민주공화당,"경북 군위,선산",남,4선,지역구
김성곤의원,김성곤 의원,1,0,0,0,0,0.0,민주공화당,"경북 달성,고령군",남,4선,지역구
김성곤의원(계속),김성곤 의원(계속),1,0,0,0,0,0.0,민주공화당,"경북 달성,고령군",남,4선,지역구
김세영위원,김세영 위원,1,0,0,0,0,0.0,신민당,미상,남,재선,전국구
김세영의원,김세영 의원,1,0,0,0,0,0.0,신민당,미상,남,재선,전국구
김수한의원(계속),김수한 의원(계속),1,0,0,0,0,0.0,신민당,미상,남,6선,전국구
김옥선위원(위원,김옥선 위원(위원,1,0,0,0,0,0.0,신민당,"충남 보령시,서천군",여,3선,지역구
김용기장군,김용기 장군,1,0,0,0,0,0.0,미상,미상,미상,미상,미상
김원동5항에,김원동 5항에,1,0,0,0,0,0.0,미상,미상,미상,미상,미상
김원동6항에,김원동 6항에,1,0,0,0,0,0.0,미상,미상,미상,미상,미상
김원동무방할,김원동 무방할,1,0,0,0,0,0.0,미상,미상,미상,미상,미상
김원동법인체에서,김원동 법인체에서,1,0,0,0,0,0.0,미상,미상,미상,미상,미상
김원동사실상의,김원동 사실상의,1,0,0,0,0,0.0,미상,미상,미상,미상,미상
김원동제10항은,김원동 제10항은,1,0,0,0,0,0.0,미상,미상,미상,미상,미상
김원동제11항의,김원동 제11항의,1,0,0,0,0,0.0,미상,미상,미상,미상,미상
김원동제4항은,김원동 제4항은,1,0,0,0,0,0.0,미상,미상,미상,미상,미상
김원동제9항에,김원동 제9항에,1,0,0,0,0,0.0,미상,미상,미상,미상,미상
김원형소령,김원형 소령,1,0,0,0,0,0.0,미상,미상,미상,미상,미상
김원형소운송업의,김원형 소운송업의,1,0,0,0,0,0.0,미상,미상,미상,미상,미상
김윤호인력,김윤호 인력,1,0,0,0,0,0.0,미상,미상,미상,미상,미상
김익준의원(계속),김익준 의원(계속),1,0,0,0,0,0.0,민주공화당,미상,남,재선,전국구
김인기의원,김인기 의원,1,0,0,0,0,0.0,신민당,"강원 속초,고성,양양,인제",남,초선,지역구
김일두검사,김일두 검사,1,0,0,0,0,0.0,미상,미상,미상,미상,미상
김자문(재경위),김 자문(재경위),1,0,0,0,0,0.0,미상,미상,미상,미상,미상
김재경자문,김 재경자문,1,0,0,0,0,0.0,미상,미상,미상,미상,미상
김재광의원(계속)알겠읍니다.,김재광의원(계속) 알겠읍니다.,1,0,0,0,0,0.0,민정당,서울 서대문구갑,남,8선,지역구
김종갑의원,김종갑 의원,1,0,0,0,0,0.0,민주공화당,"충남 보령시,서천군",남,초선,지역구
김종익의원,김종익 의원,1,0,0,0,0,0.0,민주공화당,충남 부여군,남,3선,지역구
김창규축조,김창규 축조,1,0,0,0,0,0.0,미상,미상,미상,미상,미상
김현욱위원,김현욱 위원,1,0,0,0,0,0.0,미상,미상,미상,미상,미상
김현주위원,김현주 위원,1,0,0,0,0,0.0,미상,미상,미상,미상,미상
김현철위원,김현철 위원,1,0,0,0,0,0.0,미상,미상,미상,미상,미상
김형욱위원이러한,김형욱위원 이러한,1,0,0,0,0,0.0,미상,미상,미상,미상,미상
김형욱의원,김형욱 의원,1,0,0,0,0,0.0,미상,미상,미상,미상,미상
김홍일일본의,김홍일 일본의,1,0,0,0,0,0.0,미상,미상,미상,미상,미상
김홍일조약을,김홍일 조약을,1,0,0,0,0,0.0,미상,미상,미상,미상,미상
난방시설,난방시설,1,0,0,0,0,0.0,미상,미상,미상,미상,미상
내각기획통제관28페이지중,내각기획통제관 28페이지중,1,0,0,0,0,0.0,미상,미상,미상,미상,미상
내각기획통제관경제기획원,내각기획통제관 경제기획원,1,0,0,0,0,0.0,미상,미상,미상,미상,미상
내각기획통제관교통부,내각기획통제관 교통부,1,0,0,0,0,0.0,미상,미상,미상,미상,미상
내각기획통제관법무부소관,내각기획통제관 법무부소관,1,0,0,0,0,0.0,미상,미상,미상,미상,미상
내각기획통제관보사부,내각기획통제관 보사부,1,0,0,0,0,0.0,미상,미상,미상,미상,미상
내각기획통제관상공부,내각기획통제관 상공부,1,0,0,0,0,0.0,미상,미상,미상,미상,미상
내각기획통제실심사분석관김영찬,내각기획통제실심사분석관 김영찬,1,0,0,0,0,0.0,미상,미상,미상,미상,미상
내각법제처차장중앙사무이양위원회,내각법제처차장 중앙사무이양위원회,1,0,0,0,0,0.0,미상,미상,미상,미상,미상
내각사무처인사국연금기금과장변영기,내각사무처인사국연금기금과장 변영기,1,0,0,0,0,0.0,미상,미상,미상,미상,미상
내각사무처장4월25일부터,내각사무처장 4월25일부터,1,0,0,0,0,0.0,미상,미상,미상,미상,미상
내각사무처장8·15일에,내각사무처장 8·15일에,1,0,0,0,0,0.0,미상,미상,미상,미상,미상
내각사무처장건의안,내각사무처장 건의안,1,0,0,0,0,0.0,미상,미상,미상,미상,미상
내각사무처장경제관계부처,내각사무처장 경제관계부처,1,0,0,0,0,0.0,미상,미상,미상,미상,미상
내각사무처장국민운동본부에서,내각사무처장 국민운동본부에서,1,0,0,0,0,0.0,미상,미상,미상,미상,미상
내각사무처장국제전화,내각사무처장 국제전화,1,0,0,0,0,0.0,미상,미상,미상,미상,미상
내각사무처장그,내각사무처장 그,1,0,0,0,0,0.0,미상,미상,미상,미상,미상
내각사무처장금년에는,내각사무처장 금년에는,1,0,0,0,0,0.0,미상,미상,미상,미상,미상
내각사무처장대한여행사에서,내각사무처장 대한여행사에서,1,0,0,0,0,0.0,미상,미상,미상,미상,미상
내각사무처장독일에서,내각사무처장 독일에서,1,0,0,0,0,0.0,미상,미상,미상,미상,미상
내각사무처장번식율은,내각사무처장 번식율은,1,0,0,0,0,0.0,미상,미상,미상,미상,미상
내각사무처장보좌관charts에,내각사무처장보좌관 charts에,1,0,0,0,0,0.0,미상,미상,미상,미상,미상
내각사무처장사열대에,내각사무처장 사열대에,1,0,0,0,0,0.0,미상,미상,미상,미상,미상
내각사무처장실무적으로,내각사무처장 실무적으로,1,0,0,0,0,0.0,미상,미상,미상,미상,미상
내각사무처장외국인,내각사무처장 외국인,1,0,0,0,0,0.0,미상,미상,미상,미상,미상
내각사무처장원래,내각사무처장 원래,1,0,0,0,0,0.0,미상,미상,미상,미상,미상
내각사무처장재,내각사무처장 재,1,0,0,0,0,0.0,미상,미상,미상,미상,미상
내각사무처장제안이유,내각사무처장 제안이유,1,0,0,0,0,0.0,미상,미상,미상,미상,미상
내각사무처장제안취지,내각사무처장 제안취지,1,0,0,0,0,0.0,미상,미상,미상,미상,미상
내각사무처장주간실시,내각사무처장 주간실시,1,0,0,0,0,0.0,미상,미상,미상,미상,미상
내각사무처장현재,내각사무처장 현재,1,0,0,0,0,0.0,미상,미상,미상,미상,미상
내각수반(인사),내각수반 (인사),1,0,0,0,0,0.0,미상,미상,미상,미상,미상
내각수반Ceiling,내각수반 Ceiling,1,0,0,0,0,0.0,미상,미상,미상,미상,미상
내각수반HID의,내각수반 HID의,1,0,0,0,0,0.0,미상,미상,미상,미상,미상
내각수반KNA기는,내각수반 KNA기는,1,0,0,0,0,0.0,미상,미상,미상,미상,미상
내각수반개인회사가,내각수반 개인회사가,1,0,0,0,0,0.0,미상,미상,미상,미상,미상
내각수반공무원,내각수반 공무원,1,0,0,0,0,0.0,미상,미상,미상,미상,미상
내각수반국방부의,내각수반 국방부의,1,0,0,0,0,0.0,미상,미상,미상,미상,미상
내각수반내각안,내각수반 내각안,1,0,0,0,0,0.0,미상,미상,미상,미상,미상
내각수반내주,내각수반 내주,1,0,0,0,0,0.0,미상,미상,미상,미상,미상
내각수반농림부장관이,내각수반 농림부장관이,1,0,0,0,0,0.0,미상,미상,미상,미상,미상
내각수반농업,내각수반 농업,1,0,0,0,0,0.0,미상,미상,미상,미상,미상
내각수반대단히,내각수반 대단히,1,0,0,0,0,0.0,미상,미상,미상,미상,미상
내각수반부정축재자금특별회계법안을,내각수반 부정축재자금특별회계법안을,1,0,0,0,0,0.0,미상,미상,미상,미상,미상
내각수반빨리,내각수반 빨리,1,0,0,0,0,0.0,미상,미상,미상,미상,미상
내각수반이와,내각수반 이와,1,0,0,0,0,0.0,미상,미상,미상,미상,미상
내각수반정보비의,내각수반 정보비의,1,0,0,0,0,0.0,미상,미상,미상,미상,미상
내각수반정부로서는,내각수반 정부로서는,1,0,0,0,0,0.0,미상,미상,미상,미상,미상
내각수반제안설명,내각수반 제안설명,1,0,0,0,0,0.0,미상,미상,미상,미상,미상
내각수반중요성은,내각수반 중요성은,1,0,0,0,0,0.0,미상,미상,미상,미상,미상
내각수반현재,내각수반 현재,1,0,0,0,0,0.0,미상,미상,미상,미상,미상
내무국장경찰업무에,내무국장 경찰업무에,1,0,0,0,0,0.0,미상,미상,미상,미상,미상
내무국장기획조정관은,내무국장 기획조정관은,1,0,0,0,0,0.0,미상,미상,미상,미상,미상
내무국장별로,내무국장 별로,1,0,0,0,0,0.0,미상,미상,미상,미상,미상
내무국장정부의,내무국장 정부의,1,0,0,0,0,0.0,미상,미상,미상,미상,미상
내무국장현재는,내무국장 현재는,1,0,0,0,0,0.0,미상,미상,미상,미상,미상
내무부기획관리실장김진형,내무부기획관리실장 김진형,1,0,0,0,0,0.0,미상,미상,미상,미상,미상
내무부장관도지사가,내무부장관 도지사가,1,0,0,0,0,0.0,미상,미상,미상,미상,미상
내무부장관밀수방지,내무부장관 밀수방지,1,0,0,0,0,0.0,미상,미상,미상,미상,미상
내무부장관아직,내무부장관 아직,1,0,0,0,0,0.0,미상,미상,미상,미상,미상
내무부장관엄민영(계속),내무부장관 엄민영(계속),1,0,0,0,0,0.0,미상,미상,미상,미상,미상
내무부장관제안이유,내무부장관 제안이유,1,0,0,0,0,0.0,미상,미상,미상,미상,미상
내무부장관지역개발사업을,내무부장관 지역개발사업을,1,0,0,0,0,0.0,미상,미상,미상,미상,미상
내무부장관지역사회개발의,내무부장관 지역사회개발의,1,0,0,0,0,0.0,미상,미상,미상,미상,미상
내무부지방국장40/100으로,내무부지방국장 40/100으로,1,0,0,0,0,0.0,미상,미상,미상,미상,미상
내무부지방국장제안이유,내무부지방국장 제안이유,1,0,0,0,0,0.0,미상,미상,미상,미상,미상
내무부지방국장지방세제,내무부지방국장 지방세제,1,0,0,0,0,0.0,미상,미상,미상,미상,미상
내무부지방국행정과장김수학,내무부지방국행정과장 김수학,1,0,0,0,0,0.0,미상,미상,미상,미상,미상
내무부지방국행정과장허연,내무부지방국행정과장 허연,1,0,0,0,0,0.0,미상,미상,미상,미상,미상
내무부차관20조,내무부차관 20조,1,0,0,0,0,0.0,미상,미상,미상,미상,미상
내무부차관4월20일부터,내무부차관 4월20일부터,1,0,0,0,0,0.0,미상,미상,미상,미상,미상
내무부차관charts에,내무부차관 charts에,1,0,0,0,0,0.0,미상,미상,미상,미상,미상
내무부차관“전입,내무부차관 “전입,1,0,0,0,0,0.0,미상,미상,미상,미상,미상
내무부차관그,내무부차관 그,1,0,0,0,0,0.0,미상,미상,미상,미상,미상
내무부차관원래,내무부차관 원래,1,0,0,0,0,0.0,미상,미상,미상,미상,미상
내무부차관정리하겠음.,내무부차관 정리하겠음.,1,0,0,0,0,0.0,미상,미상,미상,미상,미상
내무부차관제10조,내무부차관 제10조,1,0,0,0,0,0.0,미상,미상,미상,미상,미상
내무부차관제11조,내무부차관 제11조,1,0,0,0,0,0.0,미상,미상,미상,미상,미상
내무부차관제15조,내무부차관 제15조,1,0,0,0,0,0.0,미상,미상,미상,미상,미상
내무부차관제17조,내무부차관 제17조,1,0,0,0,0,0.0,미상,미상,미상,미상,미상
내무부차관제4조,내무부차관 제4조,1,0,0,0,0,0.0,미상,미상,미상,미상,미상
내무부차관제9조,내무부차관 제9조,1,0,0,0,0,0.0,미상,미상,미상,미상,미상
내무부차관축조낭독.,내무부차관 축조낭독.,1,0,0,0,0,0.0,미상,미상,미상,미상,미상
내무부차관충분함.,내무부차관 충분함.,1,0,0,0,0,0.0,미상,미상,미상,미상,미상
내무부총무과장서정화,내무부총무과장 서정화,1,0,0,0,0,0.0,미상,미상,미상,미상,미상
내무부치안국수사지도과장정상천,내무부치안국수사지도과장 정상천,1,0,0,0,0,0.0,미상,미상,미상,미상,미상
내무부행정과장김학수,내무부행정과장 김학수,1,0,0,0,0,0.0,미상,미상,미상,미상,미상
내무위원장대리강승구,내무위원장대리 강승구,1,0,0,0,0,0.0,신민당,"경기 의정부시,양주군",남,3선,지역구
내무위원장대리김수한,내무위원장대리 김수한,1,0,0,0,0,0.0,신민당,미상,남,6선,전국구
내무위원회간사신윤창,내무위원회간사 신윤창,1,0,0,0,0,0.0,민주공화당,미상,남,재선,전국구
내무위유학성,내무위 유학성,1,0,0,0,0,0.0,미상,미상,미상,미상,미상
내무위자문각령,내무위자문 각령,1,0,0,0,0,0.0,미상,미상,미상,미상,미상
내무위자문한,내무위자문 한,1,0,0,0,0,0.0,미상,미상,미상,미상,미상
내무위전문위원식품위생법과,내무위전문위원 식품위생법과,1,0,0,0,0,0.0,미상,미상,미상,미상,미상
내무위전문위원이상선,내무위전문위원 이상선,1,0,0,0,0,0.0,미상,미상,미상,미상,미상
내무위전문위원호적,내무위전문위원 호적,1,0,0,0,0,0.0,미상,미상,미상,미상,미상
내무자문이북5도에,내무자문 이북5도에,1,0,0,0,0,0.0,미상,미상,미상,미상,미상
내무전문위원사업하는,내무전문위원 사업하는,1,0,0,0,0,0.0,미상,미상,미상,미상,미상
내무차관입안,내무차관 입안,1,0,0,0,0,0.0,미상,미상,미상,미상,미상
노동청장조희창,노동청장 조희창,1,0,0,0,0,0.0,미상,미상,미상,미상,미상
노재필위원정,노재필 위원정,1,0,0,0,0,0.0,민주공화당,"경남 양산,동래군",남,재선,지역구
노진환의원,노진환 의원,1,0,0,0,0,0.0,민주공화당,미상,남,재선,전국구
농검춘천지소장염칠환,농검춘천지소장 염칠환,1,0,0,0,0,0.0,미상,미상,미상,미상,미상
농림국장1.5정보,농림국장 1.5정보,1,0,0,0,0,0.0,미상,미상,미상,미상,미상
농림국장1962년도,농림국장 1962년도,1,0,0,0,0,0.0,미상,미상,미상,미상,미상
농림국장charts에,농림국장 charts에,1,0,0,0,0,0.0,미상,미상,미상,미상,미상
농림국장미·맥·두에,농림국장 미·맥·두에,1,0,0,0,0,0.0,미상,미상,미상,미상,미상
농림국장약간,농림국장 약간,1,0,0,0,0,0.0,미상,미상,미상,미상,미상
농림부기획관리실장채관식,농림부기획관리실장 채관식,1,0,0,0,0,0.0,미상,미상,미상,미상,미상
농림부농림국장챠-트에,농림부농림국장 챠-트에,1,0,0,0,0,0.0,미상,미상,미상,미상,미상
농림부농산물검사소장구태석,농림부농산물검사소장 구태석,1,0,0,0,0,0.0,미상,미상,미상,미상,미상
농림부농지국기감고정하,농림부농지국기감 고정하,1,0,0,0,0,0.0,미상,미상,미상,미상,미상
농림부담당관창고에,농림부담당관 창고에,1,0,0,0,0,0.0,미상,미상,미상,미상,미상
농림부수산국장김명년,농림부수산국장 김명년,1,0,0,0,0,0.0,미상,미상,미상,미상,미상
농림부양정국장이득룡,농림부양정국장 이득룡,1,0,0,0,0,0.0,미상,미상,미상,미상,미상
농림부장관1만대,농림부장관 1만대,1,0,0,0,0,0.0,미상,미상,미상,미상,미상
농림부장관2개월후이면,농림부장관 2개월후이면,1,0,0,0,0,0.0,미상,미상,미상,미상,미상
농림부장관5.7%임.,농림부장관 5.7%임.,1,0,0,0,0,0.0,미상,미상,미상,미상,미상
농림부장관갖가지,농림부장관 갖가지,1,0,0,0,0,0.0,미상,미상,미상,미상,미상
"농림부장관경비절감,","농림부장관 경비절감,",1,0,0,0,0,0.0,미상,미상,미상,미상,미상
농림부장관경작지를,농림부장관 경작지를,1,0,0,0,0,0.0,미상,미상,미상,미상,미상
농림부장관고리채정리법에,농림부장관 고리채정리법에,1,0,0,0,0,0.0,미상,미상,미상,미상,미상
농림부장관군협,농림부장관 군협,1,0,0,0,0,0.0,미상,미상,미상,미상,미상
농림부장관금년의,농림부장관 금년의,1,0,0,0,0,0.0,미상,미상,미상,미상,미상
농림부장관기간이,농림부장관 기간이,1,0,0,0,0,0.0,미상,미상,미상,미상,미상
농림부장관농어민에,농림부장관 농어민에,1,0,0,0,0,0.0,미상,미상,미상,미상,미상
농림부장관농업을,농림부장관 농업을,1,0,0,0,0,0.0,미상,미상,미상,미상,미상
농림부장관농협에서,농림부장관 농협에서,1,0,0,0,0,0.0,미상,미상,미상,미상,미상
농림부장관도에서,농림부장관 도에서,1,0,0,0,0,0.0,미상,미상,미상,미상,미상
농림부장관매상이,농림부장관 매상이,1,0,0,0,0,0.0,미상,미상,미상,미상,미상
농림부장관미곡,농림부장관 미곡,1,0,0,0,0,0.0,미상,미상,미상,미상,미상
농림부장관미국의,농림부장관 미국의,1,0,0,0,0,0.0,미상,미상,미상,미상,미상
농림부장관반대를,농림부장관 반대를,1,0,0,0,0,0.0,미상,미상,미상,미상,미상
농림부장관벌칙,농림부장관 벌칙,1,0,0,0,0,0.0,미상,미상,미상,미상,미상
농림부장관본래,농림부장관 본래,1,0,0,0,0,0.0,미상,미상,미상,미상,미상
농림부장관사전에,농림부장관 사전에,1,0,0,0,0,0.0,미상,미상,미상,미상,미상
농림부장관생산업자가,농림부장관 생산업자가,1,0,0,0,0,0.0,미상,미상,미상,미상,미상
농림부장관석탄증산에,농림부장관 석탄증산에,1,0,0,0,0,0.0,미상,미상,미상,미상,미상
농림부장관세계,농림부장관 세계,1,0,0,0,0,0.0,미상,미상,미상,미상,미상
농림부장관수리안전답,농림부장관 수리안전답,1,0,0,0,0,0.0,미상,미상,미상,미상,미상
농림부장관수리조합,농림부장관 수리조합,1,0,0,0,0,0.0,미상,미상,미상,미상,미상
농림부장관시설이,농림부장관 시설이,1,0,0,0,0,0.0,미상,미상,미상,미상,미상
농림부장관시한적으로,농림부장관 시한적으로,1,0,0,0,0,0.0,미상,미상,미상,미상,미상
농림부장관식량,농림부장관 식량,1,0,0,0,0,0.0,미상,미상,미상,미상,미상
농림부장관신고하지,농림부장관 신고하지,1,0,0,0,0,0.0,미상,미상,미상,미상,미상
농림부장관신용사업은,농림부장관 신용사업은,1,0,0,0,0,0.0,미상,미상,미상,미상,미상
농림부장관아직,농림부장관 아직,1,0,0,0,0,0.0,미상,미상,미상,미상,미상
농림부장관애로사항,농림부장관 애로사항,1,0,0,0,0,0.0,미상,미상,미상,미상,미상
농림부장관연구,농림부장관 연구,1,0,0,0,0,0.0,미상,미상,미상,미상,미상
농림부장관연구지도공무원이라고,농림부장관 연구지도공무원이라고,1,0,0,0,0,0.0,미상,미상,미상,미상,미상
농림부장관오늘,농림부장관 오늘,1,0,0,0,0,0.0,미상,미상,미상,미상,미상
농림부장관원용석(계속),농림부장관 원용석(계속),1,0,0,0,0,0.0,미상,미상,미상,미상,미상
농림부장관원조,농림부장관 원조,1,0,0,0,0,0.0,미상,미상,미상,미상,미상
농림부장관이러한,농림부장관 이러한,1,0,0,0,0,0.0,미상,미상,미상,미상,미상
농림부장관이상으로서,농림부장관 이상으로서,1,0,0,0,0,0.0,미상,미상,미상,미상,미상
농림부장관장경순,농림부장관 장경순,1,0,0,0,0,0.0,미상,미상,미상,미상,미상
농림부장관재경위,농림부장관 재경위,1,0,0,0,0,0.0,미상,미상,미상,미상,미상
농림부장관전라북도의,농림부장관 전라북도의,1,0,0,0,0,0.0,미상,미상,미상,미상,미상
"농림부장관전주,","농림부장관 전주,",1,0,0,0,0,0.0,미상,미상,미상,미상,미상
농림부장관정남규,농림부장관 정남규,1,0,0,0,0,0.0,미상,미상,미상,미상,미상
농림부장관제안취지,농림부장관 제안취지,1,0,0,0,0,0.0,미상,미상,미상,미상,미상
농림부장관지금,농림부장관 지금,1,0,0,0,0,0.0,미상,미상,미상,미상,미상
농림부장관지방에,농림부장관 지방에,1,0,0,0,0,0.0,미상,미상,미상,미상,미상
농림부장관지방장관에게,농림부장관 지방장관에게,1,0,0,0,0,0.0,미상,미상,미상,미상,미상
농림부장관지역사회개발사업은,농림부장관 지역사회개발사업은,1,0,0,0,0,0.0,미상,미상,미상,미상,미상
농림부장관최주철,농림부장관 최주철,1,0,0,0,0,0.0,미상,미상,미상,미상,미상
농림부장관통과된,농림부장관 통과된,1,0,0,0,0,0.0,미상,미상,미상,미상,미상
농림부장관평년고에,농림부장관 평년고에,1,0,0,0,0,0.0,미상,미상,미상,미상,미상
농림부장관하곡,농림부장관 하곡,1,0,0,0,0,0.0,미상,미상,미상,미상,미상
농림부장관현재,농림부장관 현재,1,0,0,0,0,0.0,미상,미상,미상,미상,미상
농림부장관호맥종자를,농림부장관 호맥종자를,1,0,0,0,0,0.0,미상,미상,미상,미상,미상
농림부차관1.,농림부차관 1.,1,0,0,0,0,0.0,미상,미상,미상,미상,미상
"농림부차관1/2,","농림부차관 1/2,",1,0,0,0,0,0.0,미상,미상,미상,미상,미상
농림부차관230만섬의,농림부차관 230만섬의,1,0,0,0,0,0.0,미상,미상,미상,미상,미상
농림부차관KFX,농림부차관 KFX,1,0,0,0,0,0.0,미상,미상,미상,미상,미상
농림부차관charts에,농림부차관 charts에,1,0,0,0,0,0.0,미상,미상,미상,미상,미상
농림부차관“용성비료”하고,농림부차관 “용성비료”하고,1,0,0,0,0,0.0,미상,미상,미상,미상,미상
농림부차관가공하지,농림부차관 가공하지,1,0,0,0,0,0.0,미상,미상,미상,미상,미상
농림부차관구법정리임.,농림부차관 구법정리임.,1,0,0,0,0,0.0,미상,미상,미상,미상,미상
농림부차관금년에는,농림부차관 금년에는,1,0,0,0,0,0.0,미상,미상,미상,미상,미상
농림부차관내무부에서,농림부차관 내무부에서,1,0,0,0,0,0.0,미상,미상,미상,미상,미상
농림부차관농림부로서는,농림부차관 농림부로서는,1,0,0,0,0,0.0,미상,미상,미상,미상,미상
농림부차관법안의,농림부차관 법안의,1,0,0,0,0,0.0,미상,미상,미상,미상,미상
농림부차관보사부와,농림부차관 보사부와,1,0,0,0,0,0.0,미상,미상,미상,미상,미상
농림부차관비료종류의,농림부차관 비료종류의,1,0,0,0,0,0.0,미상,미상,미상,미상,미상
농림부차관서울에,농림부차관 서울에,1,0,0,0,0,0.0,미상,미상,미상,미상,미상
농림부차관수산을,농림부차관 수산을,1,0,0,0,0,0.0,미상,미상,미상,미상,미상
농림부차관원가가,농림부차관 원가가,1,0,0,0,0,0.0,미상,미상,미상,미상,미상
농림부차관이득룡,농림부차관 이득룡,1,0,0,0,0,0.0,미상,미상,미상,미상,미상
농림부차관재경위,농림부차관 재경위,1,0,0,0,0,0.0,미상,미상,미상,미상,미상
농림부차관전에,농림부차관 전에,1,0,0,0,0,0.0,미상,미상,미상,미상,미상
농림부차관절량농가에,농림부차관 절량농가에,1,0,0,0,0,0.0,미상,미상,미상,미상,미상
농림부차관절반을,농림부차관 절반을,1,0,0,0,0,0.0,미상,미상,미상,미상,미상
농림부차관제22조,농림부차관 제22조,1,0,0,0,0,0.0,미상,미상,미상,미상,미상
농림부차관제4조의,농림부차관 제4조의,1,0,0,0,0,0.0,미상,미상,미상,미상,미상
농림부차관지난달,농림부차관 지난달,1,0,0,0,0,0.0,미상,미상,미상,미상,미상
농림부차관지방장관에게,농림부차관 지방장관에게,1,0,0,0,0,0.0,미상,미상,미상,미상,미상
농림위원장대리이종근,농림위원장대리 이종근,1,0,0,0,0,0.0,민주공화당,미상,남,6선,전국구
농림위원회간사최서일,농림위원회간사 최서일,1,0,0,0,0,0.0,민주공화당,전남 완도,남,초선,지역구
농림위원회전문위원한중건,농림위원회전문위원 한중건,1,0,0,0,0,0.0,미상,미상,미상,미상,미상
농림위이중령,농림위 이중령,1,0,0,0,0,0.0,미상,미상,미상,미상,미상
농림장관여기에,농림장관 여기에,1,0,0,0,0,0.0,미상,미상,미상,미상,미상
농림전문위원신영균,농림전문위원 신영균,1,0,0,0,0,0.0,미상,미상,미상,미상,미상
농림전문위원제13조,농림전문위원 제13조,1,0,0,0,0,0.0,미상,미상,미상,미상,미상
농림전문위원제19조,농림전문위원 제19조,1,0,0,0,0,0.0,미상,미상,미상,미상,미상
농림전문위원축산물검사법안,농림전문위원 축산물검사법안,1,0,0,0,0,0.0,미상,미상,미상,미상,미상
농림차관이의,농림차관 이의,1,0,0,0,0,0.0,미상,미상,미상,미상,미상
농림차관주요내용,농림차관 주요내용,1,0,0,0,0,0.0,미상,미상,미상,미상,미상
농사원장공무원,농사원장 공무원,1,0,0,0,0,0.0,미상,미상,미상,미상,미상
농사원장지도공무원이란,농사원장 지도공무원이란,1,0,0,0,0,0.0,미상,미상,미상,미상,미상
농산물검사소서울지부장윤종연,농산물검사소서울지부장 윤종연,1,0,0,0,0,0.0,미상,미상,미상,미상,미상
농수산위원장대리김재춘,농수산위원장대리 김재춘,1,0,0,0,0,0.0,민주공화당,"경기 고양시,김포,강화군",남,재선,지역구
농수산위원장대리김태규,농수산위원장대리 김태규,1,0,0,0,0,0.0,유신정우회,미상,남,초선,통일주체국민회의
농어촌개발공사총재문방흠·한국마사회회장,농어촌개발공사총재 문방흠·한국마사회회장,1,0,0,0,0,0.0,미상,미상,미상,미상,미상
농업진흥공사경상남도지사장이일영,농업진흥공사경상남도지사장 이일영,1,0,0,0,0,0.0,미상,미상,미상,미상,미상
농업진흥공사기획실장이영열,농업진흥공사기획실장 이영열,1,0,0,0,0,0.0,미상,미상,미상,미상,미상
농업진흥공사제주지사장강창희,농업진흥공사제주지사장 강창희,1,0,0,0,0,0.0,미상,미상,미상,미상,미상
농업진흥공사지사장강창희,농업진흥공사지사장 강창희,1,0,0,0,0,0.0,미상,미상,미상,미상,미상
농업협동조합경기도지부장장진협,농업협동조합경기도지부장 장진협,1,0,0,0,0,0.0,미상,미상,미상,미상,미상
농업협동조합중앙회경기도지부장김향주,농업협동조합중앙회경기도지부장 김향주,1,0,0,0,0,0.0,미상,미상,미상,미상,미상
농업협동조합중앙회부회장지금부터,농업협동조합중앙회부회장 지금부터,1,0,0,0,0,0.0,미상,미상,미상,미상,미상
농업협동조합중앙회비료과장지금,농업협동조합중앙회비료과장 지금,1,0,0,0,0,0.0,미상,미상,미상,미상,미상
농업협동조합중앙회제주지부장김영만,농업협동조합중앙회제주지부장 김영만,1,0,0,0,0,0.0,미상,미상,미상,미상,미상
농정국장6월,농정국장 6월,1,0,0,0,0,0.0,미상,미상,미상,미상,미상
농정국장6월20일에,농정국장 6월20일에,1,0,0,0,0,0.0,미상,미상,미상,미상,미상
농정국장경상도임.,농정국장 경상도임.,1,0,0,0,0,0.0,미상,미상,미상,미상,미상
농정국장구체적인,농정국장 구체적인,1,0,0,0,0,0.0,미상,미상,미상,미상,미상
농정국장그렇습니다.,농정국장 그렇습니다.,1,0,0,0,0,0.0,미상,미상,미상,미상,미상
농정국장그렇지,농정국장 그렇지,1,0,0,0,0,0.0,미상,미상,미상,미상,미상
농정국장농업협동조합법안,농정국장 농업협동조합법안,1,0,0,0,0,0.0,미상,미상,미상,미상,미상
농정국장농작물,농정국장 농작물,1,0,0,0,0,0.0,미상,미상,미상,미상,미상
농정국장돈이,농정국장 돈이,1,0,0,0,0,0.0,미상,미상,미상,미상,미상
농정국장못자리는,농정국장 못자리는,1,0,0,0,0,0.0,미상,미상,미상,미상,미상
농정국장반영토록,농정국장 반영토록,1,0,0,0,0,0.0,미상,미상,미상,미상,미상
농정국장사들일,농정국장 사들일,1,0,0,0,0,0.0,미상,미상,미상,미상,미상
농정국장소요량의,농정국장 소요량의,1,0,0,0,0,0.0,미상,미상,미상,미상,미상
농정국장예산,농정국장 예산,1,0,0,0,0,0.0,미상,미상,미상,미상,미상
농정국장준공이란,농정국장 준공이란,1,0,0,0,0,0.0,미상,미상,미상,미상,미상
농정국장현행가격은,농정국장 현행가격은,1,0,0,0,0,0.0,미상,미상,미상,미상,미상
농촌진흥원장강성기,농촌진흥원장 강성기,1,0,0,0,0,0.0,미상,미상,미상,미상,미상
농촌진흥청강원도농촌진흥원장박형두,농촌진흥청강원도농촌진흥원장 박형두,1,0,0,0,0,0.0,미상,미상,미상,미상,미상
농촌진흥청식물환경연구소장김영섭,농촌진흥청식물환경연구소장 김영섭,1,0,0,0,0,0.0,미상,미상,미상,미상,미상
농촌진흥청차장조성래,농촌진흥청차장 조성래,1,0,0,0,0,0.0,미상,미상,미상,미상,미상
농협서울시지부장최세종,농협서울시지부장 최세종,1,0,0,0,0,0.0,미상,미상,미상,미상,미상
농협제주도지부장홍석기,농협제주도지부장 홍석기,1,0,0,0,0,0.0,미상,미상,미상,미상,미상
대간첩대책본부장김재명,대간첩대책본부장 김재명,1,0,0,0,0,0.0,미상,미상,미상,미상,미상
대검찰청검사김일두,대검찰청검사 김일두,1,0,0,0,0,0.0,미상,미상,미상,미상,미상
대구고등검찰청차장검사강의석,대구고등검찰청차장검사 강의석,1,0,0,0,0,0.0,미상,미상,미상,미상,미상
대구고등법원민사과장황영섭,대구고등법원민사과장 황영섭,1,0,0,0,0,0.0,미상,미상,미상,미상,미상
대구서부세무서장김경남,대구서부세무서장 김경남,1,0,0,0,0,0.0,미상,미상,미상,미상,미상
대구지방법원무국장김병준,대구지방법원무국장 김병준,1,0,0,0,0,0.0,미상,미상,미상,미상,미상
대령윤영모,대령 윤영모,1,0,0,0,0,0.0,미상,미상,미상,미상,미상
대령윤현모,대령 윤현모,1,0,0,0,0,0.0,미상,미상,미상,미상,미상
대령장성원,대령 장성원,1,0,0,0,0,0.0,미상,미상,미상,미상,미상
대법원장3심제를,대법원장 3심제를,1,0,0,0,0,0.0,미상,미상,미상,미상,미상
대법원장5년,대법원장 5년,1,0,0,0,0,0.0,미상,미상,미상,미상,미상
대법원장8명에,대법원장 8명에,1,0,0,0,0,0.0,미상,미상,미상,미상,미상
대법원장군독권을,대법원장 군독권을,1,0,0,0,0,0.0,미상,미상,미상,미상,미상
대법원장법관으로서도,대법원장 법관으로서도,1,0,0,0,0,0.0,미상,미상,미상,미상,미상
대법원장법원이란,대법원장 법원이란,1,0,0,0,0,0.0,미상,미상,미상,미상,미상
대법원장사사건건에,대법원장 사사건건에,1,0,0,0,0,0.0,미상,미상,미상,미상,미상
대법원장실무자로서,대법원장 실무자로서,1,0,0,0,0,0.0,미상,미상,미상,미상,미상
대법원장이영섭,대법원장 이영섭,1,0,0,0,0,0.0,미상,미상,미상,미상,미상
대법원장전체에서,대법원장 전체에서,1,0,0,0,0,0.0,미상,미상,미상,미상,미상
대법원장판사들의,대법원장 판사들의,1,0,0,0,0,0.0,미상,미상,미상,미상,미상
대법원판사군독판사의,대법원판사 군독판사의,1,0,0,0,0,0.0,미상,미상,미상,미상,미상
대법원행정처장92명임.,대법원행정처장 92명임.,1,0,0,0,0,0.0,미상,미상,미상,미상,미상
대법원행정처장대법원,대법원행정처장 대법원,1,0,0,0,0,0.0,미상,미상,미상,미상,미상
대법원행정처장지난,대법원행정처장 지난,1,0,0,0,0,0.0,미상,미상,미상,미상,미상
대법원행정처장현재,대법원행정처장 현재,1,0,0,0,0,0.0,미상,미상,미상,미상,미상
대전체신청우정국장한승조,대전체신청우정국장 한승조,1,0,0,0,0,0.0,미상,미상,미상,미상,미상
대전체신청장대개,대전체신청장 대개,1,0,0,0,0,0.0,미상,미상,미상,미상,미상
대전체신청전무과장양한모,대전체신청전무과장 양한모,1,0,0,0,0,0.0,미상,미상,미상,미상,미상
대학원장박종홍,대학원장 박종홍,1,0,0,0,0,0.0,미상,미상,미상,미상,미상
대한광업제련공사이사조인복,대한광업제련공사이사 조인복,1,0,0,0,0,0.0,미상,미상,미상,미상,미상
대한광업진흥공사기획실장백운욱,대한광업진흥공사기획실장 백운욱,1,0,0,0,0,0.0,미상,미상,미상,미상,미상
대한무역진흥공사이사김희곤,대한무역진흥공사이사 김희곤,1,0,0,0,0,0.0,미상,미상,미상,미상,미상
대한변호사협회상무위원이병인,대한변호사협회상무위원 이병인,1,0,0,0,0,0.0,미상,미상,미상,미상,미상
대한산림조합연합회경상남도지부장장후석,대한산림조합연합회경상남도지부장 장후석,1,0,0,0,0,0.0,미상,미상,미상,미상,미상
대한산림조합연합회경상북도지부장김영희,대한산림조합연합회경상북도지부장 김영희,1,0,0,0,0,0.0,미상,미상,미상,미상,미상
대한석유공사기술이사김민제,대한석유공사기술이사 김민제,1,0,0,0,0,0.0,미상,미상,미상,미상,미상
대한석유공사기획실장노춘우,대한석유공사기획실장 노춘우,1,0,0,0,0,0.0,미상,미상,미상,미상,미상
대한석유공사부사장장호근,대한석유공사부사장 장호근,1,0,0,0,0,0.0,미상,미상,미상,미상,미상
대한석탄공사관리이사김형준,대한석탄공사관리이사 김형준,1,0,0,0,0,0.0,미상,미상,미상,미상,미상
대한석탄공사기획부장이광모,대한석탄공사기획부장 이광모,1,0,0,0,0,0.0,미상,미상,미상,미상,미상
대한석탄공사생산이사수송력이,대한석탄공사생산이사 수송력이,1,0,0,0,0,0.0,미상,미상,미상,미상,미상
대한석탄공사생산이사이번에,대한석탄공사생산이사 이번에,1,0,0,0,0,0.0,미상,미상,미상,미상,미상
대한석탄공사업무이사최희덕,대한석탄공사업무이사 최희덕,1,0,0,0,0,0.0,미상,미상,미상,미상,미상
대한석탄공사이사보안,대한석탄공사이사 보안,1,0,0,0,0,0.0,미상,미상,미상,미상,미상
대한석탄공사이사하나는,대한석탄공사이사 하나는,1,0,0,0,0,0.0,미상,미상,미상,미상,미상
대한석탄공사이사확정매장량,대한석탄공사이사 확정매장량,1,0,0,0,0,0.0,미상,미상,미상,미상,미상
대한손해재보험공사사장정인환,대한손해재보험공사사장 정인환,1,0,0,0,0,0.0,미상,미상,미상,미상,미상
대한손해재해보험공사사장정규황,대한손해재해보험공사사장 정규황,1,0,0,0,0,0.0,미상,미상,미상,미상,미상
대한염업주식회사경리과장유상근,대한염업주식회사경리과장 유상근,1,0,0,0,0,0.0,미상,미상,미상,미상,미상
대한염업주식회사총무이사배무남,대한염업주식회사총무이사 배무남,1,0,0,0,0,0.0,미상,미상,미상,미상,미상
대한조선공사비서실장김희양,대한조선공사비서실장 김희양,1,0,0,0,0,0.0,미상,미상,미상,미상,미상
대한조선공사사장,대한조선공사사장,1,0,0,0,0,0.0,미상,미상,미상,미상,미상
대한조선공사사장120만,대한조선공사사장 120만,1,0,0,0,0,0.0,미상,미상,미상,미상,미상
대한조선공사사장39명이,대한조선공사사장 39명이,1,0,0,0,0,0.0,미상,미상,미상,미상,미상
대한조선공사사장고문에는,대한조선공사사장 고문에는,1,0,0,0,0,0.0,미상,미상,미상,미상,미상
대한조선공사사장그것에,대한조선공사사장 그것에,1,0,0,0,0,0.0,미상,미상,미상,미상,미상
대한조선공사사장니가다,대한조선공사사장 니가다,1,0,0,0,0,0.0,미상,미상,미상,미상,미상
대한조선공사사장다음,대한조선공사사장 다음,1,0,0,0,0,0.0,미상,미상,미상,미상,미상
대한조선공사사장말씀드리겠습니다.,대한조선공사사장 말씀드리겠습니다.,1,0,0,0,0,0.0,미상,미상,미상,미상,미상
대한조선공사사장부산에는,대한조선공사사장 부산에는,1,0,0,0,0,0.0,미상,미상,미상,미상,미상
대한조선공사사장부채는,대한조선공사사장 부채는,1,0,0,0,0,0.0,미상,미상,미상,미상,미상
대한조선공사사장브리핑에는,대한조선공사사장 브리핑에는,1,0,0,0,0,0.0,미상,미상,미상,미상,미상
대한조선공사사장서울지사에는,대한조선공사사장 서울지사에는,1,0,0,0,0,0.0,미상,미상,미상,미상,미상
대한조선공사사장선주가,대한조선공사사장 선주가,1,0,0,0,0,0.0,미상,미상,미상,미상,미상
대한조선공사사장알고,대한조선공사사장 알고,1,0,0,0,0,0.0,미상,미상,미상,미상,미상
대한조선공사사장앞으로,대한조선공사사장 앞으로,1,0,0,0,0,0.0,미상,미상,미상,미상,미상
대한조선공사사장약,대한조선공사사장 약,1,0,0,0,0,0.0,미상,미상,미상,미상,미상
대한조선공사사장역원이,대한조선공사사장 역원이,1,0,0,0,0,0.0,미상,미상,미상,미상,미상
대한조선공사사장연수원,대한조선공사사장 연수원,1,0,0,0,0,0.0,미상,미상,미상,미상,미상
대한조선공사사장연수원에는,대한조선공사사장 연수원에는,1,0,0,0,0,0.0,미상,미상,미상,미상,미상
대한조선공사사장예.,대한조선공사사장 예.,1,0,0,0,0,0.0,미상,미상,미상,미상,미상
대한조선공사사장원가는,대한조선공사사장 원가는,1,0,0,0,0,0.0,미상,미상,미상,미상,미상
대한조선공사사장이것도,대한조선공사사장 이것도,1,0,0,0,0,0.0,미상,미상,미상,미상,미상
대한조선공사사장이것이,대한조선공사사장 이것이,1,0,0,0,0,0.0,미상,미상,미상,미상,미상
대한조선공사사장제가,대한조선공사사장 제가,1,0,0,0,0,0.0,미상,미상,미상,미상,미상
대한조선공사사장조선공사에서,대한조선공사사장 조선공사에서,1,0,0,0,0,0.0,미상,미상,미상,미상,미상
대한조선공사사장종전에는,대한조선공사사장 종전에는,1,0,0,0,0,0.0,미상,미상,미상,미상,미상
대한주택공사건축담당이사홍사천,대한주택공사건축담당이사 홍사천,1,0,0,0,0,0.0,미상,미상,미상,미상,미상
대한주택공사기획부장임석두,대한주택공사기획부장 임석두,1,0,0,0,0,0.0,미상,미상,미상,미상,미상
대한준설공사총무부장박상호,대한준설공사총무부장 박상호,1,0,0,0,0,0.0,미상,미상,미상,미상,미상
대한준설공사총무이사류성희,대한준설공사총무이사 류성희,1,0,0,0,0,0.0,미상,미상,미상,미상,미상
대한중석광업주식회사기술부장김영철,대한중석광업주식회사기술부장 김영철,1,0,0,0,0,0.0,미상,미상,미상,미상,미상
대한중석광업주식회사기획부기획과장강림진,대한중석광업주식회사기획부기획과장 강림진,1,0,0,0,0,0.0,미상,미상,미상,미상,미상
대한중석광업주식회사전무이사고준식,대한중석광업주식회사전무이사 고준식,1,0,0,0,0,0.0,미상,미상,미상,미상,미상
대한통운주식회사관리부장박용암,대한통운주식회사관리부장 박용암,1,0,0,0,0,0.0,미상,미상,미상,미상,미상
대한항공공사기획부장명의택,대한항공공사기획부장 명의택,1,0,0,0,0,0.0,미상,미상,미상,미상,미상
대한항공공사기획실장명의택,대한항공공사기획실장 명의택,1,0,0,0,0,0.0,미상,미상,미상,미상,미상
대한항공공사기획통제실장강을식,대한항공공사기획통제실장 강을식,1,0,0,0,0,0.0,미상,미상,미상,미상,미상
대한항공공사사장이각순,대한항공공사사장 이각순,1,0,0,0,0,0.0,미상,미상,미상,미상,미상
대한항공공사영업이사고영보,대한항공공사영업이사 고영보,1,0,0,0,0,0.0,미상,미상,미상,미상,미상
대한항공공사운영기획과장윤길용,대한항공공사운영기획과장 윤길용,1,0,0,0,0,0.0,미상,미상,미상,미상,미상
대한항공공사항공국장강호륜,대한항공공사항공국장 강호륜,1,0,0,0,0,0.0,미상,미상,미상,미상,미상
대한해운공사상무이사박종완,대한해운공사상무이사 박종완,1,0,0,0,0,0.0,미상,미상,미상,미상,미상
도로국장전준기,도로국장 전준기,1,0,0,0,0,0.0,미상,미상,미상,미상,미상
류진의원(계속),류진 의원(계속),1,0,0,0,0,0.0,신민당,미상,남,재선,전국구
류청의원(계속),류청 의원(계속),1,0,0,0,0,0.0,미상,미상,미상,미상,미상
류치송의원(계속),류치송 의원(계속),1,0,0,0,0,0.0,미상,미상,미상,미상,미상
류치송의원(위원,류치송 의원(위원,1,0,0,0,0,0.0,미상,미상,미상,미상,미상
류홍의원(계속),류홍 의원(계속),1,0,0,0,0,0.0,신민당,미상,남,3선,전국구
류홍의원(위원,류홍 의원(위원,1,0,0,0,0,0.0,신민당,미상,남,3선,전국구
마사회장실정으로,마사회장 실정으로,1,0,0,0,0,0.0,미상,미상,미상,미상,미상
마사회장제안이유,마사회장 제안이유,1,0,0,0,0,0.0,미상,미상,미상,미상,미상
마산시장,마산시장,1,0,0,0,0,0.0,미상,미상,미상,미상,미상
마산시장안재흥,마산시장 안재흥,1,0,0,0,0,0.0,미상,미상,미상,미상,미상
마산화력발전소서무과장이준권,마산화력발전소서무과장 이준권,1,0,0,0,0,0.0,미상,미상,미상,미상,미상
말레이지아대사이스밀율소후,말레이지아대사 이스밀율소후,1,0,0,0,0,0.0,미상,미상,미상,미상,미상
모세판단,모세판단,1,0,0,0,0,0.0,미상,미상,미상,미상,미상
무역공사사장오범식,무역공사사장 오범식,1,0,0,0,0,0.0,미상,미상,미상,미상,미상
무임소장관구태회,무임소장관 구태회,1,0,0,0,0,0.0,유신정우회,미상,남,6선,통일주체국민회의
무임소장관김홍식,무임소장관 김홍식,1,0,0,0,0,0.0,미상,미상,미상,미상,미상
무임소장관윤주영,무임소장관 윤주영,1,0,0,0,0,0.0,미상,미상,미상,미상,미상
무임소장관이병희,무임소장관 이병희,1,0,0,0,0,0.0,민주공화당,"경기 수원시,화성군",남,7선,지역구
무진회사대표그것은,무진회사대표 그것은,1,0,0,0,0,0.0,미상,미상,미상,미상,미상
무진회사대표필요에,무진회사대표 필요에,1,0,0,0,0,0.0,미상,미상,미상,미상,미상
문교공보위원장대리김세배,문교공보위원장대리 김세배,1,0,0,0,0,0.0,유신정우회,미상,남,3선,통일주체국민회의
문교공보위원장직무대리김종호,문교공보위원장직무대리 김종호,1,0,0,0,0,0.0,민주공화당,"강원 속초시,고성,양양",남,재선,지역구
문교공보위원회전문위원김봉호,문교공보위원회전문위원 김봉호,1,0,0,0,0,0.0,미상,미상,미상,미상,미상
문교기획관리실장신능순,문교기획관리실장 신능순,1,0,0,0,0,0.0,미상,미상,미상,미상,미상
문교부기술교육국장공포일로부터,문교부기술교육국장 공포일로부터,1,0,0,0,0,0.0,미상,미상,미상,미상,미상
문교부기술교육국장장관을,문교부기술교육국장 장관을,1,0,0,0,0,0.0,미상,미상,미상,미상,미상
문교부문예국장먼저,문교부문예국장 먼저,1,0,0,0,0,0.0,미상,미상,미상,미상,미상
문교부문예국장원안에는,문교부문예국장 원안에는,1,0,0,0,0,0.0,미상,미상,미상,미상,미상
문교부문예국장이충성,문교부문예국장 이충성,1,0,0,0,0,0.0,미상,미상,미상,미상,미상
문교부문예국장향교재단의,문교부문예국장 향교재단의,1,0,0,0,0,0.0,미상,미상,미상,미상,미상
문교부발행과장정연규,문교부발행과장 정연규,1,0,0,0,0,0.0,미상,미상,미상,미상,미상
문교부수석편수관이희복,문교부수석편수관 이희복,1,0,0,0,0,0.0,미상,미상,미상,미상,미상
문교부장관3년간,문교부장관 3년간,1,0,0,0,0,0.0,미상,미상,미상,미상,미상
문교부장관4년제,문교부장관 4년제,1,0,0,0,0,0.0,미상,미상,미상,미상,미상
"문교부장관5,000명에","문교부장관 5,000명에",1,0,0,0,0,0.0,미상,미상,미상,미상,미상
문교부장관5년,문교부장관 5년,1,0,0,0,0,0.0,미상,미상,미상,미상,미상
문교부장관교과서,문교부장관 교과서,1,0,0,0,0,0.0,미상,미상,미상,미상,미상
문교부장관교육국·,문교부장관 교육국·,1,0,0,0,0,0.0,미상,미상,미상,미상,미상
문교부장관구황실재산중,문교부장관 구황실재산중,1,0,0,0,0,0.0,미상,미상,미상,미상,미상
문교부장관국민학교,문교부장관 국민학교,1,0,0,0,0,0.0,미상,미상,미상,미상,미상
문교부장관국민학교의,문교부장관 국민학교의,1,0,0,0,0,0.0,미상,미상,미상,미상,미상
문교부장관그,문교부장관 그,1,0,0,0,0,0.0,미상,미상,미상,미상,미상
문교부장관그러면,문교부장관 그러면,1,0,0,0,0,0.0,미상,미상,미상,미상,미상
문교부장관근로학생을,문교부장관 근로학생을,1,0,0,0,0,0.0,미상,미상,미상,미상,미상
문교부장관기술습득의,문교부장관 기술습득의,1,0,0,0,0,0.0,미상,미상,미상,미상,미상
문교부장관기회,문교부장관 기회,1,0,0,0,0,0.0,미상,미상,미상,미상,미상
문교부장관나가는,문교부장관 나가는,1,0,0,0,0,0.0,미상,미상,미상,미상,미상
문교부장관내년도의,문교부장관 내년도의,1,0,0,0,0,0.0,미상,미상,미상,미상,미상
문교부장관대학의,문교부장관 대학의,1,0,0,0,0,0.0,미상,미상,미상,미상,미상
문교부장관대학정비는,문교부장관 대학정비는,1,0,0,0,0,0.0,미상,미상,미상,미상,미상
문교부장관도시에,문교부장관 도시에,1,0,0,0,0,0.0,미상,미상,미상,미상,미상
문교부장관문교부에,문교부장관 문교부에,1,0,0,0,0,0.0,미상,미상,미상,미상,미상
문교부장관문호가,문교부장관 문호가,1,0,0,0,0,0.0,미상,미상,미상,미상,미상
문교부장관별,문교부장관 별,1,0,0,0,0,0.0,미상,미상,미상,미상,미상
문교부장관보좌관제안설명.,문교부장관보좌관 제안설명.,1,0,0,0,0,0.0,미상,미상,미상,미상,미상
문교부장관시설에는,문교부장관 시설에는,1,0,0,0,0,0.0,미상,미상,미상,미상,미상
문교부장관시행령에,문교부장관 시행령에,1,0,0,0,0,0.0,미상,미상,미상,미상,미상
문교부장관예산은,문교부장관 예산은,1,0,0,0,0,0.0,미상,미상,미상,미상,미상
문교부장관오늘날,문교부장관 오늘날,1,0,0,0,0,0.0,미상,미상,미상,미상,미상
문교부장관정부안에,문교부장관 정부안에,1,0,0,0,0,0.0,미상,미상,미상,미상,미상
문교부장관존속대학,문교부장관 존속대학,1,0,0,0,0,0.0,미상,미상,미상,미상,미상
문교부장관주요골자,문교부장관 주요골자,1,0,0,0,0,0.0,미상,미상,미상,미상,미상
문교부장관현재의,문교부장관 현재의,1,0,0,0,0,0.0,미상,미상,미상,미상,미상
문교부장학관강성익,문교부장학관 강성익,1,0,0,0,0,0.0,미상,미상,미상,미상,미상
문교부장학관박성탁,문교부장학관 박성탁,1,0,0,0,0,0.0,미상,미상,미상,미상,미상
문교부차관제안이유,문교부차관 제안이유,1,0,0,0,0,0.0,미상,미상,미상,미상,미상
문교부편수국발행과장류해인,문교부편수국발행과장 류해인,1,0,0,0,0,0.0,미상,미상,미상,미상,미상
문교부편수국장이상규,문교부편수국장 이상규,1,0,0,0,0,0.0,미상,미상,미상,미상,미상
문교부학무국장과학기술연구원,문교부학무국장 과학기술연구원,1,0,0,0,0,0.0,미상,미상,미상,미상,미상
문교위고문과거,문교위고문 과거,1,0,0,0,0,0.0,미상,미상,미상,미상,미상
문사위고문사후승인하는,문사위고문 사후승인하는,1,0,0,0,0,0.0,미상,미상,미상,미상,미상
문사위담당관제2조는,문사위담당관 제2조는,1,0,0,0,0,0.0,미상,미상,미상,미상,미상
문사위오위원,문사위 오위원,1,0,0,0,0,0.0,미상,미상,미상,미상,미상
문사위원회오위원,문사위원회 오위원,1,0,0,0,0,0.0,미상,미상,미상,미상,미상
문사위자문경범죄처벌법에,문사위자문 경범죄처벌법에,1,0,0,0,0,0.0,미상,미상,미상,미상,미상
문사위자문고문석,문사위자문 고문석,1,0,0,0,0,0.0,미상,미상,미상,미상,미상
문사위자문문사위,문사위자문 문사위,1,0,0,0,0,0.0,미상,미상,미상,미상,미상
문사위자문예산에,문사위자문 예산에,1,0,0,0,0,0.0,미상,미상,미상,미상,미상
문사위자문위원고문석,문사위자문위원 고문석,1,0,0,0,0,0.0,미상,미상,미상,미상,미상
문사위전문위원「생굴」을,문사위전문위원 「생굴」을,1,0,0,0,0,0.0,미상,미상,미상,미상,미상
문사위전문위원종헌에,문사위전문위원 종헌에,1,0,0,0,0,0.0,미상,미상,미상,미상,미상
문사자문3가지,문사자문 3가지,1,0,0,0,0,0.0,미상,미상,미상,미상,미상
문사자문charts에,문사자문 charts에,1,0,0,0,0,0.0,미상,미상,미상,미상,미상
문사자문문화단체에,문사자문 문화단체에,1,0,0,0,0,0.0,미상,미상,미상,미상,미상
문사자문박사학위,문사자문 박사학위,1,0,0,0,0,0.0,미상,미상,미상,미상,미상
문사자문불가피하며,문사자문 불가피하며,1,0,0,0,0,0.0,미상,미상,미상,미상,미상
문사자문위원엄연히,문사자문위원 엄연히,1,0,0,0,0,0.0,미상,미상,미상,미상,미상
문사자문이,문사자문 이,1,0,0,0,0,0.0,미상,미상,미상,미상,미상
문사자문한의사측에서,문사자문 한의사측에서,1,0,0,0,0,0.0,미상,미상,미상,미상,미상
문예국장(축조심의),문예국장 (축조심의),1,0,0,0,0,0.0,미상,미상,미상,미상,미상
문예국장국유재가,문예국장 국유재가,1,0,0,0,0,0.0,미상,미상,미상,미상,미상
문예국장그것은,문예국장 그것은,1,0,0,0,0,0.0,미상,미상,미상,미상,미상
문예국장그럴,문예국장 그럴,1,0,0,0,0,0.0,미상,미상,미상,미상,미상
문예국장문교부장관보다,문예국장 문교부장관보다,1,0,0,0,0,0.0,미상,미상,미상,미상,미상
문예국장문교장관이,문예국장 문교장관이,1,0,0,0,0,0.0,미상,미상,미상,미상,미상
문예국장사찰의,문예국장 사찰의,1,0,0,0,0,0.0,미상,미상,미상,미상,미상
문예국장신고하게,문예국장 신고하게,1,0,0,0,0,0.0,미상,미상,미상,미상,미상
문예국장이,문예국장 이,1,0,0,0,0,0.0,미상,미상,미상,미상,미상
문예국장재산관리인을,문예국장 재산관리인을,1,0,0,0,0,0.0,미상,미상,미상,미상,미상
문예국장제46조에,문예국장 제46조에,1,0,0,0,0,0.0,미상,미상,미상,미상,미상
문화공보부차관홍경모,문화공보부차관 홍경모,1,0,0,0,0,0.0,미상,미상,미상,미상,미상
문화공보위원장대리김성두,문화공보위원장대리 김성두,1,0,0,0,0,0.0,민주공화당,미상,남,재선,전국구
문화공부장관홍종철,문화공부장관 홍종철,1,0,0,0,0,0.0,미상,미상,미상,미상,미상
문화예술진흥,문화예술 진흥,1,0,0,0,0,0.0,미상,미상,미상,미상,미상
문화재관리국문화재과장임봉식,문화재관리국문화재과장 임봉식,1,0,0,0,0,0.0,미상,미상,미상,미상,미상
문화재관리국서무과장장인숙,문화재관리국서무과장 장인숙,1,0,0,0,0,0.0,미상,미상,미상,미상,미상
문화재관리국장그것은,문화재관리국장 그것은,1,0,0,0,0,0.0,미상,미상,미상,미상,미상
문화재관리국장이,문화재관리국장 이,1,0,0,0,0,0.0,미상,미상,미상,미상,미상
미국회의원한국시찰단단장칼,미국회의원한국시찰단단장 칼,1,0,0,0,0,0.0,미상,미상,미상,미상,미상
민병권의원(위원,민병권 의원(위원,1,0,0,0,0,0.0,민주공화당,"경남 함양,거창군",남,4선,지역구
박고문,박 고문,1,0,0,0,0,0.0,미상,미상,미상,미상,미상
박규상의원,박규상 의원,1,0,0,0,0,0.0,민주공화당,미상,남,초선,전국구
박기출의원(위원,박기출 의원(위원,1,0,0,0,0,0.0,신민당,부산 동구,남,초선,지역구
박동묘KNA,박동묘 KNA,1,0,0,0,0,0.0,미상,미상,미상,미상,미상
박동묘개간사업에,박동묘 개간사업에,1,0,0,0,0,0.0,미상,미상,미상,미상,미상
박위원장7월30일,박위원장 7월30일,1,0,0,0,0,0.0,미상,미상,미상,미상,미상
박위원장“원호청의,박위원장 “원호청의,1,0,0,0,0,0.0,미상,미상,미상,미상,미상
박위원장각군,박위원장 각군,1,0,0,0,0,0.0,미상,미상,미상,미상,미상
박위원장개별적,박위원장 개별적,1,0,0,0,0,0.0,미상,미상,미상,미상,미상
박위원장경쟁에서,박위원장 경쟁에서,1,0,0,0,0,0.0,미상,미상,미상,미상,미상
박위원장공무원,박위원장 공무원,1,0,0,0,0,0.0,미상,미상,미상,미상,미상
박위원장국토개발사업은,박위원장 국토개발사업은,1,0,0,0,0,0.0,미상,미상,미상,미상,미상
박위원장국토건설사업,박위원장 국토건설사업,1,0,0,0,0,0.0,미상,미상,미상,미상,미상
박위원장군과의,박위원장 군과의,1,0,0,0,0,0.0,미상,미상,미상,미상,미상
박위원장대한상공회의소와,박위원장 대한상공회의소와,1,0,0,0,0,0.0,미상,미상,미상,미상,미상
박위원장도망에,박위원장 도망에,1,0,0,0,0,0.0,미상,미상,미상,미상,미상
박위원장법률고문과,박위원장 법률고문과,1,0,0,0,0,0.0,미상,미상,미상,미상,미상
박위원장법사위에서,박위원장 법사위에서,1,0,0,0,0,0.0,미상,미상,미상,미상,미상
박위원장복구지침을,박위원장 복구지침을,1,0,0,0,0,0.0,미상,미상,미상,미상,미상
박위원장본,박위원장 본,1,0,0,0,0,0.0,미상,미상,미상,미상,미상
박위원장상공부에서,박위원장 상공부에서,1,0,0,0,0,0.0,미상,미상,미상,미상,미상
박위원장신원조사는,박위원장 신원조사는,1,0,0,0,0,0.0,미상,미상,미상,미상,미상
박위원장신임,박위원장 신임,1,0,0,0,0,0.0,미상,미상,미상,미상,미상
박위원장앞으로,박위원장 앞으로,1,0,0,0,0,0.0,미상,미상,미상,미상,미상
박위원장양,박위원장 양,1,0,0,0,0,0.0,미상,미상,미상,미상,미상
박위원장예산,박위원장 예산,1,0,0,0,0,0.0,미상,미상,미상,미상,미상
박위원장예산관계,박위원장 예산관계,1,0,0,0,0,0.0,미상,미상,미상,미상,미상
박위원장의장고문으로,박위원장 의장고문으로,1,0,0,0,0,0.0,미상,미상,미상,미상,미상
박위원장이,박위원장 이,1,0,0,0,0,0.0,미상,미상,미상,미상,미상
박위원장이번,박위원장 이번,1,0,0,0,0,0.0,미상,미상,미상,미상,미상
박위원장임기,박위원장 임기,1,0,0,0,0,0.0,미상,미상,미상,미상,미상
박위원장자재,박위원장 자재,1,0,0,0,0,0.0,미상,미상,미상,미상,미상
박위원장작년,박위원장 작년,1,0,0,0,0,0.0,미상,미상,미상,미상,미상
박위원장장교의,박위원장 장교의,1,0,0,0,0,0.0,미상,미상,미상,미상,미상
박위원장장군에,박위원장 장군에,1,0,0,0,0,0.0,미상,미상,미상,미상,미상
박위원장재무부장관과,박위원장 재무부장관과,1,0,0,0,0,0.0,미상,미상,미상,미상,미상
박위원장제11조,박위원장 제11조,1,0,0,0,0,0.0,미상,미상,미상,미상,미상
박위원장제6조1에,박위원장 제6조1에,1,0,0,0,0,0.0,미상,미상,미상,미상,미상
박위원장죄과가,박위원장 죄과가,1,0,0,0,0,0.0,미상,미상,미상,미상,미상
박위원장지방,박위원장 지방,1,0,0,0,0,0.0,미상,미상,미상,미상,미상
박위원장질의에,박위원장 질의에,1,0,0,0,0,0.0,미상,미상,미상,미상,미상
박위원장최고위원은,박위원장 최고위원은,1,0,0,0,0,0.0,미상,미상,미상,미상,미상
박위원장최고회의에서,박위원장 최고회의에서,1,0,0,0,0,0.0,미상,미상,미상,미상,미상
박위원장큰,박위원장 큰,1,0,0,0,0,0.0,미상,미상,미상,미상,미상
박위원장특별한,박위원장 특별한,1,0,0,0,0,0.0,미상,미상,미상,미상,미상
박위원장표결에,박위원장 표결에,1,0,0,0,0,0.0,미상,미상,미상,미상,미상
박위원장학술연구를,박위원장 학술연구를,1,0,0,0,0,0.0,미상,미상,미상,미상,미상
박위원장현,박위원장 현,1,0,0,0,0,0.0,미상,미상,미상,미상,미상
박위원장효소,박위원장 효소,1,0,0,0,0,0.0,미상,미상,미상,미상,미상
박의장24회,박의장 24회,1,0,0,0,0,0.0,미상,미상,미상,미상,미상
박의장개회,박의장 개회,1,0,0,0,0,0.0,미상,미상,미상,미상,미상
박의장그다음에,박의장 그다음에,1,0,0,0,0,0.0,미상,미상,미상,미상,미상
박의장말을,박의장 말을,1,0,0,0,0,0.0,미상,미상,미상,미상,미상
박의장신문이나,박의장 신문이나,1,0,0,0,0,0.0,미상,미상,미상,미상,미상
박의장이것으로,박의장 이것으로,1,0,0,0,0,0.0,미상,미상,미상,미상,미상
박의장정,박의장 정,1,0,0,0,0,0.0,미상,미상,미상,미상,미상
박의장정보비에,박의장 정보비에,1,0,0,0,0,0.0,미상,미상,미상,미상,미상
박의장정보활동은,박의장 정보활동은,1,0,0,0,0,0.0,미상,미상,미상,미상,미상
박의장표결결과,박의장 표결결과,1,0,0,0,0,0.0,미상,미상,미상,미상,미상
박의장회의를,박의장 회의를,1,0,0,0,0,0.0,미상,미상,미상,미상,미상
박일경(,박일경 (,1,0,0,0,0,0.0,미상,미상,미상,미상,미상
박일경1급,박일경 1급,1,0,0,0,0,0.0,미상,미상,미상,미상,미상
박일경법제처장,박일경 법제처장,1,0,0,0,0,0.0,미상,미상,미상,미상,미상
박일경제3조에,박일경 제3조에,1,0,0,0,0,0.0,미상,미상,미상,미상,미상
박일경제4조에,박일경 제4조에,1,0,0,0,0,0.0,미상,미상,미상,미상,미상
박일경제5조,박일경 제5조,1,0,0,0,0,0.0,미상,미상,미상,미상,미상
박일경제5조에,박일경 제5조에,1,0,0,0,0,0.0,미상,미상,미상,미상,미상
박일경제6조,박일경 제6조,1,0,0,0,0,0.0,미상,미상,미상,미상,미상
박일경조례,박일경 조례,1,0,0,0,0,0.0,미상,미상,미상,미상,미상
박일경지방자치단체,박일경 지방자치단체,1,0,0,0,0,0.0,미상,미상,미상,미상,미상
박일경타,박일경 타,1,0,0,0,0,0.0,미상,미상,미상,미상,미상
박재명범무감,박재명 범무감,1,0,0,0,0,0.0,미상,미상,미상,미상,미상
박찬위원(계속),박찬 위원(계속),1,0,0,0,0,0.0,민정당,충남 공주,남,3선,지역구
박태원위원,박태원 위원,1,0,0,0,0,0.0,민주공화당,미상,남,초선,전국구
박태준위원삽입하겠음.,박태준위원 삽입하겠음.,1,0,0,0,0,0.0,미상,미상,미상,미상,미상
박태준중소기업은행,박태준 중소기업은행,1,0,0,0,0,0.0,미상,미상,미상,미상,미상
반장대리강필선,반장대리 강필선,1,0,0,0,0,0.0,신민당,미상,남,초선,전국구
반장대리김상흠,반장대리 김상흠,1,0,0,0,0,0.0,신민당,전북 고창군,남,재선,지역구
반장대리김수한,반장대리 김수한,1,0,0,0,0,0.0,신민당,서울 영등포구을,남,6선,지역구
반장대리김인,반장대리 김인,1,0,0,0,0,0.0,민주공화당,경북 상주,남,초선,지역구
반장대리김중태,반장대리 김중태,1,0,0,0,0,0.0,민주공화당,전남 여천,남,초선,지역구
반장대리문형태,반장대리 문형태,1,0,0,0,0,0.0,민주공화당,"전남 곡성,화순군",남,3선,지역구
반장대리민병권,반장대리 민병권,1,0,0,0,0,0.0,민주공화당,"경남 함양,거창군",남,4선,지역구
반장대리방일홍,반장대리 방일홍,1,0,0,0,0,0.0,신민당,미상,남,초선,전국구
반장대리신윤창,반장대리 신윤창,1,0,0,0,0,0.0,민주공화당,미상,남,재선,전국구
반장대리양정규,반장대리 양정규,1,0,0,0,0,0.0,민주공화당,"제주 제주,북제주군",남,6선,지역구
반장대리양회수,반장대리 양회수,1,0,0,0,0,0.0,신민당,"전남 곡성,화순군",남,재선,지역구
반장대리이영호,반장대리 이영호,1,0,0,0,0,0.0,민주공화당,미상,남,초선,전국구
반장대리이원영,반장대리 이원영,1,0,0,0,0,0.0,민주공화당,미상,남,초선,전국구
반장대리이진용,반장대리 이진용,1,0,0,0,0,0.0,민주공화당,"경기 의정부시,양주군",남,재선,지역구
반장대리이학만,반장대리 이학만,1,0,0,0,0,0.0,민주공화당,경남 거제,남,초선,지역구
반장대리이형우,반장대리 이형우,1,0,0,0,0,0.0,신민당,경북 경산,남,초선,지역구
반장대리최고위원,반장대리 최고위원,1,0,0,0,0,0.0,미상,미상,미상,미상,미상
반장정래동,반장 정래동,1,0,0,0,0,0.0,미상,미상,미상,미상,미상
반장정헌조,반장 정헌조,1,0,0,0,0,0.0,민주공화당,"전남 함평,영광군",남,재선,지역구
방송지도관리,방송 지도관리,1,0,0,0,0,0.0,미상,미상,미상,미상,미상
백운상Slide에,백운상 Slide에,1,0,0,0,0,0.0,미상,미상,미상,미상,미상
법대학장외국에는,법대학장 외국에는,1,0,0,0,0,0.0,미상,미상,미상,미상,미상
법대학장장차,법대학장 장차,1,0,0,0,0,0.0,미상,미상,미상,미상,미상
법령공포,법령 공포,1,0,0,0,0,0.0,미상,미상,미상,미상,미상
법무감1군사령부의,법무감 1군사령부의,1,0,0,0,0,0.0,미상,미상,미상,미상,미상
법무감600만환은,법무감 600만환은,1,0,0,0,0,0.0,미상,미상,미상,미상,미상
법무감감찰,법무감 감찰,1,0,0,0,0,0.0,미상,미상,미상,미상,미상
법무감감찰감실에서,법무감 감찰감실에서,1,0,0,0,0,0.0,미상,미상,미상,미상,미상
법무감검찰과에서,법무감 검찰과에서,1,0,0,0,0,0.0,미상,미상,미상,미상,미상
법무감공소기소,법무감 공소기소,1,0,0,0,0,0.0,미상,미상,미상,미상,미상
법무감본건,법무감 본건,1,0,0,0,0,0.0,미상,미상,미상,미상,미상
법무감송치되었을,법무감 송치되었을,1,0,0,0,0,0.0,미상,미상,미상,미상,미상
법무감신품이,법무감 신품이,1,0,0,0,0,0.0,미상,미상,미상,미상,미상
법무감이,법무감 이,1,0,0,0,0,0.0,미상,미상,미상,미상,미상
법무감체포를,법무감 체포를,1,0,0,0,0,0.0,미상,미상,미상,미상,미상
법무과장처음,법무과장 처음,1,0,0,0,0,0.0,미상,미상,미상,미상,미상
법무과장축조심의.,법무과장 축조심의.,1,0,0,0,0,0.0,미상,미상,미상,미상,미상
법무과장확실한,법무과장 확실한,1,0,0,0,0,0.0,미상,미상,미상,미상,미상
법무관법적으로,법무관 법적으로,1,0,0,0,0,0.0,미상,미상,미상,미상,미상
법무부검찰과장장영순,법무부검찰과장 장영순,1,0,0,0,0,0.0,미상,미상,미상,미상,미상
법무부관계관charts에,법무부관계관 charts에,1,0,0,0,0,0.0,미상,미상,미상,미상,미상
법무부기획관리실장라길조,법무부기획관리실장 라길조,1,0,0,0,0,0.0,미상,미상,미상,미상,미상
법무부장관19일,법무부장관 19일,1,0,0,0,0,0.0,미상,미상,미상,미상,미상
법무부장관3·15,법무부장관 3·15,1,0,0,0,0,0.0,미상,미상,미상,미상,미상
법무부장관8·15를,법무부장관 8·15를,1,0,0,0,0,0.0,미상,미상,미상,미상,미상
법무부장관공보부에서,법무부장관 공보부에서,1,0,0,0,0,0.0,미상,미상,미상,미상,미상
법무부장관귀휴,법무부장관 귀휴,1,0,0,0,0,0.0,미상,미상,미상,미상,미상
법무부장관대상자는,법무부장관 대상자는,1,0,0,0,0,0.0,미상,미상,미상,미상,미상
"법무부장관소요죄,","법무부장관 소요죄,",1,0,0,0,0,0.0,미상,미상,미상,미상,미상
법무부장관숫자는,법무부장관 숫자는,1,0,0,0,0,0.0,미상,미상,미상,미상,미상
법무부장관시기문제가,법무부장관 시기문제가,1,0,0,0,0,0.0,미상,미상,미상,미상,미상
법무부장관앞으로,법무부장관 앞으로,1,0,0,0,0,0.0,미상,미상,미상,미상,미상
법무부장관인간심리,법무부장관 인간심리,1,0,0,0,0,0.0,미상,미상,미상,미상,미상
법무부장관일상시의,법무부장관 일상시의,1,0,0,0,0,0.0,미상,미상,미상,미상,미상
법무부장관제안설명.,법무부장관 제안설명.,1,0,0,0,0,0.0,미상,미상,미상,미상,미상
법무부장관최고회의,법무부장관 최고회의,1,0,0,0,0,0.0,미상,미상,미상,미상,미상
법무부장관행정적,법무부장관 행정적,1,0,0,0,0,0.0,미상,미상,미상,미상,미상
법무부장관현재로서는,법무부장관 현재로서는,1,0,0,0,0,0.0,미상,미상,미상,미상,미상
법무부장관형무소,법무부장관 형무소,1,0,0,0,0,0.0,미상,미상,미상,미상,미상
법무부장관형무소에서,법무부장관 형무소에서,1,0,0,0,0,0.0,미상,미상,미상,미상,미상
법무부차관검찰,법무부차관 검찰,1,0,0,0,0,0.0,미상,미상,미상,미상,미상
법무부차관부정축재처리법에,법무부차관 부정축재처리법에,1,0,0,0,0,0.0,미상,미상,미상,미상,미상
법무부차관제20조의,법무부차관 제20조의,1,0,0,0,0,0.0,미상,미상,미상,미상,미상
법무부차관제안이유,법무부차관 제안이유,1,0,0,0,0,0.0,미상,미상,미상,미상,미상
법무부총무과장심성택,법무부총무과장 심성택,1,0,0,0,0,0.0,미상,미상,미상,미상,미상
법무부형무국장가석방,법무부형무국장 가석방,1,0,0,0,0,0.0,미상,미상,미상,미상,미상
법무부형무국장간수를,법무부형무국장 간수를,1,0,0,0,0,0.0,미상,미상,미상,미상,미상
법무부형정국장금년에,법무부형정국장 금년에,1,0,0,0,0,0.0,미상,미상,미상,미상,미상
법무부형정국장반대해,법무부형정국장 반대해,1,0,0,0,0,0.0,미상,미상,미상,미상,미상
법무부형정국장정부예산을,법무부형정국장 정부예산을,1,0,0,0,0,0.0,미상,미상,미상,미상,미상
법무장관상인에게,법무장관 상인에게,1,0,0,0,0,0.0,미상,미상,미상,미상,미상
법무장관선진국에서는,법무장관 선진국에서는,1,0,0,0,0,0.0,미상,미상,미상,미상,미상
법무장관지난번에,법무장관 지난번에,1,0,0,0,0,0.0,미상,미상,미상,미상,미상
법사위서위원,법사위 서위원,1,0,0,0,0,0.0,미상,미상,미상,미상,미상
법사위원장제5조를,법사위원장 제5조를,1,0,0,0,0,0.0,미상,미상,미상,미상,미상
법사위원장특별회계를,법사위원장 특별회계를,1,0,0,0,0,0.0,미상,미상,미상,미상,미상
법사위원장해외재산도피방지법이,법사위원장 해외재산도피방지법이,1,0,0,0,0,0.0,미상,미상,미상,미상,미상
법사위원회전문위원,법사위원회 전문위원,1,0,0,0,0,0.0,미상,미상,미상,미상,미상
법사위자문법안내용,법사위자문 법안내용,1,0,0,0,0,0.0,미상,미상,미상,미상,미상
법사위자문외국환은행이,법사위자문 외국환은행이,1,0,0,0,0,0.0,미상,미상,미상,미상,미상
법사위자문위원(선우)공무원으로서의,법사위자문위원(선우) 공무원으로서의,1,0,0,0,0,0.0,미상,미상,미상,미상,미상
법사위자문위원(선우)기밀사항,법사위자문위원(선우) 기밀사항,1,0,0,0,0,0.0,미상,미상,미상,미상,미상
법사위자문제안내용,법사위자문 제안내용,1,0,0,0,0,0.0,미상,미상,미상,미상,미상
법사위자문제안취지,법사위자문 제안취지,1,0,0,0,0,0.0,미상,미상,미상,미상,미상
법사위자문축조심의.,법사위자문 축조심의.,1,0,0,0,0,0.0,미상,미상,미상,미상,미상
법사위전문위원제안이유,법사위전문위원 제안이유,1,0,0,0,0,0.0,미상,미상,미상,미상,미상
법사자문③은,법사자문 ③은,1,0,0,0,0,0.0,미상,미상,미상,미상,미상
법사자문경호문제도,법사자문 경호문제도,1,0,0,0,0,0.0,미상,미상,미상,미상,미상
법사자문공장저당법과,법사자문 공장저당법과,1,0,0,0,0,0.0,미상,미상,미상,미상,미상
법사자문구법,법사자문 구법,1,0,0,0,0,0.0,미상,미상,미상,미상,미상
법사자문사건,법사자문 사건,1,0,0,0,0,0.0,미상,미상,미상,미상,미상
법사자문위원구법정리임.,법사자문위원 구법정리임.,1,0,0,0,0,0.0,미상,미상,미상,미상,미상
법사자문위원법무부장관,법사자문위원 법무부장관,1,0,0,0,0,0.0,미상,미상,미상,미상,미상
법사자문제31조의,법사자문 제31조의,1,0,0,0,0,0.0,미상,미상,미상,미상,미상
법사자문제40조에서는,법사자문 제40조에서는,1,0,0,0,0,0.0,미상,미상,미상,미상,미상
법사자문제4조,법사자문 제4조,1,0,0,0,0,0.0,미상,미상,미상,미상,미상
법사자문제안취지,법사자문 제안취지,1,0,0,0,0,0.0,미상,미상,미상,미상,미상
법사자문축조심의.,법사자문 축조심의.,1,0,0,0,0,0.0,미상,미상,미상,미상,미상
법사자문충분히,법사자문 충분히,1,0,0,0,0,0.0,미상,미상,미상,미상,미상
법안골자,법안골자,1,0,0,0,0,0.0,미상,미상,미상,미상,미상
법원행정처기획과장,법원행정처기획과장,1,0,0,0,0,0.0,미상,미상,미상,미상,미상
법원행정처조사국장노세우,법원행정처조사국장 노세우,1,0,0,0,0,0.0,미상,미상,미상,미상,미상
법제사법위원장대리朴燦,법제사법위원장대리 朴燦,1,0,0,0,0,0.0,미상,미상,미상,미상,미상
법제사법위원장대리김숙현,법제사법위원장대리 김숙현,1,0,0,0,0,0.0,민주공화당,경기 인천시병,남,3선,지역구
법제사법위원회자문위원유민상,법제사법위원회자문위원 유민상,1,0,0,0,0,0.0,미상,미상,미상,미상,미상
법제처기획관리관유정규,법제처기획관리관 유정규,1,0,0,0,0,0.0,미상,미상,미상,미상,미상
법제처장8항에,법제처장 8항에,1,0,0,0,0,0.0,미상,미상,미상,미상,미상
법제처장각,법제처장 각,1,0,0,0,0,0.0,미상,미상,미상,미상,미상
법제처장각원들,법제처장 각원들,1,0,0,0,0,0.0,미상,미상,미상,미상,미상
법제처장계속,법제처장 계속,1,0,0,0,0,0.0,미상,미상,미상,미상,미상
법제처장공보부에서,법제처장 공보부에서,1,0,0,0,0,0.0,미상,미상,미상,미상,미상
법제처장구황족의,법제처장 구황족의,1,0,0,0,0,0.0,미상,미상,미상,미상,미상
법제처장그렇게,법제처장 그렇게,1,0,0,0,0,0.0,미상,미상,미상,미상,미상
법제처장나중에,법제처장 나중에,1,0,0,0,0,0.0,미상,미상,미상,미상,미상
법제처장낭독,법제처장 낭독,1,0,0,0,0,0.0,미상,미상,미상,미상,미상
법제처장내각수반도,법제처장 내각수반도,1,0,0,0,0,0.0,미상,미상,미상,미상,미상
법제처장내각안에,법제처장 내각안에,1,0,0,0,0,0.0,미상,미상,미상,미상,미상
법제처장내각에서는,법제처장 내각에서는,1,0,0,0,0,0.0,미상,미상,미상,미상,미상
법제처장농촌진흥기관이라고,법제처장 농촌진흥기관이라고,1,0,0,0,0,0.0,미상,미상,미상,미상,미상
법제처장다음,법제처장 다음,1,0,0,0,0,0.0,미상,미상,미상,미상,미상
법제처장도,법제처장 도,1,0,0,0,0,0.0,미상,미상,미상,미상,미상
법제처장돌아오면,법제처장 돌아오면,1,0,0,0,0,0.0,미상,미상,미상,미상,미상
법제처장문홍주,법제처장 문홍주,1,0,0,0,0,0.0,미상,미상,미상,미상,미상
법제처장박일경,법제처장 박일경,1,0,0,0,0,0.0,미상,미상,미상,미상,미상
법제처장부칙의,법제처장 부칙의,1,0,0,0,0,0.0,미상,미상,미상,미상,미상
법제처장생활능력이,법제처장 생활능력이,1,0,0,0,0,0.0,미상,미상,미상,미상,미상
법제처장수산시험장은,법제처장 수산시험장은,1,0,0,0,0,0.0,미상,미상,미상,미상,미상
법제처장시행일은,법제처장 시행일은,1,0,0,0,0,0.0,미상,미상,미상,미상,미상
법제처장어업,법제처장 어업,1,0,0,0,0,0.0,미상,미상,미상,미상,미상
법제처장어촌진흥법,법제처장 어촌진흥법,1,0,0,0,0,0.0,미상,미상,미상,미상,미상
법제처장외무부의,법제처장 외무부의,1,0,0,0,0,0.0,미상,미상,미상,미상,미상
법제처장이것을,법제처장 이것을,1,0,0,0,0,0.0,미상,미상,미상,미상,미상
법제처장이선중,법제처장 이선중,1,0,0,0,0,0.0,미상,미상,미상,미상,미상
법제처장인원,법제처장 인원,1,0,0,0,0,0.0,미상,미상,미상,미상,미상
법제처장재산목록이,법제처장 재산목록이,1,0,0,0,0,0.0,미상,미상,미상,미상,미상
법제처장제10조,법제처장 제10조,1,0,0,0,0,0.0,미상,미상,미상,미상,미상
법제처장제16조,법제처장 제16조,1,0,0,0,0,0.0,미상,미상,미상,미상,미상
법제처장제9조,법제처장 제9조,1,0,0,0,0,0.0,미상,미상,미상,미상,미상
법제처장제목을,법제처장 제목을,1,0,0,0,0,0.0,미상,미상,미상,미상,미상
법제처장조직상의,법제처장 조직상의,1,0,0,0,0,0.0,미상,미상,미상,미상,미상
법제처장중복한다고,법제처장 중복한다고,1,0,0,0,0,0.0,미상,미상,미상,미상,미상
법제처장축조심의.,법제처장 축조심의.,1,0,0,0,0,0.0,미상,미상,미상,미상,미상
법제처장현재,법제처장 현재,1,0,0,0,0,0.0,미상,미상,미상,미상,미상
법제처차장내무부에서,법제처차장 내무부에서,1,0,0,0,0,0.0,미상,미상,미상,미상,미상
법제처차장네,법제처차장 네,1,0,0,0,0,0.0,미상,미상,미상,미상,미상
법제처차장수반을,법제처차장 수반을,1,0,0,0,0,0.0,미상,미상,미상,미상,미상
병무국장1안,병무국장 1안,1,0,0,0,0,0.0,미상,미상,미상,미상,미상
병무국장「내각수반이,병무국장 「내각수반이,1,0,0,0,0,0.0,미상,미상,미상,미상,미상
병무국장개정되는,병무국장 개정되는,1,0,0,0,0,0.0,미상,미상,미상,미상,미상
병무국장개정법률안,병무국장 개정법률안,1,0,0,0,0,0.0,미상,미상,미상,미상,미상
병무국장경미한,병무국장 경미한,1,0,0,0,0,0.0,미상,미상,미상,미상,미상
병무국장고려되지,병무국장 고려되지,1,0,0,0,0,0.0,미상,미상,미상,미상,미상
병무국장공석을,병무국장 공석을,1,0,0,0,0,0.0,미상,미상,미상,미상,미상
병무국장군의,병무국장 군의,1,0,0,0,0,0.0,미상,미상,미상,미상,미상
병무국장군인,병무국장 군인,1,0,0,0,0,0.0,미상,미상,미상,미상,미상
병무국장대체적,병무국장 대체적,1,0,0,0,0,0.0,미상,미상,미상,미상,미상
병무국장대통령령인,병무국장 대통령령인,1,0,0,0,0,0.0,미상,미상,미상,미상,미상
병무국장두,병무국장 두,1,0,0,0,0,0.0,미상,미상,미상,미상,미상
병무국장매년,병무국장 매년,1,0,0,0,0,0.0,미상,미상,미상,미상,미상
병무국장미비한,병무국장 미비한,1,0,0,0,0,0.0,미상,미상,미상,미상,미상
병무국장변동,병무국장 변동,1,0,0,0,0,0.0,미상,미상,미상,미상,미상
병무국장병역법에서,병무국장 병역법에서,1,0,0,0,0,0.0,미상,미상,미상,미상,미상
병무국장사면법을,병무국장 사면법을,1,0,0,0,0,0.0,미상,미상,미상,미상,미상
병무국장소급해서,병무국장 소급해서,1,0,0,0,0,0.0,미상,미상,미상,미상,미상
병무국장시간만,병무국장 시간만,1,0,0,0,0,0.0,미상,미상,미상,미상,미상
병무국장신구,병무국장 신구,1,0,0,0,0,0.0,미상,미상,미상,미상,미상
병무국장실질적으로,병무국장 실질적으로,1,0,0,0,0,0.0,미상,미상,미상,미상,미상
병무국장심사위의,병무국장 심사위의,1,0,0,0,0,0.0,미상,미상,미상,미상,미상
병무국장업무처리상,병무국장 업무처리상,1,0,0,0,0,0.0,미상,미상,미상,미상,미상
병무국장연말까지,병무국장 연말까지,1,0,0,0,0,0.0,미상,미상,미상,미상,미상
"병무국장예,","병무국장 예,",1,0,0,0,0,0.0,미상,미상,미상,미상,미상
병무국장인권을,병무국장 인권을,1,0,0,0,0,0.0,미상,미상,미상,미상,미상
병무국장인사법,병무국장 인사법,1,0,0,0,0,0.0,미상,미상,미상,미상,미상
병무국장인사법과,병무국장 인사법과,1,0,0,0,0,0.0,미상,미상,미상,미상,미상
병무국장인적,병무국장 인적,1,0,0,0,0,0.0,미상,미상,미상,미상,미상
병무국장임시,병무국장 임시,1,0,0,0,0,0.0,미상,미상,미상,미상,미상
병무국장장교,병무국장 장교,1,0,0,0,0,0.0,미상,미상,미상,미상,미상
병무국장장교는,병무국장 장교는,1,0,0,0,0,0.0,미상,미상,미상,미상,미상
병무국장전자는,병무국장 전자는,1,0,0,0,0,0.0,미상,미상,미상,미상,미상
병무국장정착대부법에,병무국장 정착대부법에,1,0,0,0,0,0.0,미상,미상,미상,미상,미상
병무국장제64조,병무국장 제64조,1,0,0,0,0,0.0,미상,미상,미상,미상,미상
병무국장준위,병무국장 준위,1,0,0,0,0,0.0,미상,미상,미상,미상,미상
병무국장지금,병무국장 지금,1,0,0,0,0,0.0,미상,미상,미상,미상,미상
병무국장진급,병무국장 진급,1,0,0,0,0,0.0,미상,미상,미상,미상,미상
병무국장진급시킬,병무국장 진급시킬,1,0,0,0,0,0.0,미상,미상,미상,미상,미상
병무국장챠-트에,병무국장 챠-트에,1,0,0,0,0,0.0,미상,미상,미상,미상,미상
병무국장최고의,병무국장 최고의,1,0,0,0,0,0.0,미상,미상,미상,미상,미상
병무국장축조설명.,병무국장 축조설명.,1,0,0,0,0,0.0,미상,미상,미상,미상,미상
병무국장해병대,병무국장 해병대,1,0,0,0,0,0.0,미상,미상,미상,미상,미상
병무국장현행,병무국장 현행,1,0,0,0,0,0.0,미상,미상,미상,미상,미상
병무청차장김종필,병무청차장 김종필,1,0,0,0,0,0.0,민주공화당,충남 부여군,남,9선,지역구
보건국장미국에서도,보건국장 미국에서도,1,0,0,0,0,0.0,미상,미상,미상,미상,미상
보건사회부보건원장김명수,보건사회부보건원장 김명수,1,0,0,0,0,0.0,미상,미상,미상,미상,미상
보건사회부장관수해복구대책에,보건사회부장관 수해복구대책에,1,0,0,0,0,0.0,미상,미상,미상,미상,미상
보건사회위원장대리김성진(계속),보건사회위원장대리 김성진(계속),1,0,0,0,0,0.0,민주공화당,미상,남,초선,전국구
보건사회위원회간사홍익표,보건사회위원회간사 홍익표,1,0,0,0,0,0.0,민주당,"경기 연천,포천,가평군",남,6선,지역구
보고사항,보고사항,1,0,0,0,0,0.0,미상,미상,미상,미상,미상
보사부부녀국장거기에,보사부부녀국장 거기에,1,0,0,0,0,0.0,미상,미상,미상,미상,미상
보사부부녀국장제27조에,보사부부녀국장 제27조에,1,0,0,0,0,0.0,미상,미상,미상,미상,미상
보사부아동과장4015명의,보사부아동과장 4015명의,1,0,0,0,0,0.0,미상,미상,미상,미상,미상
보사부장관10년전에,보사부장관 10년전에,1,0,0,0,0,0.0,미상,미상,미상,미상,미상
보사부장관14세,보사부장관 14세,1,0,0,0,0,0.0,미상,미상,미상,미상,미상
보사부장관14조와,보사부장관 14조와,1,0,0,0,0,0.0,미상,미상,미상,미상,미상
보사부장관28세,보사부장관 28세,1,0,0,0,0,0.0,미상,미상,미상,미상,미상
보사부장관360동중,보사부장관 360동중,1,0,0,0,0,0.0,미상,미상,미상,미상,미상
보사부장관Madical,보사부장관 Madical,1,0,0,0,0,0.0,미상,미상,미상,미상,미상
보사부장관각령으로,보사부장관 각령으로,1,0,0,0,0,0.0,미상,미상,미상,미상,미상
보사부장관개정법률안,보사부장관 개정법률안,1,0,0,0,0,0.0,미상,미상,미상,미상,미상
보사부장관경북,보사부장관 경북,1,0,0,0,0,0.0,미상,미상,미상,미상,미상
보사부장관공포한,보사부장관 공포한,1,0,0,0,0,0.0,미상,미상,미상,미상,미상
보사부장관과거에,보사부장관 과거에,1,0,0,0,0,0.0,미상,미상,미상,미상,미상
보사부장관구,보사부장관 구,1,0,0,0,0,0.0,미상,미상,미상,미상,미상
보사부장관구체적인,보사부장관 구체적인,1,0,0,0,0,0.0,미상,미상,미상,미상,미상
보사부장관구호,보사부장관 구호,1,0,0,0,0,0.0,미상,미상,미상,미상,미상
보사부장관국방에,보사부장관 국방에,1,0,0,0,0,0.0,미상,미상,미상,미상,미상
보사부장관군수까지임.,보사부장관 군수까지임.,1,0,0,0,0,0.0,미상,미상,미상,미상,미상
보사부장관그렇습니다.,보사부장관 그렇습니다.,1,0,0,0,0,0.0,미상,미상,미상,미상,미상
보사부장관낭독,보사부장관 낭독,1,0,0,0,0,0.0,미상,미상,미상,미상,미상
보사부장관내무부장관의,보사부장관 내무부장관의,1,0,0,0,0,0.0,미상,미상,미상,미상,미상
보사부장관따라서,보사부장관 따라서,1,0,0,0,0,0.0,미상,미상,미상,미상,미상
보사부장관목적의식,보사부장관 목적의식,1,0,0,0,0,0.0,미상,미상,미상,미상,미상
보사부장관못하도록,보사부장관 못하도록,1,0,0,0,0,0.0,미상,미상,미상,미상,미상
보사부장관법안골자,보사부장관 법안골자,1,0,0,0,0,0.0,미상,미상,미상,미상,미상
보사부장관병원협회,보사부장관 병원협회,1,0,0,0,0,0.0,미상,미상,미상,미상,미상
보사부장관보좌관내무부의,보사부장관보좌관 내무부의,1,0,0,0,0,0.0,미상,미상,미상,미상,미상
보사부장관삭제하도록,보사부장관 삭제하도록,1,0,0,0,0,0.0,미상,미상,미상,미상,미상
보사부장관서울특별시장,보사부장관 서울특별시장,1,0,0,0,0,0.0,미상,미상,미상,미상,미상
보사부장관소개는,보사부장관 소개는,1,0,0,0,0,0.0,미상,미상,미상,미상,미상
보사부장관암암리에,보사부장관 암암리에,1,0,0,0,0,0.0,미상,미상,미상,미상,미상
보사부장관양의사가,보사부장관 양의사가,1,0,0,0,0,0.0,미상,미상,미상,미상,미상
보사부장관없애자는,보사부장관 없애자는,1,0,0,0,0,0.0,미상,미상,미상,미상,미상
보사부장관영업세,보사부장관 영업세,1,0,0,0,0,0.0,미상,미상,미상,미상,미상
보사부장관외무국방위와,보사부장관 외무국방위와,1,0,0,0,0,0.0,미상,미상,미상,미상,미상
보사부장관위생관리,보사부장관 위생관리,1,0,0,0,0,0.0,미상,미상,미상,미상,미상
보사부장관위임사항이,보사부장관 위임사항이,1,0,0,0,0,0.0,미상,미상,미상,미상,미상
보사부장관의사가,보사부장관 의사가,1,0,0,0,0,0.0,미상,미상,미상,미상,미상
보사부장관이,보사부장관 이,1,0,0,0,0,0.0,미상,미상,미상,미상,미상
보사부장관인구,보사부장관 인구,1,0,0,0,0,0.0,미상,미상,미상,미상,미상
보사부장관입원이란,보사부장관 입원이란,1,0,0,0,0,0.0,미상,미상,미상,미상,미상
보사부장관전부,보사부장관 전부,1,0,0,0,0,0.0,미상,미상,미상,미상,미상
보사부장관정부,보사부장관 정부,1,0,0,0,0,0.0,미상,미상,미상,미상,미상
보사부장관제14조,보사부장관 제14조,1,0,0,0,0,0.0,미상,미상,미상,미상,미상
보사부장관제4조,보사부장관 제4조,1,0,0,0,0,0.0,미상,미상,미상,미상,미상
보사부장관제7조1에,보사부장관 제7조1에,1,0,0,0,0,0.0,미상,미상,미상,미상,미상
보사부장관제약받는,보사부장관 제약받는,1,0,0,0,0,0.0,미상,미상,미상,미상,미상
보사부장관조문,보사부장관 조문,1,0,0,0,0,0.0,미상,미상,미상,미상,미상
보사부장관종류가,보사부장관 종류가,1,0,0,0,0,0.0,미상,미상,미상,미상,미상
보사부장관주요골자,보사부장관 주요골자,1,0,0,0,0,0.0,미상,미상,미상,미상,미상
보사부장관지금까지의,보사부장관 지금까지의,1,0,0,0,0,0.0,미상,미상,미상,미상,미상
보사부장관직업소개소에,보사부장관 직업소개소에,1,0,0,0,0,0.0,미상,미상,미상,미상,미상
보사부장관차이점,보사부장관 차이점,1,0,0,0,0,0.0,미상,미상,미상,미상,미상
보사부장관축조낭독.,보사부장관 축조낭독.,1,0,0,0,0,0.0,미상,미상,미상,미상,미상
보사부장관치과의원과,보사부장관 치과의원과,1,0,0,0,0,0.0,미상,미상,미상,미상,미상
보사부장관타인의,보사부장관 타인의,1,0,0,0,0,0.0,미상,미상,미상,미상,미상
보사부장관특수기술자를,보사부장관 특수기술자를,1,0,0,0,0,0.0,미상,미상,미상,미상,미상
보사부장관포함되고,보사부장관 포함되고,1,0,0,0,0,0.0,미상,미상,미상,미상,미상
보사부장관한방의료의,보사부장관 한방의료의,1,0,0,0,0,0.0,미상,미상,미상,미상,미상
보사부장관한의사가,보사부장관 한의사가,1,0,0,0,0,0.0,미상,미상,미상,미상,미상
보사부장관해외이주정책안,보사부장관 해외이주정책안,1,0,0,0,0,0.0,미상,미상,미상,미상,미상
보사부장관현재,보사부장관 현재,1,0,0,0,0,0.0,미상,미상,미상,미상,미상
보사부장관현재까지,보사부장관 현재까지,1,0,0,0,0,0.0,미상,미상,미상,미상,미상
보사부장관활동을,보사부장관 활동을,1,0,0,0,0,0.0,미상,미상,미상,미상,미상
보사부차관구법령,보사부차관 구법령,1,0,0,0,0,0.0,미상,미상,미상,미상,미상
보사부차관구법정리임.,보사부차관 구법정리임.,1,0,0,0,0,0.0,미상,미상,미상,미상,미상
보사부차관국민의료법이,보사부차관 국민의료법이,1,0,0,0,0,0.0,미상,미상,미상,미상,미상
보사부차관보사부로서는,보사부차관 보사부로서는,1,0,0,0,0,0.0,미상,미상,미상,미상,미상
보사부차관제12조,보사부차관 제12조,1,0,0,0,0,0.0,미상,미상,미상,미상,미상
보사부차관제15조,보사부차관 제15조,1,0,0,0,0,0.0,미상,미상,미상,미상,미상
보사부차관제27조는,보사부차관 제27조는,1,0,0,0,0,0.0,미상,미상,미상,미상,미상
보사부차관제6조에,보사부차관 제6조에,1,0,0,0,0,0.0,미상,미상,미상,미상,미상
보사부차관제9조,보사부차관 제9조,1,0,0,0,0,0.0,미상,미상,미상,미상,미상
보사부차관폐수,보사부차관 폐수,1,0,0,0,0,0.0,미상,미상,미상,미상,미상
보사위손자문,보사위 손자문,1,0,0,0,0,0.0,미상,미상,미상,미상,미상
본부사무비,본부사무비,1,0,0,0,0,0.0,미상,미상,미상,미상,미상
본부장국민기대에,본부장 국민기대에,1,0,0,0,0,0.0,미상,미상,미상,미상,미상
본부장의장과,본부장 의장과,1,0,0,0,0,0.0,미상,미상,미상,미상,미상
부녀국장근절한다는,부녀국장 근절한다는,1,0,0,0,0,0.0,미상,미상,미상,미상,미상
부산공작창관리과장이창우,부산공작창관리과장 이창우,1,0,0,0,0,0.0,미상,미상,미상,미상,미상
부산대학교부속병원장문효중,부산대학교부속병원장 문효중,1,0,0,0,0,0.0,미상,미상,미상,미상,미상
부산발전소소장오상호,부산발전소소장 오상호,1,0,0,0,0,0.0,미상,미상,미상,미상,미상
부산세관장김경식,부산세관장 김경식,1,0,0,0,0,0.0,미상,미상,미상,미상,미상
부산시부시장이기수,부산시부시장 이기수,1,0,0,0,0,0.0,미상,미상,미상,미상,미상
부산시장최두열,부산시장 최두열,1,0,0,0,0,0.0,미상,미상,미상,미상,미상
부산전신전화건설국장7대입니다.,부산전신전화건설국장 7대입니다.,1,0,0,0,0,0.0,미상,미상,미상,미상,미상
부산전신전화건설국장그런,부산전신전화건설국장 그런,1,0,0,0,0,0.0,미상,미상,미상,미상,미상
부산지방국세청장,부산지방국세청장,1,0,0,0,0,0.0,미상,미상,미상,미상,미상
부산직할시도로국장박봉휘,부산직할시도로국장 박봉휘,1,0,0,0,0,0.0,미상,미상,미상,미상,미상
부산직할시보건사회국장최병순,부산직할시보건사회국장 최병순,1,0,0,0,0,0.0,미상,미상,미상,미상,미상
부산직할시부시장이기수,부산직할시부시장 이기수,1,0,0,0,0,0.0,미상,미상,미상,미상,미상
부산직할시산업국장김한준,부산직할시산업국장 김한준,1,0,0,0,0,0.0,미상,미상,미상,미상,미상
부산체신정총무과장김태년,부산체신정총무과장 김태년,1,0,0,0,0,0.0,미상,미상,미상,미상,미상
부산해운국장이원옥,부산해운국장 이원옥,1,0,0,0,0,0.0,미상,미상,미상,미상,미상
부시장서울특별시,부시장 서울특별시,1,0,0,0,0,0.0,미상,미상,미상,미상,미상
부시장제안이유.,부시장 제안이유.,1,0,0,0,0,0.0,미상,미상,미상,미상,미상
부원장농촌,부원장 농촌,1,0,0,0,0,0.0,미상,미상,미상,미상,미상
부원장물자,부원장 물자,1,0,0,0,0,0.0,미상,미상,미상,미상,미상
부의고문이태준,부의고문 이태준,1,0,0,0,0,0.0,미상,미상,미상,미상,미상
부의장,부의장,1,0,0,0,0,0.0,미상,미상,미상,미상,미상
부의장(4)의,부의장 (4)의,1,0,0,0,0,0.0,미상,미상,미상,미상,미상
부의장(좋습니다,부의장 (좋습니다,1,0,0,0,0,0.0,미상,미상,미상,미상,미상
부의장10인을,부의장 10인을,1,0,0,0,0,0.0,미상,미상,미상,미상,미상
부의장13시,부의장 13시,1,0,0,0,0,0.0,미상,미상,미상,미상,미상
부의장13조,부의장 13조,1,0,0,0,0,0.0,미상,미상,미상,미상,미상
부의장13조의,부의장 13조의,1,0,0,0,0,0.0,미상,미상,미상,미상,미상
부의장15조,부의장 15조,1,0,0,0,0,0.0,미상,미상,미상,미상,미상
부의장17조에,부의장 17조에,1,0,0,0,0,0.0,미상,미상,미상,미상,미상
부의장18조,부의장 18조,1,0,0,0,0,0.0,미상,미상,미상,미상,미상
부의장1일,부의장 1일,1,0,0,0,0,0.0,미상,미상,미상,미상,미상
부의장2/3,부의장 2/3,1,0,0,0,0,0.0,미상,미상,미상,미상,미상
부의장21조,부의장 21조,1,0,0,0,0,0.0,미상,미상,미상,미상,미상
부의장25%,부의장 25%,1,0,0,0,0,0.0,미상,미상,미상,미상,미상
부의장25일까지,부의장 25일까지,1,0,0,0,0,0.0,미상,미상,미상,미상,미상
부의장2조,부의장 2조,1,0,0,0,0,0.0,미상,미상,미상,미상,미상
부의장2항,부의장 2항,1,0,0,0,0,0.0,미상,미상,미상,미상,미상
부의장2항을,부의장 2항을,1,0,0,0,0,0.0,미상,미상,미상,미상,미상
부의장310억+47억=157억이면,부의장 310억+47억=157억이면,1,0,0,0,0,0.0,미상,미상,미상,미상,미상
부의장33조는,부의장 33조는,1,0,0,0,0,0.0,미상,미상,미상,미상,미상
부의장3년,부의장 3년,1,0,0,0,0,0.0,미상,미상,미상,미상,미상
부의장3심제와,부의장 3심제와,1,0,0,0,0,0.0,미상,미상,미상,미상,미상
부의장3안으로,부의장 3안으로,1,0,0,0,0,0.0,미상,미상,미상,미상,미상
부의장3항은,부의장 3항은,1,0,0,0,0,0.0,미상,미상,미상,미상,미상
부의장3항을,부의장 3항을,1,0,0,0,0,0.0,미상,미상,미상,미상,미상
부의장45조에,부의장 45조에,1,0,0,0,0,0.0,미상,미상,미상,미상,미상
부의장4급,부의장 4급,1,0,0,0,0,0.0,미상,미상,미상,미상,미상
부의장50억,부의장 50억,1,0,0,0,0,0.0,미상,미상,미상,미상,미상
부의장590만환에,부의장 590만환에,1,0,0,0,0,0.0,미상,미상,미상,미상,미상
부의장5·16부터,부의장 5·16부터,1,0,0,0,0,0.0,미상,미상,미상,미상,미상
부의장5·16혁명의,부의장 5·16혁명의,1,0,0,0,0,0.0,미상,미상,미상,미상,미상
부의장5개년,부의장 5개년,1,0,0,0,0,0.0,미상,미상,미상,미상,미상
부의장5년으로,부의장 5년으로,1,0,0,0,0,0.0,미상,미상,미상,미상,미상
부의장5분,부의장 5분,1,0,0,0,0,0.0,미상,미상,미상,미상,미상
부의장5분간,부의장 5분간,1,0,0,0,0,0.0,미상,미상,미상,미상,미상
부의장5억으로,부의장 5억으로,1,0,0,0,0,0.0,미상,미상,미상,미상,미상
부의장5월,부의장 5월,1,0,0,0,0,0.0,미상,미상,미상,미상,미상
부의장5천만환은,부의장 5천만환은,1,0,0,0,0,0.0,미상,미상,미상,미상,미상
부의장7번을,부의장 7번을,1,0,0,0,0,0.0,미상,미상,미상,미상,미상
부의장82억의,부의장 82억의,1,0,0,0,0,0.0,미상,미상,미상,미상,미상
부의장8명에,부의장 8명에,1,0,0,0,0,0.0,미상,미상,미상,미상,미상
부의장99억의,부의장 99억의,1,0,0,0,0,0.0,미상,미상,미상,미상,미상
부의장A가,부의장 A가,1,0,0,0,0,0.0,미상,미상,미상,미상,미상
부의장A안의,부의장 A안의,1,0,0,0,0,0.0,미상,미상,미상,미상,미상
부의장ECAFE,부의장 ECAFE,1,0,0,0,0,0.0,미상,미상,미상,미상,미상
부의장UN군,부의장 UN군,1,0,0,0,0,0.0,미상,미상,미상,미상,미상
부의장Walker,부의장 Walker,1,0,0,0,0,0.0,미상,미상,미상,미상,미상
부의장“농업을,부의장 “농업을,1,0,0,0,0,0.0,미상,미상,미상,미상,미상
부의장“사장과,부의장 “사장과,1,0,0,0,0,0.0,미상,미상,미상,미상,미상
"부의장②,","부의장 ②,",1,0,0,0,0,0.0,미상,미상,미상,미상,미상
부의장「그,부의장 「그,1,0,0,0,0,0.0,미상,미상,미상,미상,미상
부의장「이식」을,부의장 「이식」을,1,0,0,0,0,0.0,미상,미상,미상,미상,미상
부의장가공,부의장 가공,1,0,0,0,0,0.0,미상,미상,미상,미상,미상
부의장가급적이면,부의장 가급적이면,1,0,0,0,0,0.0,미상,미상,미상,미상,미상
부의장각각,부의장 각각,1,0,0,0,0,0.0,미상,미상,미상,미상,미상
부의장각령으로,부의장 각령으로,1,0,0,0,0,0.0,미상,미상,미상,미상,미상
부의장개정안을,부의장 개정안을,1,0,0,0,0,0.0,미상,미상,미상,미상,미상
부의장개회,부의장 개회,1,0,0,0,0,0.0,미상,미상,미상,미상,미상
부의장거수,부의장 거수,1,0,0,0,0,0.0,미상,미상,미상,미상,미상
부의장검소하고,부의장 검소하고,1,0,0,0,0,0.0,미상,미상,미상,미상,미상
부의장격이,부의장 격이,1,0,0,0,0,0.0,미상,미상,미상,미상,미상
부의장결론적으로,부의장 결론적으로,1,0,0,0,0,0.0,미상,미상,미상,미상,미상
부의장경비,부의장 경비,1,0,0,0,0,0.0,미상,미상,미상,미상,미상
부의장경제기획원장의,부의장 경제기획원장의,1,0,0,0,0,0.0,미상,미상,미상,미상,미상
부의장경제문제가,부의장 경제문제가,1,0,0,0,0,0.0,미상,미상,미상,미상,미상
부의장경제적인,부의장 경제적인,1,0,0,0,0,0.0,미상,미상,미상,미상,미상
부의장경찰관,부의장 경찰관,1,0,0,0,0,0.0,미상,미상,미상,미상,미상
부의장계몽·지도로,부의장 계몽·지도로,1,0,0,0,0,0.0,미상,미상,미상,미상,미상
부의장계몽·지도위원회가,부의장 계몽·지도위원회가,1,0,0,0,0,0.0,미상,미상,미상,미상,미상
부의장계획성,부의장 계획성,1,0,0,0,0,0.0,미상,미상,미상,미상,미상
부의장고문131조,부의장고문 131조,1,0,0,0,0,0.0,미상,미상,미상,미상,미상
부의장고문4항을,부의장고문 4항을,1,0,0,0,0,0.0,미상,미상,미상,미상,미상
부의장고문군납업자는,부의장고문 군납업자는,1,0,0,0,0,0.0,미상,미상,미상,미상,미상
부의장고문군납업자만,부의장고문 군납업자만,1,0,0,0,0,0.0,미상,미상,미상,미상,미상
부의장고문그,부의장고문 그,1,0,0,0,0,0.0,미상,미상,미상,미상,미상
부의장고문꼭,부의장고문 꼭,1,0,0,0,0,0.0,미상,미상,미상,미상,미상
부의장고문무채재산권을,부의장고문 무채재산권을,1,0,0,0,0,0.0,미상,미상,미상,미상,미상
부의장고문민사,부의장고문 민사,1,0,0,0,0,0.0,미상,미상,미상,미상,미상
부의장고문벌칙은,부의장고문 벌칙은,1,0,0,0,0,0.0,미상,미상,미상,미상,미상
부의장고문본법,부의장고문 본법,1,0,0,0,0,0.0,미상,미상,미상,미상,미상
부의장고문상대자를,부의장고문 상대자를,1,0,0,0,0,0.0,미상,미상,미상,미상,미상
부의장고문소급한다는,부의장고문 소급한다는,1,0,0,0,0,0.0,미상,미상,미상,미상,미상
부의장고문영아,부의장고문 영아,1,0,0,0,0,0.0,미상,미상,미상,미상,미상
부의장고문이것은,부의장고문 이것은,1,0,0,0,0,0.0,미상,미상,미상,미상,미상
부의장고문이것을,부의장고문 이것을,1,0,0,0,0,0.0,미상,미상,미상,미상,미상
부의장고문임검,부의장고문 임검,1,0,0,0,0,0.0,미상,미상,미상,미상,미상
부의장고문자구수정으로써,부의장고문 자구수정으로써,1,0,0,0,0,0.0,미상,미상,미상,미상,미상
부의장고문제,부의장고문 제,1,0,0,0,0,0.0,미상,미상,미상,미상,미상
부의장고문제108조,부의장고문 제108조,1,0,0,0,0,0.0,미상,미상,미상,미상,미상
부의장고문제121조,부의장고문 제121조,1,0,0,0,0,0.0,미상,미상,미상,미상,미상
부의장고문제12조,부의장고문 제12조,1,0,0,0,0,0.0,미상,미상,미상,미상,미상
부의장고문제12조에,부의장고문 제12조에,1,0,0,0,0,0.0,미상,미상,미상,미상,미상
부의장고문제130조,부의장고문 제130조,1,0,0,0,0,0.0,미상,미상,미상,미상,미상
부의장고문제13조중,부의장고문 제13조중,1,0,0,0,0,0.0,미상,미상,미상,미상,미상
부의장고문제18조에,부의장고문 제18조에,1,0,0,0,0,0.0,미상,미상,미상,미상,미상
부의장고문제22조는,부의장고문 제22조는,1,0,0,0,0,0.0,미상,미상,미상,미상,미상
부의장고문제22조에,부의장고문 제22조에,1,0,0,0,0,0.0,미상,미상,미상,미상,미상
부의장고문제27조,부의장고문 제27조,1,0,0,0,0,0.0,미상,미상,미상,미상,미상
부의장고문제28조,부의장고문 제28조,1,0,0,0,0,0.0,미상,미상,미상,미상,미상
부의장고문제29조,부의장고문 제29조,1,0,0,0,0,0.0,미상,미상,미상,미상,미상
부의장고문제29조에,부의장고문 제29조에,1,0,0,0,0,0.0,미상,미상,미상,미상,미상
부의장고문제30조에,부의장고문 제30조에,1,0,0,0,0,0.0,미상,미상,미상,미상,미상
부의장고문제31조,부의장고문 제31조,1,0,0,0,0,0.0,미상,미상,미상,미상,미상
부의장고문제33조를,부의장고문 제33조를,1,0,0,0,0,0.0,미상,미상,미상,미상,미상
부의장고문제34조,부의장고문 제34조,1,0,0,0,0,0.0,미상,미상,미상,미상,미상
부의장고문제37조,부의장고문 제37조,1,0,0,0,0,0.0,미상,미상,미상,미상,미상
부의장고문제37조는,부의장고문 제37조는,1,0,0,0,0,0.0,미상,미상,미상,미상,미상
부의장고문제48조,부의장고문 제48조,1,0,0,0,0,0.0,미상,미상,미상,미상,미상
부의장고문제4조의2에,부의장고문 제4조의2에,1,0,0,0,0,0.0,미상,미상,미상,미상,미상
부의장고문제57조에,부의장고문 제57조에,1,0,0,0,0,0.0,미상,미상,미상,미상,미상
부의장고문제63조,부의장고문 제63조,1,0,0,0,0,0.0,미상,미상,미상,미상,미상
부의장고문제64조에,부의장고문 제64조에,1,0,0,0,0,0.0,미상,미상,미상,미상,미상
부의장고문제67조,부의장고문 제67조,1,0,0,0,0,0.0,미상,미상,미상,미상,미상
부의장고문제7조에,부의장고문 제7조에,1,0,0,0,0,0.0,미상,미상,미상,미상,미상
부의장고문참고적으로,부의장고문 참고적으로,1,0,0,0,0,0.0,미상,미상,미상,미상,미상
부의장고문체납처분은,부의장고문 체납처분은,1,0,0,0,0,0.0,미상,미상,미상,미상,미상
부의장고문형법,부의장고문 형법,1,0,0,0,0,0.0,미상,미상,미상,미상,미상
부의장고문형법에,부의장고문 형법에,1,0,0,0,0,0.0,미상,미상,미상,미상,미상
부의장공무원법에,부의장 공무원법에,1,0,0,0,0,0.0,미상,미상,미상,미상,미상
부의장공보실과,부의장 공보실과,1,0,0,0,0,0.0,미상,미상,미상,미상,미상
부의장공소제기,부의장 공소제기,1,0,0,0,0,0.0,미상,미상,미상,미상,미상
부의장공장이,부의장 공장이,1,0,0,0,0,0.0,미상,미상,미상,미상,미상
부의장공포일에,부의장 공포일에,1,0,0,0,0,0.0,미상,미상,미상,미상,미상
부의장과거,부의장 과거,1,0,0,0,0,0.0,미상,미상,미상,미상,미상
부의장과할,부의장 과할,1,0,0,0,0,0.0,미상,미상,미상,미상,미상
부의장관계,부의장 관계,1,0,0,0,0,0.0,미상,미상,미상,미상,미상
부의장교육공무원도,부의장 교육공무원도,1,0,0,0,0,0.0,미상,미상,미상,미상,미상
부의장교육공무원은,부의장 교육공무원은,1,0,0,0,0,0.0,미상,미상,미상,미상,미상
부의장교체위,부의장 교체위,1,0,0,0,0,0.0,미상,미상,미상,미상,미상
부의장교체위에서,부의장 교체위에서,1,0,0,0,0,0.0,미상,미상,미상,미상,미상
부의장교체위의,부의장 교체위의,1,0,0,0,0,0.0,미상,미상,미상,미상,미상
부의장교체위장,부의장 교체위장,1,0,0,0,0,0.0,미상,미상,미상,미상,미상
부의장교체위장과,부의장 교체위장과,1,0,0,0,0,0.0,미상,미상,미상,미상,미상
부의장교통관계를,부의장 교통관계를,1,0,0,0,0,0.0,미상,미상,미상,미상,미상
부의장구법령의,부의장 구법령의,1,0,0,0,0,0.0,미상,미상,미상,미상,미상
부의장구법정리에,부의장 구법정리에,1,0,0,0,0,0.0,미상,미상,미상,미상,미상
부의장국가예산을,부의장 국가예산을,1,0,0,0,0,0.0,미상,미상,미상,미상,미상
부의장국내,부의장 국내,1,0,0,0,0,0.0,미상,미상,미상,미상,미상
부의장국도,부의장 국도,1,0,0,0,0,0.0,미상,미상,미상,미상,미상
부의장국민에,부의장 국민에,1,0,0,0,0,0.0,미상,미상,미상,미상,미상
부의장국민에게,부의장 국민에게,1,0,0,0,0,0.0,미상,미상,미상,미상,미상
부의장국방부장관에게,부의장 국방부장관에게,1,0,0,0,0,0.0,미상,미상,미상,미상,미상
부의장국영기업체에,부의장 국영기업체에,1,0,0,0,0,0.0,미상,미상,미상,미상,미상
부의장국장은,부의장 국장은,1,0,0,0,0,0.0,미상,미상,미상,미상,미상
부의장국제,부의장 국제,1,0,0,0,0,0.0,미상,미상,미상,미상,미상
부의장국토건설단법에,부의장 국토건설단법에,1,0,0,0,0,0.0,미상,미상,미상,미상,미상
부의장국토건설청과,부의장 국토건설청과,1,0,0,0,0,0.0,미상,미상,미상,미상,미상
부의장군대,부의장 군대,1,0,0,0,0,0.0,미상,미상,미상,미상,미상
부의장군인과,부의장 군인과,1,0,0,0,0,0.0,미상,미상,미상,미상,미상
부의장궁극적,부의장 궁극적,1,0,0,0,0,0.0,미상,미상,미상,미상,미상
부의장권한의,부의장 권한의,1,0,0,0,0,0.0,미상,미상,미상,미상,미상
부의장그,부의장 그,1,0,0,0,0,0.0,미상,미상,미상,미상,미상
부의장그것은,부의장 그것은,1,0,0,0,0,0.0,미상,미상,미상,미상,미상
부의장그것을,부의장 그것을,1,0,0,0,0,0.0,미상,미상,미상,미상,미상
부의장그래도,부의장 그래도,1,0,0,0,0,0.0,미상,미상,미상,미상,미상
부의장그런데,부의장 그런데,1,0,0,0,0,0.0,미상,미상,미상,미상,미상
부의장그렇다면,부의장 그렇다면,1,0,0,0,0,0.0,미상,미상,미상,미상,미상
부의장극장내에서,부의장 극장내에서,1,0,0,0,0,0.0,미상,미상,미상,미상,미상
부의장근로기준법이,부의장 근로기준법이,1,0,0,0,0,0.0,미상,미상,미상,미상,미상
부의장근본적으로,부의장 근본적으로,1,0,0,0,0,0.0,미상,미상,미상,미상,미상
부의장근본취지에,부의장 근본취지에,1,0,0,0,0,0.0,미상,미상,미상,미상,미상
부의장금년도,부의장 금년도,1,0,0,0,0,0.0,미상,미상,미상,미상,미상
부의장금년도의,부의장 금년도의,1,0,0,0,0,0.0,미상,미상,미상,미상,미상
부의장금통위는,부의장 금통위는,1,0,0,0,0,0.0,미상,미상,미상,미상,미상
부의장기본,부의장 기본,1,0,0,0,0,0.0,미상,미상,미상,미상,미상
부의장기본권을,부의장 기본권을,1,0,0,0,0,0.0,미상,미상,미상,미상,미상
"부의장기자인터뷰,","부의장 기자인터뷰,",1,0,0,0,0,0.0,미상,미상,미상,미상,미상
부의장기존업자들에,부의장 기존업자들에,1,0,0,0,0,0.0,미상,미상,미상,미상,미상
부의장기획통제관이나,부의장 기획통제관이나,1,0,0,0,0,0.0,미상,미상,미상,미상,미상
부의장길위원의,부의장 길위원의,1,0,0,0,0,0.0,미상,미상,미상,미상,미상
부의장꼭,부의장 꼭,1,0,0,0,0,0.0,미상,미상,미상,미상,미상
부의장내각에,부의장 내각에,1,0,0,0,0,0.0,미상,미상,미상,미상,미상
부의장내년,부의장 내년,1,0,0,0,0,0.0,미상,미상,미상,미상,미상
부의장내무위,부의장 내무위,1,0,0,0,0,0.0,미상,미상,미상,미상,미상
부의장내무위와,부의장 내무위와,1,0,0,0,0,0.0,미상,미상,미상,미상,미상
부의장내무위의,부의장 내무위의,1,0,0,0,0,0.0,미상,미상,미상,미상,미상
부의장내용으로,부의장 내용으로,1,0,0,0,0,0.0,미상,미상,미상,미상,미상
부의장내주,부의장 내주,1,0,0,0,0,0.0,미상,미상,미상,미상,미상
부의장낸다는,부의장 낸다는,1,0,0,0,0,0.0,미상,미상,미상,미상,미상
부의장농림부,부의장 농림부,1,0,0,0,0,0.0,미상,미상,미상,미상,미상
부의장농림위에서,부의장 농림위에서,1,0,0,0,0,0.0,미상,미상,미상,미상,미상
부의장농산물의,부의장 농산물의,1,0,0,0,0,0.0,미상,미상,미상,미상,미상
부의장농촌도,부의장 농촌도,1,0,0,0,0,0.0,미상,미상,미상,미상,미상
부의장농촌진흥관서설치법이라고,부의장 농촌진흥관서설치법이라고,1,0,0,0,0,0.0,미상,미상,미상,미상,미상
부의장농촌진흥기관이라고,부의장 농촌진흥기관이라고,1,0,0,0,0,0.0,미상,미상,미상,미상,미상
부의장누구의,부의장 누구의,1,0,0,0,0,0.0,미상,미상,미상,미상,미상
부의장다시,부의장 다시,1,0,0,0,0,0.0,미상,미상,미상,미상,미상
부의장단서는,부의장 단서는,1,0,0,0,0,0.0,미상,미상,미상,미상,미상
부의장단속주간과,부의장 단속주간과,1,0,0,0,0,0.0,미상,미상,미상,미상,미상
부의장단일법으로,부의장 단일법으로,1,0,0,0,0,0.0,미상,미상,미상,미상,미상
부의장단일화함이,부의장 단일화함이,1,0,0,0,0,0.0,미상,미상,미상,미상,미상
부의장당일을,부의장 당일을,1,0,0,0,0,0.0,미상,미상,미상,미상,미상
부의장대부분,부의장 대부분,1,0,0,0,0,0.0,미상,미상,미상,미상,미상
부의장대부분의,부의장 대부분의,1,0,0,0,0,0.0,미상,미상,미상,미상,미상
부의장대안은,부의장 대안은,1,0,0,0,0,0.0,미상,미상,미상,미상,미상
부의장대안을,부의장 대안을,1,0,0,0,0,0.0,미상,미상,미상,미상,미상
부의장대통령실은,부의장 대통령실은,1,0,0,0,0,0.0,미상,미상,미상,미상,미상
부의장독립운동을,부의장 독립운동을,1,0,0,0,0,0.0,미상,미상,미상,미상,미상
부의장독일인,부의장 독일인,1,0,0,0,0,0.0,미상,미상,미상,미상,미상
부의장돈넬을,부의장 돈넬을,1,0,0,0,0,0.0,미상,미상,미상,미상,미상
부의장동감임.,부의장 동감임.,1,0,0,0,0,0.0,미상,미상,미상,미상,미상
부의장따로,부의장 따로,1,0,0,0,0,0.0,미상,미상,미상,미상,미상
부의장라디오보다,부의장 라디오보다,1,0,0,0,0,0.0,미상,미상,미상,미상,미상
부의장먼저,부의장 먼저,1,0,0,0,0,0.0,미상,미상,미상,미상,미상
부의장면허,부의장 면허,1,0,0,0,0,0.0,미상,미상,미상,미상,미상
부의장명일로,부의장 명일로,1,0,0,0,0,0.0,미상,미상,미상,미상,미상
부의장명칭,부의장 명칭,1,0,0,0,0,0.0,미상,미상,미상,미상,미상
부의장명칭에,부의장 명칭에,1,0,0,0,0,0.0,미상,미상,미상,미상,미상
부의장모순,부의장 모순,1,0,0,0,0,0.0,미상,미상,미상,미상,미상
부의장목적으로,부의장 목적으로,1,0,0,0,0,0.0,미상,미상,미상,미상,미상
부의장목적은,부의장 목적은,1,0,0,0,0,0.0,미상,미상,미상,미상,미상
부의장무고죄로,부의장 무고죄로,1,0,0,0,0,0.0,미상,미상,미상,미상,미상
부의장무역거래의,부의장 무역거래의,1,0,0,0,0,0.0,미상,미상,미상,미상,미상
부의장무역법,부의장 무역법,1,0,0,0,0,0.0,미상,미상,미상,미상,미상
부의장문교지구를,부의장 문교지구를,1,0,0,0,0,0.0,미상,미상,미상,미상,미상
부의장문사위의,부의장 문사위의,1,0,0,0,0,0.0,미상,미상,미상,미상,미상
부의장문이,부의장 문이,1,0,0,0,0,0.0,미상,미상,미상,미상,미상
부의장민간활동에,부의장 민간활동에,1,0,0,0,0,0.0,미상,미상,미상,미상,미상
부의장민심수습,부의장 민심수습,1,0,0,0,0,0.0,미상,미상,미상,미상,미상
부의장민영,부의장 민영,1,0,0,0,0,0.0,미상,미상,미상,미상,미상
부의장민영탄광이,부의장 민영탄광이,1,0,0,0,0,0.0,미상,미상,미상,미상,미상
부의장발표하는,부의장 발표하는,1,0,0,0,0,0.0,미상,미상,미상,미상,미상
부의장방계일지라도,부의장 방계일지라도,1,0,0,0,0,0.0,미상,미상,미상,미상,미상
부의장백남일은,부의장 백남일은,1,0,0,0,0,0.0,미상,미상,미상,미상,미상
부의장벌칙은,부의장 벌칙은,1,0,0,0,0,0.0,미상,미상,미상,미상,미상
부의장법사와,부의장 법사와,1,0,0,0,0,0.0,미상,미상,미상,미상,미상
부의장법사위,부의장 법사위,1,0,0,0,0,0.0,미상,미상,미상,미상,미상
부의장법사위원장과,부의장 법사위원장과,1,0,0,0,0,0.0,미상,미상,미상,미상,미상
부의장법사위원장도,부의장 법사위원장도,1,0,0,0,0,0.0,미상,미상,미상,미상,미상
부의장법안도,부의장 법안도,1,0,0,0,0,0.0,미상,미상,미상,미상,미상
부의장법은,부의장 법은,1,0,0,0,0,0.0,미상,미상,미상,미상,미상
부의장법적절차를,부의장 법적절차를,1,0,0,0,0,0.0,미상,미상,미상,미상,미상
부의장법제처의,부의장 법제처의,1,0,0,0,0,0.0,미상,미상,미상,미상,미상
부의장별로,부의장 별로,1,0,0,0,0,0.0,미상,미상,미상,미상,미상
부의장보류함.,부의장 보류함.,1,0,0,0,0,0.0,미상,미상,미상,미상,미상
부의장보류합니다.,부의장 보류합니다.,1,0,0,0,0,0.0,미상,미상,미상,미상,미상
부의장보류했다가,부의장 보류했다가,1,0,0,0,0,0.0,미상,미상,미상,미상,미상
부의장보수,부의장 보수,1,0,0,0,0,0.0,미상,미상,미상,미상,미상
부의장부시장에,부의장 부시장에,1,0,0,0,0,0.0,미상,미상,미상,미상,미상
부의장부장,부의장 부장,1,0,0,0,0,0.0,미상,미상,미상,미상,미상
부의장부정축재자가,부의장 부정축재자가,1,0,0,0,0,0.0,미상,미상,미상,미상,미상
"부의장부정축재처리위원회,","부의장 부정축재처리위원회,",1,0,0,0,0,0.0,미상,미상,미상,미상,미상
부의장부정축재환수금,부의장 부정축재환수금,1,0,0,0,0,0.0,미상,미상,미상,미상,미상
부의장부칙에,부의장 부칙에,1,0,0,0,0,0.0,미상,미상,미상,미상,미상
부의장북삼화학은,부의장 북삼화학은,1,0,0,0,0,0.0,미상,미상,미상,미상,미상
부의장사회적으로,부의장 사회적으로,1,0,0,0,0,0.0,미상,미상,미상,미상,미상
부의장삭제하기로,부의장 삭제하기로,1,0,0,0,0,0.0,미상,미상,미상,미상,미상
부의장삭제하는,부의장 삭제하는,1,0,0,0,0,0.0,미상,미상,미상,미상,미상
부의장삭제하도록,부의장 삭제하도록,1,0,0,0,0,0.0,미상,미상,미상,미상,미상
부의장삽입해도,부의장 삽입해도,1,0,0,0,0,0.0,미상,미상,미상,미상,미상
부의장상임위원회에서,부의장 상임위원회에서,1,0,0,0,0,0.0,미상,미상,미상,미상,미상
부의장새나라,부의장 새나라,1,0,0,0,0,0.0,미상,미상,미상,미상,미상
부의장생산과정까지는,부의장 생산과정까지는,1,0,0,0,0,0.0,미상,미상,미상,미상,미상
부의장서류상,부의장 서류상,1,0,0,0,0,0.0,미상,미상,미상,미상,미상
부의장서울시장과,부의장 서울시장과,1,0,0,0,0,0.0,미상,미상,미상,미상,미상
부의장서울의,부의장 서울의,1,0,0,0,0,0.0,미상,미상,미상,미상,미상
부의장선원법은,부의장 선원법은,1,0,0,0,0,0.0,미상,미상,미상,미상,미상
부의장선진국가에서,부의장 선진국가에서,1,0,0,0,0,0.0,미상,미상,미상,미상,미상
부의장선진국에서는,부의장 선진국에서는,1,0,0,0,0,0.0,미상,미상,미상,미상,미상
부의장설명,부의장 설명,1,0,0,0,0,0.0,미상,미상,미상,미상,미상
부의장설명하기로,부의장 설명하기로,1,0,0,0,0,0.0,미상,미상,미상,미상,미상
부의장세무,부의장 세무,1,0,0,0,0,0.0,미상,미상,미상,미상,미상
부의장세부목표는,부의장 세부목표는,1,0,0,0,0,0.0,미상,미상,미상,미상,미상
부의장세부사항은,부의장 세부사항은,1,0,0,0,0,0.0,미상,미상,미상,미상,미상
부의장세부의,부의장 세부의,1,0,0,0,0,0.0,미상,미상,미상,미상,미상
부의장세제개혁,부의장 세제개혁,1,0,0,0,0,0.0,미상,미상,미상,미상,미상
부의장소장,부의장 소장,1,0,0,0,0,0.0,미상,미상,미상,미상,미상
부의장소환시킬,부의장 소환시킬,1,0,0,0,0,0.0,미상,미상,미상,미상,미상
부의장수반실,부의장 수반실,1,0,0,0,0,0.0,미상,미상,미상,미상,미상
부의장수반실에,부의장 수반실에,1,0,0,0,0,0.0,미상,미상,미상,미상,미상
부의장수정안,부의장 수정안,1,0,0,0,0,0.0,미상,미상,미상,미상,미상
부의장수정안에,부의장 수정안에,1,0,0,0,0,0.0,미상,미상,미상,미상,미상
부의장수정안의,부의장 수정안의,1,0,0,0,0,0.0,미상,미상,미상,미상,미상
부의장수정하는데,부의장 수정하는데,1,0,0,0,0,0.0,미상,미상,미상,미상,미상
부의장순경이,부의장 순경이,1,0,0,0,0,0.0,미상,미상,미상,미상,미상
부의장순서를,부의장 순서를,1,0,0,0,0,0.0,미상,미상,미상,미상,미상
부의장승인을,부의장 승인을,1,0,0,0,0,0.0,미상,미상,미상,미상,미상
부의장시에서,부의장 시에서,1,0,0,0,0,0.0,미상,미상,미상,미상,미상
부의장시유지,부의장 시유지,1,0,0,0,0,0.0,미상,미상,미상,미상,미상
"부의장시장,","부의장 시장,",1,0,0,0,0,0.0,미상,미상,미상,미상,미상
부의장시정을,부의장 시정을,1,0,0,0,0,0.0,미상,미상,미상,미상,미상
부의장시초,부의장 시초,1,0,0,0,0,0.0,미상,미상,미상,미상,미상
부의장시행년월일만,부의장 시행년월일만,1,0,0,0,0,0.0,미상,미상,미상,미상,미상
부의장시행령과,부의장 시행령과,1,0,0,0,0,0.0,미상,미상,미상,미상,미상
부의장시행령에,부의장 시행령에,1,0,0,0,0,0.0,미상,미상,미상,미상,미상
부의장신규로,부의장 신규로,1,0,0,0,0,0.0,미상,미상,미상,미상,미상
부의장실습기관은,부의장 실습기관은,1,0,0,0,0,0.0,미상,미상,미상,미상,미상
부의장실행,부의장 실행,1,0,0,0,0,0.0,미상,미상,미상,미상,미상
부의장심계원은,부의장 심계원은,1,0,0,0,0,0.0,미상,미상,미상,미상,미상
부의장심의전에,부의장 심의전에,1,0,0,0,0,0.0,미상,미상,미상,미상,미상
부의장심의회에서,부의장 심의회에서,1,0,0,0,0,0.0,미상,미상,미상,미상,미상
부의장안주는데,부의장 안주는데,1,0,0,0,0,0.0,미상,미상,미상,미상,미상
부의장알겠음.,부의장 알겠음.,1,0,0,0,0,0.0,미상,미상,미상,미상,미상
부의장앞으로,부의장 앞으로,1,0,0,0,0,0.0,미상,미상,미상,미상,미상
부의장양곡의,부의장 양곡의,1,0,0,0,0,0.0,미상,미상,미상,미상,미상
부의장양수기,부의장 양수기,1,0,0,0,0,0.0,미상,미상,미상,미상,미상
부의장어촌을,부의장 어촌을,1,0,0,0,0,0.0,미상,미상,미상,미상,미상
부의장어촌진흥도,부의장 어촌진흥도,1,0,0,0,0,0.0,미상,미상,미상,미상,미상
부의장얼마나,부의장 얼마나,1,0,0,0,0,0.0,미상,미상,미상,미상,미상
부의장업무량의,부의장 업무량의,1,0,0,0,0,0.0,미상,미상,미상,미상,미상
부의장업무량이,부의장 업무량이,1,0,0,0,0,0.0,미상,미상,미상,미상,미상
부의장여기서,부의장 여기서,1,0,0,0,0,0.0,미상,미상,미상,미상,미상
부의장여러,부의장 여러,1,0,0,0,0,0.0,미상,미상,미상,미상,미상
부의장연수표에,부의장 연수표에,1,0,0,0,0,0.0,미상,미상,미상,미상,미상
부의장영업세,부의장 영업세,1,0,0,0,0,0.0,미상,미상,미상,미상,미상
부의장예년,부의장 예년,1,0,0,0,0,0.0,미상,미상,미상,미상,미상
부의장예비역도,부의장 예비역도,1,0,0,0,0,0.0,미상,미상,미상,미상,미상
부의장예산관계,부의장 예산관계,1,0,0,0,0,0.0,미상,미상,미상,미상,미상
부의장예산심의,부의장 예산심의,1,0,0,0,0,0.0,미상,미상,미상,미상,미상
부의장예산에,부의장 예산에,1,0,0,0,0,0.0,미상,미상,미상,미상,미상
부의장예산정원,부의장 예산정원,1,0,0,0,0,0.0,미상,미상,미상,미상,미상
부의장오늘은,부의장 오늘은,1,0,0,0,0,0.0,미상,미상,미상,미상,미상
부의장오정식,부의장 오정식,1,0,0,0,0,0.0,미상,미상,미상,미상,미상
부의장오후에,부의장 오후에,1,0,0,0,0,0.0,미상,미상,미상,미상,미상
부의장완전히,부의장 완전히,1,0,0,0,0,0.0,미상,미상,미상,미상,미상
부의장외국에,부의장 외국에,1,0,0,0,0,0.0,미상,미상,미상,미상,미상
부의장외국에서의,부의장 외국에서의,1,0,0,0,0,0.0,미상,미상,미상,미상,미상
부의장외국위장과,부의장 외국위장과,1,0,0,0,0,0.0,미상,미상,미상,미상,미상
부의장외무국방위,부의장 외무국방위,1,0,0,0,0,0.0,미상,미상,미상,미상,미상
부의장외화로,부의장 외화로,1,0,0,0,0,0.0,미상,미상,미상,미상,미상
부의장요청과,부의장 요청과,1,0,0,0,0,0.0,미상,미상,미상,미상,미상
부의장용어를,부의장 용어를,1,0,0,0,0,0.0,미상,미상,미상,미상,미상
부의장우리가,부의장 우리가,1,0,0,0,0,0.0,미상,미상,미상,미상,미상
부의장운영에,부의장 운영에,1,0,0,0,0,0.0,미상,미상,미상,미상,미상
부의장울산,부의장 울산,1,0,0,0,0,0.0,미상,미상,미상,미상,미상
부의장원상회복을,부의장 원상회복을,1,0,0,0,0,0.0,미상,미상,미상,미상,미상
부의장원장,부의장 원장,1,0,0,0,0,0.0,미상,미상,미상,미상,미상
부의장원칙적,부의장 원칙적,1,0,0,0,0,0.0,미상,미상,미상,미상,미상
부의장원칙적인,부의장 원칙적인,1,0,0,0,0,0.0,미상,미상,미상,미상,미상
부의장위의,부의장 위의,1,0,0,0,0,0.0,미상,미상,미상,미상,미상
부의장위임사항을,부의장 위임사항을,1,0,0,0,0,0.0,미상,미상,미상,미상,미상
부의장유림씨는,부의장 유림씨는,1,0,0,0,0,0.0,미상,미상,미상,미상,미상
부의장유원식,부의장 유원식,1,0,0,0,0,0.0,미상,미상,미상,미상,미상
부의장융통성,부의장 융통성,1,0,0,0,0,0.0,미상,미상,미상,미상,미상
부의장은행내의,부의장 은행내의,1,0,0,0,0,0.0,미상,미상,미상,미상,미상
부의장은행주는,부의장 은행주는,1,0,0,0,0,0.0,미상,미상,미상,미상,미상
부의장음력,부의장 음력,1,0,0,0,0,0.0,미상,미상,미상,미상,미상
부의장의견,부의장 의견,1,0,0,0,0,0.0,미상,미상,미상,미상,미상
부의장의견을,부의장 의견을,1,0,0,0,0,0.0,미상,미상,미상,미상,미상
부의장의의,부의장 의의,1,0,0,0,0,0.0,미상,미상,미상,미상,미상
부의장의장께서는,부의장 의장께서는,1,0,0,0,0,0.0,미상,미상,미상,미상,미상
부의장의장으로부터,부의장 의장으로부터,1,0,0,0,0,0.0,미상,미상,미상,미상,미상
부의장의장은,부의장 의장은,1,0,0,0,0,0.0,미상,미상,미상,미상,미상
부의장의장이,부의장 의장이,1,0,0,0,0,0.0,미상,미상,미상,미상,미상
부의장의장휘장과,부의장 의장휘장과,1,0,0,0,0,0.0,미상,미상,미상,미상,미상
부의장이것으로,부의장 이것으로,1,0,0,0,0,0.0,미상,미상,미상,미상,미상
부의장이것을,부의장 이것을,1,0,0,0,0,0.0,미상,미상,미상,미상,미상
부의장이러한,부의장 이러한,1,0,0,0,0,0.0,미상,미상,미상,미상,미상
부의장이렇게,부의장 이렇게,1,0,0,0,0,0.0,미상,미상,미상,미상,미상
부의장이미,부의장 이미,1,0,0,0,0,0.0,미상,미상,미상,미상,미상
부의장이석제위원의,부의장 이석제위원의,1,0,0,0,0,0.0,미상,미상,미상,미상,미상
부의장이영준,부의장 이영준,1,0,0,0,0,0.0,신민당,서울 동대문구을,남,4선,지역구
부의장이의가,부의장 이의가,1,0,0,0,0,0.0,미상,미상,미상,미상,미상
부의장이의없이,부의장 이의없이,1,0,0,0,0,0.0,미상,미상,미상,미상,미상
부의장이익,부의장 이익,1,0,0,0,0,0.0,미상,미상,미상,미상,미상
부의장이제,부의장 이제,1,0,0,0,0,0.0,미상,미상,미상,미상,미상
부의장인도적,부의장 인도적,1,0,0,0,0,0.0,미상,미상,미상,미상,미상
부의장인사권이,부의장 인사권이,1,0,0,0,0,0.0,미상,미상,미상,미상,미상
부의장인상함으로써,부의장 인상함으로써,1,0,0,0,0,0.0,미상,미상,미상,미상,미상
부의장일본의,부의장 일본의,1,0,0,0,0,0.0,미상,미상,미상,미상,미상
부의장일정에,부의장 일정에,1,0,0,0,0,0.0,미상,미상,미상,미상,미상
부의장임시,부의장 임시,1,0,0,0,0,0.0,미상,미상,미상,미상,미상
부의장입학할,부의장 입학할,1,0,0,0,0,0.0,미상,미상,미상,미상,미상
부의장자격,부의장 자격,1,0,0,0,0,0.0,미상,미상,미상,미상,미상
부의장자격기준을,부의장 자격기준을,1,0,0,0,0,0.0,미상,미상,미상,미상,미상
부의장자구수정,부의장 자구수정,1,0,0,0,0,0.0,미상,미상,미상,미상,미상
부의장자구수정은,부의장 자구수정은,1,0,0,0,0,0.0,미상,미상,미상,미상,미상
부의장자금,부의장 자금,1,0,0,0,0,0.0,미상,미상,미상,미상,미상
부의장자본금,부의장 자본금,1,0,0,0,0,0.0,미상,미상,미상,미상,미상
부의장자세한,부의장 자세한,1,0,0,0,0,0.0,미상,미상,미상,미상,미상
부의장자연,부의장 자연,1,0,0,0,0,0.0,미상,미상,미상,미상,미상
부의장자유경제,부의장 자유경제,1,0,0,0,0,0.0,미상,미상,미상,미상,미상
부의장작년,부의장 작년,1,0,0,0,0,0.0,미상,미상,미상,미상,미상
부의장작업량의,부의장 작업량의,1,0,0,0,0,0.0,미상,미상,미상,미상,미상
부의장작업의,부의장 작업의,1,0,0,0,0,0.0,미상,미상,미상,미상,미상
부의장잠깐,부의장 잠깐,1,0,0,0,0,0.0,미상,미상,미상,미상,미상
부의장잡곡을,부의장 잡곡을,1,0,0,0,0,0.0,미상,미상,미상,미상,미상
부의장장관들과,부의장 장관들과,1,0,0,0,0,0.0,미상,미상,미상,미상,미상
부의장재경위와,부의장 재경위와,1,0,0,0,0,0.0,미상,미상,미상,미상,미상
부의장재경위원장과,부의장 재경위원장과,1,0,0,0,0,0.0,미상,미상,미상,미상,미상
부의장재경위원장은,부의장 재경위원장은,1,0,0,0,0,0.0,미상,미상,미상,미상,미상
부의장재산해외도피방지법이,부의장 재산해외도피방지법이,1,0,0,0,0,0.0,미상,미상,미상,미상,미상
부의장재상정함이,부의장 재상정함이,1,0,0,0,0,0.0,미상,미상,미상,미상,미상
부의장재연구하여,부의장 재연구하여,1,0,0,0,0,0.0,미상,미상,미상,미상,미상
부의장재판관이,부의장 재판관이,1,0,0,0,0,0.0,미상,미상,미상,미상,미상
부의장적자를,부의장 적자를,1,0,0,0,0,0.0,미상,미상,미상,미상,미상
부의장전국적인,부의장 전국적인,1,0,0,0,0,0.0,미상,미상,미상,미상,미상
부의장전단,부의장 전단,1,0,0,0,0,0.0,미상,미상,미상,미상,미상
부의장전시,부의장 전시,1,0,0,0,0,0.0,미상,미상,미상,미상,미상
부의장절량민은,부의장 절량민은,1,0,0,0,0,0.0,미상,미상,미상,미상,미상
부의장정부,부의장 정부,1,0,0,0,0,0.0,미상,미상,미상,미상,미상
부의장정부기구,부의장 정부기구,1,0,0,0,0,0.0,미상,미상,미상,미상,미상
부의장정부안과의,부의장 정부안과의,1,0,0,0,0,0.0,미상,미상,미상,미상,미상
부의장정부안대로,부의장 정부안대로,1,0,0,0,0,0.0,미상,미상,미상,미상,미상
부의장정부안이,부의장 정부안이,1,0,0,0,0,0.0,미상,미상,미상,미상,미상
부의장정부원안,부의장 정부원안,1,0,0,0,0,0.0,미상,미상,미상,미상,미상
부의장정식,부의장 정식,1,0,0,0,0,0.0,미상,미상,미상,미상,미상
부의장정일권,부의장 정일권,1,0,0,0,0,0.0,미상,미상,미상,미상,미상
부의장정책과,부의장 정책과,1,0,0,0,0,0.0,미상,미상,미상,미상,미상
부의장정책문제는,부의장 정책문제는,1,0,0,0,0,0.0,미상,미상,미상,미상,미상
부의장정책상,부의장 정책상,1,0,0,0,0,0.0,미상,미상,미상,미상,미상
부의장정책상의,부의장 정책상의,1,0,0,0,0,0.0,미상,미상,미상,미상,미상
부의장정책설명,부의장 정책설명,1,0,0,0,0,0.0,미상,미상,미상,미상,미상
부의장정치적인,부의장 정치적인,1,0,0,0,0,0.0,미상,미상,미상,미상,미상
부의장제1,부의장 제1,1,0,0,0,0,0.0,미상,미상,미상,미상,미상
부의장제10조,부의장 제10조,1,0,0,0,0,0.0,미상,미상,미상,미상,미상
부의장제10조의,부의장 제10조의,1,0,0,0,0,0.0,미상,미상,미상,미상,미상
부의장제114조의,부의장 제114조의,1,0,0,0,0,0.0,미상,미상,미상,미상,미상
부의장제11조에,부의장 제11조에,1,0,0,0,0,0.0,미상,미상,미상,미상,미상
부의장제12조,부의장 제12조,1,0,0,0,0,0.0,미상,미상,미상,미상,미상
부의장제12조의,부의장 제12조의,1,0,0,0,0,0.0,미상,미상,미상,미상,미상
부의장제13조는,부의장 제13조는,1,0,0,0,0,0.0,미상,미상,미상,미상,미상
부의장제14조는,부의장 제14조는,1,0,0,0,0,0.0,미상,미상,미상,미상,미상
부의장제14조를,부의장 제14조를,1,0,0,0,0,0.0,미상,미상,미상,미상,미상
부의장제14조의,부의장 제14조의,1,0,0,0,0,0.0,미상,미상,미상,미상,미상
부의장제15조에서,부의장 제15조에서,1,0,0,0,0,0.0,미상,미상,미상,미상,미상
부의장제15조의,부의장 제15조의,1,0,0,0,0,0.0,미상,미상,미상,미상,미상
부의장제16조,부의장 제16조,1,0,0,0,0,0.0,미상,미상,미상,미상,미상
부의장제16조2항과,부의장 제16조2항과,1,0,0,0,0,0.0,미상,미상,미상,미상,미상
부의장제16조에서,부의장 제16조에서,1,0,0,0,0,0.0,미상,미상,미상,미상,미상
부의장제17조,부의장 제17조,1,0,0,0,0,0.0,미상,미상,미상,미상,미상
부의장제18조의,부의장 제18조의,1,0,0,0,0,0.0,미상,미상,미상,미상,미상
부의장제19조,부의장 제19조,1,0,0,0,0,0.0,미상,미상,미상,미상,미상
부의장제1심의,부의장 제1심의,1,0,0,0,0,0.0,미상,미상,미상,미상,미상
부의장제1장,부의장 제1장,1,0,0,0,0,0.0,미상,미상,미상,미상,미상
부의장제1조의,부의장 제1조의,1,0,0,0,0,0.0,미상,미상,미상,미상,미상
부의장제20조,부의장 제20조,1,0,0,0,0,0.0,미상,미상,미상,미상,미상
부의장제22조,부의장 제22조,1,0,0,0,0,0.0,미상,미상,미상,미상,미상
부의장제22조에,부의장 제22조에,1,0,0,0,0,0.0,미상,미상,미상,미상,미상
부의장제23조와,부의장 제23조와,1,0,0,0,0,0.0,미상,미상,미상,미상,미상
부의장제24조의,부의장 제24조의,1,0,0,0,0,0.0,미상,미상,미상,미상,미상
부의장제25조,부의장 제25조,1,0,0,0,0,0.0,미상,미상,미상,미상,미상
부의장제26조에,부의장 제26조에,1,0,0,0,0,0.0,미상,미상,미상,미상,미상
부의장제26조의,부의장 제26조의,1,0,0,0,0,0.0,미상,미상,미상,미상,미상
부의장제27조,부의장 제27조,1,0,0,0,0,0.0,미상,미상,미상,미상,미상
부의장제27조에서,부의장 제27조에서,1,0,0,0,0,0.0,미상,미상,미상,미상,미상
부의장제28조,부의장 제28조,1,0,0,0,0,0.0,미상,미상,미상,미상,미상
부의장제29조,부의장 제29조,1,0,0,0,0,0.0,미상,미상,미상,미상,미상
부의장제29조의,부의장 제29조의,1,0,0,0,0,0.0,미상,미상,미상,미상,미상
부의장제2안을,부의장 제2안을,1,0,0,0,0,0.0,미상,미상,미상,미상,미상
부의장제2안이,부의장 제2안이,1,0,0,0,0,0.0,미상,미상,미상,미상,미상
부의장제2조2의,부의장 제2조2의,1,0,0,0,0,0.0,미상,미상,미상,미상,미상
부의장제3,부의장 제3,1,0,0,0,0,0.0,미상,미상,미상,미상,미상
부의장제32조,부의장 제32조,1,0,0,0,0,0.0,미상,미상,미상,미상,미상
부의장제34조,부의장 제34조,1,0,0,0,0,0.0,미상,미상,미상,미상,미상
부의장제36조,부의장 제36조,1,0,0,0,0,0.0,미상,미상,미상,미상,미상
부의장제39조는,부의장 제39조는,1,0,0,0,0,0.0,미상,미상,미상,미상,미상
부의장제3조,부의장 제3조,1,0,0,0,0,0.0,미상,미상,미상,미상,미상
부의장제3조1항을,부의장 제3조1항을,1,0,0,0,0,0.0,미상,미상,미상,미상,미상
부의장제3조는,부의장 제3조는,1,0,0,0,0,0.0,미상,미상,미상,미상,미상
부의장제3조에,부의장 제3조에,1,0,0,0,0,0.0,미상,미상,미상,미상,미상
부의장제53조중,부의장 제53조중,1,0,0,0,0,0.0,미상,미상,미상,미상,미상
부의장제5조에는,부의장 제5조에는,1,0,0,0,0,0.0,미상,미상,미상,미상,미상
부의장제5조에서,부의장 제5조에서,1,0,0,0,0,0.0,미상,미상,미상,미상,미상
부의장제5조의,부의장 제5조의,1,0,0,0,0,0.0,미상,미상,미상,미상,미상
부의장제6조에,부의장 제6조에,1,0,0,0,0,0.0,미상,미상,미상,미상,미상
부의장제6조의,부의장 제6조의,1,0,0,0,0,0.0,미상,미상,미상,미상,미상
부의장제7조1의,부의장 제7조1의,1,0,0,0,0,0.0,미상,미상,미상,미상,미상
부의장제7조가,부의장 제7조가,1,0,0,0,0,0.0,미상,미상,미상,미상,미상
부의장제80조,부의장 제80조,1,0,0,0,0,0.0,미상,미상,미상,미상,미상
부의장제99조,부의장 제99조,1,0,0,0,0,0.0,미상,미상,미상,미상,미상
부의장제9조는,부의장 제9조는,1,0,0,0,0,0.0,미상,미상,미상,미상,미상
부의장제9조에,부의장 제9조에,1,0,0,0,0,0.0,미상,미상,미상,미상,미상
부의장제가,부의장 제가,1,0,0,0,0,0.0,미상,미상,미상,미상,미상
부의장조달청에서,부의장 조달청에서,1,0,0,0,0,0.0,미상,미상,미상,미상,미상
부의장조세,부의장 조세,1,0,0,0,0,0.0,미상,미상,미상,미상,미상
부의장종합병원,부의장 종합병원,1,0,0,0,0,0.0,미상,미상,미상,미상,미상
부의장종합병원과의,부의장 종합병원과의,1,0,0,0,0,0.0,미상,미상,미상,미상,미상
부의장좋겠음.,부의장 좋겠음.,1,0,0,0,0,0.0,미상,미상,미상,미상,미상
부의장좋겠지요.,부의장 좋겠지요.,1,0,0,0,0,0.0,미상,미상,미상,미상,미상
부의장준위,부의장 준위,1,0,0,0,0,0.0,미상,미상,미상,미상,미상
부의장중소기업을,부의장 중소기업을,1,0,0,0,0,0.0,미상,미상,미상,미상,미상
부의장중앙은행의,부의장 중앙은행의,1,0,0,0,0,0.0,미상,미상,미상,미상,미상
부의장중앙회장은,부의장 중앙회장은,1,0,0,0,0,0.0,미상,미상,미상,미상,미상
부의장지금까지의,부의장 지금까지의,1,0,0,0,0,0.0,미상,미상,미상,미상,미상
부의장지금으로서는,부의장 지금으로서는,1,0,0,0,0,0.0,미상,미상,미상,미상,미상
부의장지난번,부의장 지난번,1,0,0,0,0,0.0,미상,미상,미상,미상,미상
부의장지방자치단체,부의장 지방자치단체,1,0,0,0,0,0.0,미상,미상,미상,미상,미상
부의장지불방법은,부의장 지불방법은,1,0,0,0,0,0.0,미상,미상,미상,미상,미상
"부의장지사,","부의장 지사,",1,0,0,0,0,0.0,미상,미상,미상,미상,미상
부의장지장,부의장 지장,1,0,0,0,0,0.0,미상,미상,미상,미상,미상
부의장지정업무,부의장 지정업무,1,0,0,0,0,0.0,미상,미상,미상,미상,미상
부의장지휘,부의장 지휘,1,0,0,0,0,0.0,미상,미상,미상,미상,미상
부의장직원,부의장 직원,1,0,0,0,0,0.0,미상,미상,미상,미상,미상
부의장직제는,부의장 직제는,1,0,0,0,0,0.0,미상,미상,미상,미상,미상
부의장직제를,부의장 직제를,1,0,0,0,0,0.0,미상,미상,미상,미상,미상
부의장직제에,부의장 직제에,1,0,0,0,0,0.0,미상,미상,미상,미상,미상
부의장진상을,부의장 진상을,1,0,0,0,0,0.0,미상,미상,미상,미상,미상
부의장질의,부의장 질의,1,0,0,0,0,0.0,미상,미상,미상,미상,미상
부의장차량문제는,부의장 차량문제는,1,0,0,0,0,0.0,미상,미상,미상,미상,미상
부의장책임한계는,부의장 책임한계는,1,0,0,0,0,0.0,미상,미상,미상,미상,미상
부의장총재,부의장 총재,1,0,0,0,0,0.0,미상,미상,미상,미상,미상
부의장최고의에,부의장 최고의에,1,0,0,0,0,0.0,미상,미상,미상,미상,미상
부의장최고의의,부의장 최고의의,1,0,0,0,0,0.0,미상,미상,미상,미상,미상
부의장축산물검사법안은,부의장 축산물검사법안은,1,0,0,0,0,0.0,미상,미상,미상,미상,미상
부의장축조심의,부의장 축조심의,1,0,0,0,0,0.0,미상,미상,미상,미상,미상
부의장축조심의함이,부의장 축조심의함이,1,0,0,0,0,0.0,미상,미상,미상,미상,미상
부의장출생,부의장 출생,1,0,0,0,0,0.0,미상,미상,미상,미상,미상
부의장취지만은,부의장 취지만은,1,0,0,0,0,0.0,미상,미상,미상,미상,미상
부의장친척,부의장 친척,1,0,0,0,0,0.0,미상,미상,미상,미상,미상
부의장큰,부의장 큰,1,0,0,0,0,0.0,미상,미상,미상,미상,미상
부의장타,부의장 타,1,0,0,0,0,0.0,미상,미상,미상,미상,미상
부의장통과함,부의장 통과함,1,0,0,0,0,0.0,미상,미상,미상,미상,미상
부의장통과함.,부의장 통과함.,1,0,0,0,0,0.0,미상,미상,미상,미상,미상
부의장통과합니다.,부의장 통과합니다.,1,0,0,0,0,0.0,미상,미상,미상,미상,미상
부의장통화조치법에는,부의장 통화조치법에는,1,0,0,0,0,0.0,미상,미상,미상,미상,미상
부의장퇴직자중,부의장 퇴직자중,1,0,0,0,0,0.0,미상,미상,미상,미상,미상
부의장특별법은,부의장 특별법은,1,0,0,0,0,0.0,미상,미상,미상,미상,미상
부의장특정,부의장 특정,1,0,0,0,0,0.0,미상,미상,미상,미상,미상
부의장파벌문제의,부의장 파벌문제의,1,0,0,0,0,0.0,미상,미상,미상,미상,미상
부의장품목은,부의장 품목은,1,0,0,0,0,0.0,미상,미상,미상,미상,미상
부의장필수,부의장 필수,1,0,0,0,0,0.0,미상,미상,미상,미상,미상
부의장필요,부의장 필요,1,0,0,0,0,0.0,미상,미상,미상,미상,미상
부의장학생,부의장 학생,1,0,0,0,0,0.0,미상,미상,미상,미상,미상
부의장한번,부의장 한번,1,0,0,0,0,0.0,미상,미상,미상,미상,미상
부의장한약을,부의장 한약을,1,0,0,0,0,0.0,미상,미상,미상,미상,미상
부의장한은법,부의장 한은법,1,0,0,0,0,0.0,미상,미상,미상,미상,미상
부의장한은법을,부의장 한은법을,1,0,0,0,0,0.0,미상,미상,미상,미상,미상
부의장한전에,부의장 한전에,1,0,0,0,0,0.0,미상,미상,미상,미상,미상
부의장합동,부의장 합동,1,0,0,0,0,0.0,미상,미상,미상,미상,미상
부의장행정부의,부의장 행정부의,1,0,0,0,0,0.0,미상,미상,미상,미상,미상
부의장행정사정위원회가,부의장 행정사정위원회가,1,0,0,0,0,0.0,미상,미상,미상,미상,미상
부의장행정사정을,부의장 행정사정을,1,0,0,0,0,0.0,미상,미상,미상,미상,미상
부의장행정조치로,부의장 행정조치로,1,0,0,0,0,0.0,미상,미상,미상,미상,미상
부의장헌법상의,부의장 헌법상의,1,0,0,0,0,0.0,미상,미상,미상,미상,미상
부의장현실적으로,부의장 현실적으로,1,0,0,0,0,0.0,미상,미상,미상,미상,미상
부의장현재로서,부의장 현재로서,1,0,0,0,0,0.0,미상,미상,미상,미상,미상
부의장휴식,부의장 휴식,1,0,0,0,0,0.0,미상,미상,미상,미상,미상
부의장흥아타이야에,부의장 흥아타이야에,1,0,0,0,0,0.0,미상,미상,미상,미상,미상
부이사관윤영탁,부이사관 윤영탁,1,0,0,0,0,0.0,미상,미상,미상,미상,미상
부정축재환수관리위원회관리과장장기완,부정축재환수관리위원회관리과장 장기완,1,0,0,0,0,0.0,미상,미상,미상,미상,미상
부지사안갑준,부지사 안갑준,1,0,0,0,0,0.0,미상,미상,미상,미상,미상
부축심사반원신문은,부축심사반원 신문은,1,0,0,0,0,0.0,미상,미상,미상,미상,미상
북부세무서장서경식,북부세무서장 서경식,1,0,0,0,0,0.0,미상,미상,미상,미상,미상
북부세무서장서경환,북부세무서장 서경환,1,0,0,0,0,0.0,미상,미상,미상,미상,미상
불량유독의약식품조사위원장정헌조,불량유독의약식품조사위원장 정헌조,1,0,0,0,0,0.0,민주공화당,"전남 함평,영광군",남,재선,지역구
비서실장서인석,비서실장 서인석,1,0,0,0,0,0.0,미상,미상,미상,미상,미상
비율빈공화국하원의장호세․B․라우렐,비율빈공화국하원의장 호세․B․라우렐,1,0,0,0,0,0.0,미상,미상,미상,미상,미상
사무관권오헌,사무관 권오헌,1,0,0,0,0,0.0,미상,미상,미상,미상,미상
사무관김병일,사무관 김병일,1,0,0,0,0,0.0,미상,미상,미상,미상,미상
사무관김정식,사무관 김정식,1,0,0,0,0,0.0,미상,미상,미상,미상,미상
사무관김철,사무관 김철,1,0,0,0,0,0.0,미상,미상,미상,미상,미상
사무관류만형,사무관 류만형,1,0,0,0,0,0.0,미상,미상,미상,미상,미상
사무관리비,사무관리비,1,0,0,0,0,0.0,미상,미상,미상,미상,미상
사무관박금병,사무관 박금병,1,0,0,0,0,0.0,미상,미상,미상,미상,미상
사무관박영무,사무관 박영무,1,0,0,0,0,0.0,미상,미상,미상,미상,미상
사무관백형익,사무관 백형익,1,0,0,0,0,0.0,미상,미상,미상,미상,미상
사무관송감,사무관 송감,1,0,0,0,0,0.0,미상,미상,미상,미상,미상
사무관우상갑,사무관 우상갑,1,0,0,0,0,0.0,미상,미상,미상,미상,미상
사무관윤영호,사무관 윤영호,1,0,0,0,0,0.0,미상,미상,미상,미상,미상
사무관이강여,사무관 이강여,1,0,0,0,0,0.0,미상,미상,미상,미상,미상
사무관이동철,사무관 이동철,1,0,0,0,0,0.0,미상,미상,미상,미상,미상
사무관이주범,사무관 이주범,1,0,0,0,0,0.0,미상,미상,미상,미상,미상
사무국장오응서,사무국장 오응서,1,0,0,0,0,0.0,미상,미상,미상,미상,미상
사무국장작년,사무국장 작년,1,0,0,0,0,0.0,미상,미상,미상,미상,미상
"사무차관1,000만환","사무차관 1,000만환",1,0,0,0,0,0.0,미상,미상,미상,미상,미상
사무차관은행,사무차관 은행,1,0,0,0,0,0.0,미상,미상,미상,미상,미상
사무차관이한빈,사무차관 이한빈,1,0,0,0,0,0.0,미상,미상,미상,미상,미상
사무처관계관국방부,사무처관계관 국방부,1,0,0,0,0,0.0,미상,미상,미상,미상,미상
사무처관계관신법률안,사무처관계관 신법률안,1,0,0,0,0,0.0,미상,미상,미상,미상,미상
사무처이대령,사무처 이대령,1,0,0,0,0,0.0,미상,미상,미상,미상,미상
"사무처장50,000명의","사무처장 50,000명의",1,0,0,0,0,0.0,미상,미상,미상,미상,미상
사무처장T/O상에,사무처장 T/O상에,1,0,0,0,0,0.0,미상,미상,미상,미상,미상
사무처장경제개발5개년계획,사무처장 경제개발5개년계획,1,0,0,0,0,0.0,미상,미상,미상,미상,미상
사무처장공무원의,사무처장 공무원의,1,0,0,0,0,0.0,미상,미상,미상,미상,미상
사무처장과거부터의,사무처장 과거부터의,1,0,0,0,0,0.0,미상,미상,미상,미상,미상
사무처장과거에도,사무처장 과거에도,1,0,0,0,0,0.0,미상,미상,미상,미상,미상
사무처장국제적으로,사무처장 국제적으로,1,0,0,0,0,0.0,미상,미상,미상,미상,미상
사무처장국제회의는,사무처장 국제회의는,1,0,0,0,0,0.0,미상,미상,미상,미상,미상
사무처장기술위원장은,사무처장 기술위원장은,1,0,0,0,0,0.0,미상,미상,미상,미상,미상
사무처장내각,사무처장 내각,1,0,0,0,0,0.0,미상,미상,미상,미상,미상
사무처장내각수반과,사무처장 내각수반과,1,0,0,0,0,0.0,미상,미상,미상,미상,미상
사무처장내무부에서,사무처장 내무부에서,1,0,0,0,0,0.0,미상,미상,미상,미상,미상
사무처장내무부장관에게,사무처장 내무부장관에게,1,0,0,0,0,0.0,미상,미상,미상,미상,미상
사무처장농림부에서,사무처장 농림부에서,1,0,0,0,0,0.0,미상,미상,미상,미상,미상
사무처장능률면에서,사무처장 능률면에서,1,0,0,0,0,0.0,미상,미상,미상,미상,미상
사무처장뚜렷한,사무처장 뚜렷한,1,0,0,0,0,0.0,미상,미상,미상,미상,미상
사무처장사학가들의,사무처장 사학가들의,1,0,0,0,0,0.0,미상,미상,미상,미상,미상
사무처장서울특별시,사무처장 서울특별시,1,0,0,0,0,0.0,미상,미상,미상,미상,미상
사무처장앞으로,사무처장 앞으로,1,0,0,0,0,0.0,미상,미상,미상,미상,미상
사무처장업무의,사무처장 업무의,1,0,0,0,0,0.0,미상,미상,미상,미상,미상
사무처장예복문제는,사무처장 예복문제는,1,0,0,0,0,0.0,미상,미상,미상,미상,미상
사무처장우남,사무처장 우남,1,0,0,0,0,0.0,미상,미상,미상,미상,미상
사무처장원칙,사무처장 원칙,1,0,0,0,0,0.0,미상,미상,미상,미상,미상
사무처장전달하겠음.,사무처장 전달하겠음.,1,0,0,0,0,0.0,미상,미상,미상,미상,미상
사무처장정부파견,사무처장 정부파견,1,0,0,0,0,0.0,미상,미상,미상,미상,미상
사무처장제16주년,사무처장 제16주년,1,0,0,0,0,0.0,미상,미상,미상,미상,미상
사무처장제안경위,사무처장 제안경위,1,0,0,0,0,0.0,미상,미상,미상,미상,미상
사무처장제안설명,사무처장 제안설명,1,0,0,0,0,0.0,미상,미상,미상,미상,미상
사무처장지방비에서,사무처장 지방비에서,1,0,0,0,0,0.0,미상,미상,미상,미상,미상
사무처장참고적으로,사무처장 참고적으로,1,0,0,0,0,0.0,미상,미상,미상,미상,미상
사무처장체제상,사무처장 체제상,1,0,0,0,0,0.0,미상,미상,미상,미상,미상
사무처장총,사무처장 총,1,0,0,0,0,0.0,미상,미상,미상,미상,미상
사무처장최고회의,사무처장 최고회의,1,0,0,0,0,0.0,미상,미상,미상,미상,미상
사무처장충분히,사무처장 충분히,1,0,0,0,0,0.0,미상,미상,미상,미상,미상
사무처장특히,사무처장 특히,1,0,0,0,0,0.0,미상,미상,미상,미상,미상
사무처장평균,사무처장 평균,1,0,0,0,0,0.0,미상,미상,미상,미상,미상
사무처장하급직원은,사무처장 하급직원은,1,0,0,0,0,0.0,미상,미상,미상,미상,미상
사무처장행정면은,사무처장 행정면은,1,0,0,0,0,0.0,미상,미상,미상,미상,미상
사무처장행정상,사무처장 행정상,1,0,0,0,0,0.0,미상,미상,미상,미상,미상
사무처장혁명,사무처장 혁명,1,0,0,0,0,0.0,미상,미상,미상,미상,미상
사무처장현재,사무처장 현재,1,0,0,0,0,0.0,미상,미상,미상,미상,미상
사무처장후에,사무처장 후에,1,0,0,0,0,0.0,미상,미상,미상,미상,미상
사무처총무과장한원조,사무처총무과장 한원조,1,0,0,0,0,0.0,미상,미상,미상,미상,미상
사무처총무국장서울시는,사무처총무국장 서울시는,1,0,0,0,0,0.0,미상,미상,미상,미상,미상
사무처총무국장챠-트에,사무처총무국장 챠-트에,1,0,0,0,0,0.0,미상,미상,미상,미상,미상
사무총국장개정이유,사무총국장 개정이유,1,0,0,0,0,0.0,미상,미상,미상,미상,미상
사무총국장사무,사무총국장 사무,1,0,0,0,0,0.0,미상,미상,미상,미상,미상
사무총국장상설기관인,사무총국장 상설기관인,1,0,0,0,0,0.0,미상,미상,미상,미상,미상
사무총국장예산에,사무총국장 예산에,1,0,0,0,0,0.0,미상,미상,미상,미상,미상
사무총국장자구,사무총국장 자구,1,0,0,0,0,0.0,미상,미상,미상,미상,미상
사무총국장제안이유.,사무총국장 제안이유.,1,0,0,0,0,0.0,미상,미상,미상,미상,미상
사무총장대리권경식,사무총장대리 권경식,1,0,0,0,0,0.0,미상,미상,미상,미상,미상
사무총장직무대행황종갑,사무총장직무대행 황종갑,1,0,0,0,0,0.0,미상,미상,미상,미상,미상
사법국장김동수,사법국장 김동수,1,0,0,0,0,0.0,미상,미상,미상,미상,미상
사비사장보상은,사비사장 보상은,1,0,0,0,0,0.0,미상,미상,미상,미상,미상
사비사장비료용해,사비사장 비료용해,1,0,0,0,0,0.0,미상,미상,미상,미상,미상
사세국장(최고위법사위의,사세국장 (최고위법사위의,1,0,0,0,0,0.0,미상,미상,미상,미상,미상
사세국장가산세는,사세국장 가산세는,1,0,0,0,0,0.0,미상,미상,미상,미상,미상
사세국장법안개요,사세국장 법안개요,1,0,0,0,0,0.0,미상,미상,미상,미상,미상
사세국장세제개정,사세국장 세제개정,1,0,0,0,0,0.0,미상,미상,미상,미상,미상
사세국장세제개혁,사세국장 세제개혁,1,0,0,0,0,0.0,미상,미상,미상,미상,미상
사세국장세제개혁의,사세국장 세제개혁의,1,0,0,0,0,0.0,미상,미상,미상,미상,미상
사세국장소득세율,사세국장 소득세율,1,0,0,0,0,0.0,미상,미상,미상,미상,미상
사세국장약,사세국장 약,1,0,0,0,0,0.0,미상,미상,미상,미상,미상
사세국장이미,사세국장 이미,1,0,0,0,0,0.0,미상,미상,미상,미상,미상
사세국장챠-트에,사세국장 챠-트에,1,0,0,0,0,0.0,미상,미상,미상,미상,미상
사세국장현재,사세국장 현재,1,0,0,0,0,0.0,미상,미상,미상,미상,미상
사세국장현재까지,사세국장 현재까지,1,0,0,0,0,0.0,미상,미상,미상,미상,미상
사세국장휘발유에,사세국장 휘발유에,1,0,0,0,0,0.0,미상,미상,미상,미상,미상
사장안경모,사장 안경모,1,0,0,0,0,0.0,미상,미상,미상,미상,미상
산련강원도지부장서희봉,산련강원도지부장 서희봉,1,0,0,0,0,0.0,미상,미상,미상,미상,미상
산련경상북도지부장김영희,산련경상북도지부장 김영희,1,0,0,0,0,0.0,미상,미상,미상,미상,미상
산련제주도지부장조승옥,산련제주도지부장 조승옥,1,0,0,0,0,0.0,미상,미상,미상,미상,미상
산련제주도지부장홍성효,산련제주도지부장 홍성효,1,0,0,0,0,0.0,미상,미상,미상,미상,미상
산림국장6월,산림국장 6월,1,0,0,0,0,0.0,미상,미상,미상,미상,미상
산림국장동력펌프와,산림국장 동력펌프와,1,0,0,0,0,0.0,미상,미상,미상,미상,미상
산림국장약,산림국장 약,1,0,0,0,0,0.0,미상,미상,미상,미상,미상
산림국장천적을,산림국장 천적을,1,0,0,0,0,0.0,미상,미상,미상,미상,미상
산림보호비,산림보호비,1,0,0,0,0,0.0,미상,미상,미상,미상,미상
산림조합연합회경기도지부장이것은,산림조합연합회경기도지부장 이것은,1,0,0,0,0,0.0,미상,미상,미상,미상,미상
산림조합연합회경기도지부장정,산림조합연합회경기도지부장 정,1,0,0,0,0,0.0,미상,미상,미상,미상,미상
산림조합연합회경기도지부장한세동,산림조합연합회경기도지부장 한세동,1,0,0,0,0,0.0,미상,미상,미상,미상,미상
산림조합연합회경상북도지부장김영희,산림조합연합회경상북도지부장 김영희,1,0,0,0,0,0.0,미상,미상,미상,미상,미상
산연경상북도지부장정병국,산연경상북도지부장 정병국,1,0,0,0,0,0.0,미상,미상,미상,미상,미상
산은총재김세련,산은총재 김세련,1,0,0,0,0,0.0,미상,미상,미상,미상,미상
산은총재성업공사에,산은총재 성업공사에,1,0,0,0,0,0.0,미상,미상,미상,미상,미상
삼민회원내총무유성권,삼민회원내총무 유성권,1,0,0,0,0,0.0,신민당,서울 성동구갑,남,3선,지역구
삼성감독관삼성재단에,삼성감독관 삼성재단에,1,0,0,0,0,0.0,미상,미상,미상,미상,미상
상공부공업연구소장이범순,상공부공업연구소장 이범순,1,0,0,0,0,0.0,미상,미상,미상,미상,미상
상공부공업체1국장오원철,상공부공업체1국장 오원철,1,0,0,0,0,0.0,미상,미상,미상,미상,미상
상공부공업체2국장박임숙,상공부공업체2국장 박임숙,1,0,0,0,0,0.0,미상,미상,미상,미상,미상
상공부광무국장박림숙,상공부광무국장 박림숙,1,0,0,0,0,0.0,미상,미상,미상,미상,미상
상공부국립공업연구소장오신섭,상공부국립공업연구소장 오신섭,1,0,0,0,0,0.0,미상,미상,미상,미상,미상
상공부국립광업연구소장현원달,상공부국립광업연구소장 현원달,1,0,0,0,0,0.0,미상,미상,미상,미상,미상
상공부국립지질조사소장박인규,상공부국립지질조사소장 박인규,1,0,0,0,0,0.0,미상,미상,미상,미상,미상
상공부기획실장이진화,상공부기획실장 이진화,1,0,0,0,0,0.0,미상,미상,미상,미상,미상
상공부기획조정관원본,상공부기획조정관 원본,1,0,0,0,0,0.0,미상,미상,미상,미상,미상
상공부담당관······,상공부담당관 ······,1,0,0,0,0,0.0,미상,미상,미상,미상,미상
상공부백박사,상공부 백박사,1,0,0,0,0,0.0,미상,미상,미상,미상,미상
상공부석탄과장이병길,상공부석탄과장 이병길,1,0,0,0,0,0.0,미상,미상,미상,미상,미상
상공부연료과장박규홍,상공부연료과장 박규홍,1,0,0,0,0,0.0,미상,미상,미상,미상,미상
상공부유통경제관이재려,상공부유통경제관 이재려,1,0,0,0,0,0.0,미상,미상,미상,미상,미상
상공부장관1.,상공부장관 1.,1,0,0,0,0,0.0,미상,미상,미상,미상,미상
"상공부장관17,000환에서","상공부장관 17,000환에서",1,0,0,0,0,0.0,미상,미상,미상,미상,미상
상공부장관5%,상공부장관 5%,1,0,0,0,0,0.0,미상,미상,미상,미상,미상
상공부장관5.15부로,상공부장관 5.15부로,1,0,0,0,0,0.0,미상,미상,미상,미상,미상
상공부장관계약해서,상공부장관 계약해서,1,0,0,0,0,0.0,미상,미상,미상,미상,미상
상공부장관그,상공부장관 그,1,0,0,0,0,0.0,미상,미상,미상,미상,미상
상공부장관기타,상공부장관 기타,1,0,0,0,0,0.0,미상,미상,미상,미상,미상
상공부장관대중생활에,상공부장관 대중생활에,1,0,0,0,0,0.0,미상,미상,미상,미상,미상
상공부장관민영화를,상공부장관 민영화를,1,0,0,0,0,0.0,미상,미상,미상,미상,미상
상공부장관병역,상공부장관 병역,1,0,0,0,0,0.0,미상,미상,미상,미상,미상
상공부장관본,상공부장관 본,1,0,0,0,0,0.0,미상,미상,미상,미상,미상
상공부장관상공회의소는,상공부장관 상공회의소는,1,0,0,0,0,0.0,미상,미상,미상,미상,미상
상공부장관새로운,상공부장관 새로운,1,0,0,0,0,0.0,미상,미상,미상,미상,미상
상공부장관생산,상공부장관 생산,1,0,0,0,0,0.0,미상,미상,미상,미상,미상
상공부장관석탄수출은,상공부장관 석탄수출은,1,0,0,0,0,0.0,미상,미상,미상,미상,미상
상공부장관신고하지,상공부장관 신고하지,1,0,0,0,0,0.0,미상,미상,미상,미상,미상
상공부장관쌍용양회의,상공부장관 쌍용양회의,1,0,0,0,0,0.0,미상,미상,미상,미상,미상
상공부장관앞으로,상공부장관 앞으로,1,0,0,0,0,0.0,미상,미상,미상,미상,미상
상공부장관업무의,상공부장관 업무의,1,0,0,0,0,0.0,미상,미상,미상,미상,미상
상공부장관융통성을,상공부장관 융통성을,1,0,0,0,0,0.0,미상,미상,미상,미상,미상
상공부장관의욕적인,상공부장관 의욕적인,1,0,0,0,0,0.0,미상,미상,미상,미상,미상
상공부장관이대로,상공부장관 이대로,1,0,0,0,0,0.0,미상,미상,미상,미상,미상
상공부장관자문기관이며,상공부장관 자문기관이며,1,0,0,0,0,0.0,미상,미상,미상,미상,미상
상공부장관정부에서,상공부장관 정부에서,1,0,0,0,0,0.0,미상,미상,미상,미상,미상
상공부장관제13조,상공부장관 제13조,1,0,0,0,0,0.0,미상,미상,미상,미상,미상
상공부장관제8조,상공부장관 제8조,1,0,0,0,0,0.0,미상,미상,미상,미상,미상
상공부장관제8조에,상공부장관 제8조에,1,0,0,0,0,0.0,미상,미상,미상,미상,미상
상공부장관제안이유.,상공부장관 제안이유.,1,0,0,0,0,0.0,미상,미상,미상,미상,미상
상공부장관중소기업협동조합,상공부장관 중소기업협동조합,1,0,0,0,0,0.0,미상,미상,미상,미상,미상
상공부장관직할,상공부장관 직할,1,0,0,0,0,0.0,미상,미상,미상,미상,미상
상공부장관출원하고,상공부장관 출원하고,1,0,0,0,0,0.0,미상,미상,미상,미상,미상
상공부장관타당한,상공부장관 타당한,1,0,0,0,0,0.0,미상,미상,미상,미상,미상
상공부장관퇴직금,상공부장관 퇴직금,1,0,0,0,0,0.0,미상,미상,미상,미상,미상
상공부전기국장전기국소관에,상공부전기국장 전기국소관에,1,0,0,0,0,0.0,미상,미상,미상,미상,미상
상공부제1공업국중소기업과장문기상,상공부제1공업국중소기업과장 문기상,1,0,0,0,0,0.0,미상,미상,미상,미상,미상
상공부조정관1억,상공부조정관 1억,1,0,0,0,0,0.0,미상,미상,미상,미상,미상
상공부조정관약정서에,상공부조정관 약정서에,1,0,0,0,0,0.0,미상,미상,미상,미상,미상
상공부조정관우연히,상공부조정관 우연히,1,0,0,0,0,0.0,미상,미상,미상,미상,미상
상공부중소기업국장박규홍,상공부중소기업국장 박규홍,1,0,0,0,0,0.0,미상,미상,미상,미상,미상
상공부중앙계량국장신중훈,상공부중앙계량국장 신중훈,1,0,0,0,0,0.0,미상,미상,미상,미상,미상
상공부차관(1)국기,상공부차관 (1)국기,1,0,0,0,0,0.0,미상,미상,미상,미상,미상
상공부차관15환,상공부차관 15환,1,0,0,0,0,0.0,미상,미상,미상,미상,미상
상공부차관5개년계획에,상공부차관 5개년계획에,1,0,0,0,0,0.0,미상,미상,미상,미상,미상
상공부차관Simplify,상공부차관 Simplify,1,0,0,0,0,0.0,미상,미상,미상,미상,미상
상공부차관Veto할,상공부차관 Veto할,1,0,0,0,0,0.0,미상,미상,미상,미상,미상
상공부차관계속,상공부차관 계속,1,0,0,0,0,0.0,미상,미상,미상,미상,미상
상공부차관광업권을,상공부차관 광업권을,1,0,0,0,0,0.0,미상,미상,미상,미상,미상
상공부차관국립지질조사소,상공부차관 국립지질조사소,1,0,0,0,0,0.0,미상,미상,미상,미상,미상
상공부차관김용환,상공부차관 김용환,1,0,0,0,0,0.0,미상,미상,미상,미상,미상
상공부차관대단위로,상공부차관 대단위로,1,0,0,0,0,0.0,미상,미상,미상,미상,미상
상공부차관대외선전,상공부차관 대외선전,1,0,0,0,0,0.0,미상,미상,미상,미상,미상
상공부차관더,상공부차관 더,1,0,0,0,0,0.0,미상,미상,미상,미상,미상
상공부차관민영화문제에,상공부차관 민영화문제에,1,0,0,0,0,0.0,미상,미상,미상,미상,미상
상공부차관밀수품방지와,상공부차관 밀수품방지와,1,0,0,0,0,0.0,미상,미상,미상,미상,미상
상공부차관박충훈,상공부차관 박충훈,1,0,0,0,0,0.0,미상,미상,미상,미상,미상
상공부차관보세,상공부차관 보세,1,0,0,0,0,0.0,미상,미상,미상,미상,미상
상공부차관보수를,상공부차관 보수를,1,0,0,0,0,0.0,미상,미상,미상,미상,미상
상공부차관보수적인,상공부차관 보수적인,1,0,0,0,0,0.0,미상,미상,미상,미상,미상
상공부차관본인은,상공부차관 본인은,1,0,0,0,0,0.0,미상,미상,미상,미상,미상
상공부차관사적인,상공부차관 사적인,1,0,0,0,0,0.0,미상,미상,미상,미상,미상
상공부차관사절단이란,상공부차관 사절단이란,1,0,0,0,0,0.0,미상,미상,미상,미상,미상
상공부차관삭제하겠음.,상공부차관 삭제하겠음.,1,0,0,0,0,0.0,미상,미상,미상,미상,미상
상공부차관수입태세가,상공부차관 수입태세가,1,0,0,0,0,0.0,미상,미상,미상,미상,미상
상공부차관수정하겠음.,상공부차관 수정하겠음.,1,0,0,0,0,0.0,미상,미상,미상,미상,미상
상공부차관신규업자에,상공부차관 신규업자에,1,0,0,0,0,0.0,미상,미상,미상,미상,미상
상공부차관심의회는,상공부차관 심의회는,1,0,0,0,0,0.0,미상,미상,미상,미상,미상
상공부차관연탄은,상공부차관 연탄은,1,0,0,0,0,0.0,미상,미상,미상,미상,미상
상공부차관오르지,상공부차관 오르지,1,0,0,0,0,0.0,미상,미상,미상,미상,미상
상공부차관요는,상공부차관 요는,1,0,0,0,0,0.0,미상,미상,미상,미상,미상
상공부차관원안대로,상공부차관 원안대로,1,0,0,0,0,0.0,미상,미상,미상,미상,미상
상공부차관의결되었다,상공부차관 의결되었다,1,0,0,0,0,0.0,미상,미상,미상,미상,미상
상공부차관이것은,상공부차관 이것은,1,0,0,0,0,0.0,미상,미상,미상,미상,미상
상공부차관이익금이,상공부차관 이익금이,1,0,0,0,0,0.0,미상,미상,미상,미상,미상
상공부차관일정한,상공부차관 일정한,1,0,0,0,0,0.0,미상,미상,미상,미상,미상
상공부차관재경위,상공부차관 재경위,1,0,0,0,0,0.0,미상,미상,미상,미상,미상
상공부차관재판장이,상공부차관 재판장이,1,0,0,0,0,0.0,미상,미상,미상,미상,미상
상공부차관전력개발을,상공부차관 전력개발을,1,0,0,0,0,0.0,미상,미상,미상,미상,미상
상공부차관정부조직법에,상공부차관 정부조직법에,1,0,0,0,0,0.0,미상,미상,미상,미상,미상
상공부차관제25조의,상공부차관 제25조의,1,0,0,0,0,0.0,미상,미상,미상,미상,미상
상공부차관제6조,상공부차관 제6조,1,0,0,0,0,0.0,미상,미상,미상,미상,미상
상공부차관제안취지,상공부차관 제안취지,1,0,0,0,0,0.0,미상,미상,미상,미상,미상
상공부차관지방에,상공부차관 지방에,1,0,0,0,0,0.0,미상,미상,미상,미상,미상
상공부차관최소한도,상공부차관 최소한도,1,0,0,0,0,0.0,미상,미상,미상,미상,미상
상공부차관축조심의.,상공부차관 축조심의.,1,0,0,0,0,0.0,미상,미상,미상,미상,미상
상공부차관타국영기업체에,상공부차관 타국영기업체에,1,0,0,0,0,0.0,미상,미상,미상,미상,미상
상공부차관타회사에,상공부차관 타회사에,1,0,0,0,0,0.0,미상,미상,미상,미상,미상
상공부차관행정상,상공부차관 행정상,1,0,0,0,0,0.0,미상,미상,미상,미상,미상
상공부통상진흥국장박필수,상공부통상진흥국장 박필수,1,0,0,0,0,0.0,미상,미상,미상,미상,미상
상공부특허국장신중훈,상공부특허국장 신중훈,1,0,0,0,0,0.0,미상,미상,미상,미상,미상
상공부특허국장이상섭,상공부특허국장 이상섭,1,0,0,0,0,0.0,미상,미상,미상,미상,미상
상공부표준국장김정길,상공부표준국장 김정길,1,0,0,0,0,0.0,미상,미상,미상,미상,미상
상공부표준국장문기상,상공부표준국장 문기상,1,0,0,0,0,0.0,미상,미상,미상,미상,미상
상공부화학연구위원챠-트에,상공부화학연구위원 챠-트에,1,0,0,0,0,0.0,미상,미상,미상,미상,미상
상공위원장대리홍영기,상공위원장대리 홍영기,1,0,0,0,0,0.0,민중당,서울 서대문구을,남,5선,지역구
상공위자문위원도전의,상공위자문위원 도전의,1,0,0,0,0,0.0,미상,미상,미상,미상,미상
상공위전문위원수출진흥회사와는,상공위전문위원 수출진흥회사와는,1,0,0,0,0,0.0,미상,미상,미상,미상,미상
상공위전문위원앞으로,상공위전문위원 앞으로,1,0,0,0,0,0.0,미상,미상,미상,미상,미상
상공위전문위원재무부에서,상공위전문위원 재무부에서,1,0,0,0,0,0.0,미상,미상,미상,미상,미상
상공위전문위원절대주주가,상공위전문위원 절대주주가,1,0,0,0,0,0.0,미상,미상,미상,미상,미상
상공위전문위원제16조에,상공위전문위원 제16조에,1,0,0,0,0,0.0,미상,미상,미상,미상,미상
상공차관단서를,상공차관 단서를,1,0,0,0,0,0.0,미상,미상,미상,미상,미상
상역국장법안낭독.,상역국장 법안낭독.,1,0,0,0,0,0.0,미상,미상,미상,미상,미상
상역국장축조낭독.,상역국장 축조낭독.,1,0,0,0,0,0.0,미상,미상,미상,미상,미상
서기관이동철,서기관 이동철,1,0,0,0,0,0.0,미상,미상,미상,미상,미상
서기관이득규,서기관 이득규,1,0,0,0,0,0.0,미상,미상,미상,미상,미상
서기관조성창,서기관 조성창,1,0,0,0,0,0.0,미상,미상,미상,미상,미상
서기관한병감,서기관 한병감,1,0,0,0,0,0.0,미상,미상,미상,미상,미상
서기관황승근,서기관 황승근,1,0,0,0,0,0.0,미상,미상,미상,미상,미상
서기관황영관,서기관 황영관,1,0,0,0,0,0.0,미상,미상,미상,미상,미상
서영희의원,서영희 의원,1,0,0,0,0,0.0,유신정우회,미상,여,재선,통일주체국민회의
서영희의원(계속),서영희 의원(계속),1,0,0,0,0,0.0,유신정우회,미상,여,재선,통일주체국민회의
서울고등검찰청검사장서병균,서울고등검찰청검사장 서병균,1,0,0,0,0,0.0,미상,미상,미상,미상,미상
서울대학교부총장한필석,서울대학교부총장 한필석,1,0,0,0,0,0.0,미상,미상,미상,미상,미상
서울민사지방법원공증과장진희성,서울민사지방법원공증과장 진희성,1,0,0,0,0,0.0,미상,미상,미상,미상,미상
서울법대학장이론상,서울법대학장 이론상,1,0,0,0,0,0.0,미상,미상,미상,미상,미상
서울법대학장제도의,서울법대학장 제도의,1,0,0,0,0,0.0,미상,미상,미상,미상,미상
서울법대학장현실적으로,서울법대학장 현실적으로,1,0,0,0,0,0.0,미상,미상,미상,미상,미상
서울법대한명수,서울법대 한명수,1,0,0,0,0,0.0,미상,미상,미상,미상,미상
서울변호사협회15명을,서울변호사협회 15명을,1,0,0,0,0,0.0,미상,미상,미상,미상,미상
서울변호사협회이,서울변호사협회 이,1,0,0,0,0,0.0,미상,미상,미상,미상,미상
서울변호사협회처음,서울변호사협회 처음,1,0,0,0,0,0.0,미상,미상,미상,미상,미상
서울변호사협회하루,서울변호사협회 하루,1,0,0,0,0,0.0,미상,미상,미상,미상,미상
서울세무국장정만인,서울세무국장 정만인,1,0,0,0,0,0.0,미상,미상,미상,미상,미상
서울시건설국장charts에,서울시건설국장 charts에,1,0,0,0,0,0.0,미상,미상,미상,미상,미상
서울시제2부시장최종완,서울시제2부시장 최종완,1,0,0,0,0,0.0,미상,미상,미상,미상,미상
서울시최대령,서울시 최대령,1,0,0,0,0,0.0,미상,미상,미상,미상,미상
서울연초제조창의무실장조철행,서울연초제조창의무실장 조철행,1,0,0,0,0,0.0,미상,미상,미상,미상,미상
서울연초제조창작업과장조항봉,서울연초제조창작업과장 조항봉,1,0,0,0,0,0.0,미상,미상,미상,미상,미상
서울은행장임석춘,서울은행장 임석춘,1,0,0,0,0,0.0,미상,미상,미상,미상,미상
서울제일변호사회장조평재,서울제일변호사회장 조평재,1,0,0,0,0,0.0,미상,미상,미상,미상,미상
서울지방국세청물품세과장이창구,서울지방국세청물품세과장 이창구,1,0,0,0,0,0.0,미상,미상,미상,미상,미상
서울지점장김청기,서울지점장 김청기,1,0,0,0,0,0.0,미상,미상,미상,미상,미상
서울철도국경리과장김광환,서울철도국경리과장 김광환,1,0,0,0,0,0.0,미상,미상,미상,미상,미상
서울특별시공보실장최칠호,서울특별시공보실장 최칠호,1,0,0,0,0,0.0,미상,미상,미상,미상,미상
서울특별시관광운수국장이규효,서울특별시관광운수국장 이규효,1,0,0,0,0,0.0,미상,미상,미상,미상,미상
서울특별시교육위원이규백,서울특별시교육위원 이규백,1,0,0,0,0,0.0,미상,미상,미상,미상,미상
서울특별시교육위원회학무국장최기원(계속),서울특별시교육위원회학무국장 최기원(계속),1,0,0,0,0,0.0,미상,미상,미상,미상,미상
서울특별시농업협동조합장유응선,서울특별시농업협동조합장 유응선,1,0,0,0,0,0.0,미상,미상,미상,미상,미상
서울특별시도시계획과장윤정섭,서울특별시도시계획과장 윤정섭,1,0,0,0,0,0.0,미상,미상,미상,미상,미상
서울특별시도시계획국장윤진우,서울특별시도시계획국장 윤진우,1,0,0,0,0,0.0,미상,미상,미상,미상,미상
서울특별시도시계획국장이상연,서울특별시도시계획국장 이상연,1,0,0,0,0,0.0,미상,미상,미상,미상,미상
서울특별시보건사회국장김한상,서울특별시보건사회국장 김한상,1,0,0,0,0,0.0,미상,미상,미상,미상,미상
서울특별시보건사회국장박용희,서울특별시보건사회국장 박용희,1,0,0,0,0,0.0,미상,미상,미상,미상,미상
서울특별시시장윤치영,서울특별시시장 윤치영,1,0,0,0,0,0.0,미상,미상,미상,미상,미상
서울특별시심사분석담당관김화섭,서울특별시심사분석담당관 김화섭,1,0,0,0,0,0.0,미상,미상,미상,미상,미상
서울특별시제1부시장,서울특별시제1부시장,1,0,0,0,0,0.0,미상,미상,미상,미상,미상
서울특별시제1부시장남봉진,서울특별시제1부시장 남봉진,1,0,0,0,0,0.0,미상,미상,미상,미상,미상
서울특별시주택관리관장지을,서울특별시주택관리관 장지을,1,0,0,0,0,0.0,미상,미상,미상,미상,미상
서울특별시지부의장귀국,서울특별시지부 의장귀국,1,0,0,0,0,0.0,미상,미상,미상,미상,미상
서울특별시청소국장이희춘,서울특별시청소국장 이희춘,1,0,0,0,0,0.0,미상,미상,미상,미상,미상
서울형사지방법원즉결과장홍재신,서울형사지방법원즉결과장 홍재신,1,0,0,0,0,0.0,미상,미상,미상,미상,미상
서일교4호만,서일교 4호만,1,0,0,0,0,0.0,미상,미상,미상,미상,미상
서일교526조의,서일교 526조의,1,0,0,0,0,0.0,미상,미상,미상,미상,미상
서일교검찰과,서일교 검찰과,1,0,0,0,0,0.0,미상,미상,미상,미상,미상
서일교공소심의,서일교 공소심의,1,0,0,0,0,0.0,미상,미상,미상,미상,미상
서일교공소이유는,서일교 공소이유는,1,0,0,0,0,0.0,미상,미상,미상,미상,미상
서일교기소,서일교 기소,1,0,0,0,0,0.0,미상,미상,미상,미상,미상
서일교무조건,서일교 무조건,1,0,0,0,0,0.0,미상,미상,미상,미상,미상
서일교방첩대의,서일교 방첩대의,1,0,0,0,0,0.0,미상,미상,미상,미상,미상
"서일교법무사,","서일교 법무사,",1,0,0,0,0,0.0,미상,미상,미상,미상,미상
서일교상고이유에서,서일교 상고이유에서,1,0,0,0,0,0.0,미상,미상,미상,미상,미상
서일교상고행위는,서일교 상고행위는,1,0,0,0,0,0.0,미상,미상,미상,미상,미상
서일교우리나라도,서일교 우리나라도,1,0,0,0,0,0.0,미상,미상,미상,미상,미상
서일교자문,서일교 자문,1,0,0,0,0,0.0,미상,미상,미상,미상,미상
서일교전시하의,서일교 전시하의,1,0,0,0,0,0.0,미상,미상,미상,미상,미상
서일교제2조의,서일교 제2조의,1,0,0,0,0,0.0,미상,미상,미상,미상,미상
서일교피고인의,서일교 피고인의,1,0,0,0,0,0.0,미상,미상,미상,미상,미상
서일교하나의,서일교 하나의,1,0,0,0,0,0.0,미상,미상,미상,미상,미상
서일교헌법상의,서일교 헌법상의,1,0,0,0,0,0.0,미상,미상,미상,미상,미상
서일교헌법에,서일교 헌법에,1,0,0,0,0,0.0,미상,미상,미상,미상,미상
선거관리위원회법·선거관계법·정당법·정치자금에관한법률등(경찰관등공무원선거관여행위처벌에관한특별법)개정특별위원장,선거관리위원회법·선거관계법·정당법·정치자금에관한법률등(경찰관등공무원선거관여행위처벌에 관한특별법)개정특별위원장,1,0,0,0,0,0.0,미상,미상,미상,미상,미상
선거관리위원회법·선거관계법·정당법·정치자금에관한법률등(경찰관등공무원선거관여행위처벌에관한특별법)개정특별위원장박준규,선거관리위원회법·선거관계법·정당법·정치자금에관한법률등(경찰관등공무원선거관여행위처벌에관한특별법)개정특별위원장 박준규,1,0,0,0,0,0.0,민주공화당,서울 성동구을,남,9선,지역구
선거소송,선거소송,1,0,0,0,0,0.0,미상,미상,미상,미상,미상
섭외국장김옥진,섭외국장 김옥진,1,0,0,0,0,0.0,미상,미상,미상,미상,미상
성낙현위현,성낙현 위현,1,0,0,0,0,0.0,신민당,경남 창녕군,남,재선,지역구
성창환너무,성창환 너무,1,0,0,0,0,0.0,미상,미상,미상,미상,미상
성창환장차,성창환 장차,1,0,0,0,0,0.0,미상,미상,미상,미상,미상
성창환중점적인,성창환 중점적인,1,0,0,0,0,0.0,미상,미상,미상,미상,미상
세관국장임철훈,세관국장 임철훈,1,0,0,0,0,0.0,미상,미상,미상,미상,미상
세제국장남상진,세제국장 남상진,1,0,0,0,0,0.0,미상,미상,미상,미상,미상
소공세무서법인세과장배덕례,소공세무서법인세과장 배덕례,1,0,0,0,0,0.0,미상,미상,미상,미상,미상
소공세무서법인세과장전영순,소공세무서법인세과장 전영순,1,0,0,0,0,0.0,미상,미상,미상,미상,미상
소공세무서장차용극,소공세무서장 차용극,1,0,0,0,0,0.0,미상,미상,미상,미상,미상
소위원장대리박찬,소위원장대리 박찬,1,0,0,0,0,0.0,민정당,충남 공주,남,3선,지역구
소위원장대리신영주,소위원장대리 신영주,1,0,0,0,0,0.0,민주공화당,경남 창녕,남,재선,지역구
소위원장대리전휴상,소위원장대리 전휴상,1,0,0,0,0,0.0,민주공화당,"전북 진안,무주,장수",남,4선,지역구
소위원장조창대,소위원장 조창대,1,0,0,0,0,0.0,민주공화당,미상,남,재선,전국구
소위원회위원장이성수,소위원회위원장 이성수,1,0,0,0,0,0.0,민주공화당,미상,남,재선,전국구
소위원회최영두,소위원회 최영두,1,0,0,0,0,0.0,민주공화당,전북 완주,남,초선,지역구
속기주사김영선,속기주사 김영선,1,0,0,0,0,0.0,미상,미상,미상,미상,미상
손자문동양의대가,손자문 동양의대가,1,0,0,0,0,0.0,미상,미상,미상,미상,미상
손자문벌칙,손자문 벌칙,1,0,0,0,0,0.0,미상,미상,미상,미상,미상
손자문의과대학에,손자문 의과대학에,1,0,0,0,0,0.0,미상,미상,미상,미상,미상
송원영의원(위원,송원영 의원(위원,1,0,0,0,0,0.0,신민당,서울 동대문구갑,남,5선,지역구
송정범50조의,송정범 50조의,1,0,0,0,0,0.0,미상,미상,미상,미상,미상
송정범51조만,송정범 51조만,1,0,0,0,0,0.0,미상,미상,미상,미상,미상
송정범각의는,송정범 각의는,1,0,0,0,0,0.0,미상,미상,미상,미상,미상
송정범농어촌을,송정범 농어촌을,1,0,0,0,0,0.0,미상,미상,미상,미상,미상
송정범다만,송정범 다만,1,0,0,0,0,0.0,미상,미상,미상,미상,미상
송정범다음,송정범 다음,1,0,0,0,0,0.0,미상,미상,미상,미상,미상
송정범세법을,송정범 세법을,1,0,0,0,0,0.0,미상,미상,미상,미상,미상
송정범수용된,송정범 수용된,1,0,0,0,0,0.0,미상,미상,미상,미상,미상
송정범외자청의,송정범 외자청의,1,0,0,0,0,0.0,미상,미상,미상,미상,미상
송정범요는,송정범 요는,1,0,0,0,0,0.0,미상,미상,미상,미상,미상
송정범의장께,송정범 의장께,1,0,0,0,0,0.0,미상,미상,미상,미상,미상
송정범이,송정범 이,1,0,0,0,0,0.0,미상,미상,미상,미상,미상
송정범제6조는,송정범 제6조는,1,0,0,0,0,0.0,미상,미상,미상,미상,미상
송정범투기의,송정범 투기의,1,0,0,0,0,0.0,미상,미상,미상,미상,미상
송정범해외에,송정범 해외에,1,0,0,0,0,0.0,미상,미상,미상,미상,미상
송정범현재까지의,송정범 현재까지의,1,0,0,0,0,0.0,미상,미상,미상,미상,미상
수도방위사령부법무부장권영민,수도방위사령부법무부장 권영민,1,0,0,0,0,0.0,미상,미상,미상,미상,미상
수로국장행정소송이,수로국장 행정소송이,1,0,0,0,0,0.0,미상,미상,미상,미상,미상
수산개발공사이사조운현,수산개발공사이사 조운현,1,0,0,0,0,0.0,미상,미상,미상,미상,미상
수산검사,수산검사,1,0,0,0,0,0.0,미상,미상,미상,미상,미상
수산검사소수입,수산검사소수입,1,0,0,0,0,0.0,미상,미상,미상,미상,미상
수산국장그렇지,수산국장 그렇지,1,0,0,0,0,0.0,미상,미상,미상,미상,미상
수산국장농협에서,수산국장 농협에서,1,0,0,0,0,0.0,미상,미상,미상,미상,미상
수산국장단체장,수산국장 단체장,1,0,0,0,0,0.0,미상,미상,미상,미상,미상
수산국장사후,수산국장 사후,1,0,0,0,0,0.0,미상,미상,미상,미상,미상
수산국장세,수산국장 세,1,0,0,0,0,0.0,미상,미상,미상,미상,미상
수산국장수산협동조합이,수산국장 수산협동조합이,1,0,0,0,0,0.0,미상,미상,미상,미상,미상
수산국장안강망,수산국장 안강망,1,0,0,0,0,0.0,미상,미상,미상,미상,미상
수산국장어상자는,수산국장 어상자는,1,0,0,0,0,0.0,미상,미상,미상,미상,미상
수산국장영구성을,수산국장 영구성을,1,0,0,0,0,0.0,미상,미상,미상,미상,미상
수산국장지금,수산국장 지금,1,0,0,0,0,0.0,미상,미상,미상,미상,미상
수산국장출어자금,수산국장 출어자금,1,0,0,0,0,0.0,미상,미상,미상,미상,미상
수산업협동조합경기도지부장1대에,수산업협동조합경기도지부장 1대에,1,0,0,0,0,0.0,미상,미상,미상,미상,미상
수산업협동조합전라남도지부장윤완주,수산업협동조합전라남도지부장 윤완주,1,0,0,0,0,0.0,미상,미상,미상,미상,미상
수산업협동조합중앙회전라남도서구지부장오용주,수산업협동조합중앙회전라남도서구지부장 오용주,1,0,0,0,0,0.0,미상,미상,미상,미상,미상
수산진흥원수입,수산진흥원수입,1,0,0,0,0,0.0,미상,미상,미상,미상,미상
수산청시설국장강용순,수산청시설국장 강용순,1,0,0,0,0,0.0,미상,미상,미상,미상,미상
수원연초제조창기술과장이상원,수원연초제조창기술과장 이상원,1,0,0,0,0,0.0,미상,미상,미상,미상,미상
수원연초제조창작업과장고진식,수원연초제조창작업과장 고진식,1,0,0,0,0,0.0,미상,미상,미상,미상,미상
수원연초제조창회계과장김우경,수원연초제조창회계과장 김우경,1,0,0,0,0,0.0,미상,미상,미상,미상,미상
수입국장김영락,수입국장 김영락,1,0,0,0,0,0.0,미상,미상,미상,미상,미상
수자원개발공사전무이사오창근,수자원개발공사전무이사 오창근,1,0,0,0,0,0.0,미상,미상,미상,미상,미상
수협강원도지부장김봉호,수협강원도지부장 김봉호,1,0,0,0,0,0.0,미상,미상,미상,미상,미상
수협경상북도지부장오주경,수협경상북도지부장 오주경,1,0,0,0,0,0.0,미상,미상,미상,미상,미상
수협제주도지부장김성만,수협제주도지부장 김성만,1,0,0,0,0,0.0,미상,미상,미상,미상,미상
시경국장가해자는,시경국장 가해자는,1,0,0,0,0,0.0,미상,미상,미상,미상,미상
시경국장노세우,시경국장 노세우,1,0,0,0,0,0.0,미상,미상,미상,미상,미상
시경국장당시의,시경국장 당시의,1,0,0,0,0,0.0,미상,미상,미상,미상,미상
시경국장신청한,시경국장 신청한,1,0,0,0,0,0.0,미상,미상,미상,미상,미상
시경국장약,시경국장 약,1,0,0,0,0,0.0,미상,미상,미상,미상,미상
시경국장없었음.,시경국장 없었음.,1,0,0,0,0,0.0,미상,미상,미상,미상,미상
시경국장특수공무,시경국장 특수공무,1,0,0,0,0,0.0,미상,미상,미상,미상,미상
시경국장폭행했다는,시경국장 폭행했다는,1,0,0,0,0,0.0,미상,미상,미상,미상,미상
시장우수한,시장 우수한,1,0,0,0,0,0.0,미상,미상,미상,미상,미상
시장중앙국장과의,시장 중앙국장과의,1,0,0,0,0,0.0,미상,미상,미상,미상,미상
시재과장권종선,시재과장 권종선,1,0,0,0,0,0.0,미상,미상,미상,미상,미상
시재무국장시재무국,시재무국장 시재무국,1,0,0,0,0,0.0,미상,미상,미상,미상,미상
시험연구,시험연구,1,0,0,0,0,0.0,미상,미상,미상,미상,미상
시험연구비,시험연구비,1,0,0,0,0,0.0,미상,미상,미상,미상,미상
신민당원내총무김영삼,신민당원내총무 김영삼,1,0,0,0,0,0.0,신민당,부산 서구,남,9선,지역구
신설레이다싸이트,신설 레이다싸이트,1,0,0,0,0,0.0,미상,미상,미상,미상,미상
신용과장조현대,신용과장 조현대,1,0,0,0,0,0.0,미상,미상,미상,미상,미상
신직수두어도,신직수 두어도,1,0,0,0,0,0.0,미상,미상,미상,미상,미상
신직수방조를,신직수 방조를,1,0,0,0,0,0.0,미상,미상,미상,미상,미상
신직수의장께서,신직수 의장께서,1,0,0,0,0,0.0,미상,미상,미상,미상,미상
신직수전매지청에서,신직수 전매지청에서,1,0,0,0,0,0.0,미상,미상,미상,미상,미상
신직수특별한,신직수 특별한,1,0,0,0,0,0.0,미상,미상,미상,미상,미상
심계원장국방부,심계원장 국방부,1,0,0,0,0,0.0,미상,미상,미상,미상,미상
심계원장그러면,심계원장 그러면,1,0,0,0,0,0.0,미상,미상,미상,미상,미상
"심계원장내각,","심계원장 내각,",1,0,0,0,0,0.0,미상,미상,미상,미상,미상
심계원장농림부의,심계원장 농림부의,1,0,0,0,0,0.0,미상,미상,미상,미상,미상
심계원장능률적인,심계원장 능률적인,1,0,0,0,0,0.0,미상,미상,미상,미상,미상
심계원장선임,심계원장 선임,1,0,0,0,0,0.0,미상,미상,미상,미상,미상
심계원장시간이,심계원장 시간이,1,0,0,0,0,0.0,미상,미상,미상,미상,미상
심계원장여비를,심계원장 여비를,1,0,0,0,0,0.0,미상,미상,미상,미상,미상
심계원장예측할,심계원장 예측할,1,0,0,0,0,0.0,미상,미상,미상,미상,미상
심계원장전에,심계원장 전에,1,0,0,0,0,0.0,미상,미상,미상,미상,미상
심계원장정보비,심계원장 정보비,1,0,0,0,0,0.0,미상,미상,미상,미상,미상
심계원장제반,심계원장 제반,1,0,0,0,0,0.0,미상,미상,미상,미상,미상
심계원장제안이유,심계원장 제안이유,1,0,0,0,0,0.0,미상,미상,미상,미상,미상
심계원제1국장직제안에,심계원제1국장 직제안에,1,0,0,0,0,0.0,미상,미상,미상,미상,미상
심사반원“남궁연”이에,심사반원 “남궁연”이에,1,0,0,0,0,0.0,미상,미상,미상,미상,미상
심사소위원회위원장김봉환,심사소위원회위원장 김봉환,1,0,0,0,0,0.0,민주공화당,"경북 군위,선산",남,4선,지역구
심의위원①,심의위원 ①,1,0,0,0,0,0.0,미상,미상,미상,미상,미상
아메리카합중국대통령린든,아메리카합중국대통령 린든,1,0,0,0,0,0.0,미상,미상,미상,미상,미상
양극필의원(위원,양극필 의원(위원,1,0,0,0,0,0.0,민주공화당,경남 동래,남,초선,지역구
양정국장2.5근,양정국장 2.5근,1,0,0,0,0,0.0,미상,미상,미상,미상,미상
양정국장5·16선보다,양정국장 5·16선보다,1,0,0,0,0,0.0,미상,미상,미상,미상,미상
양정국장금년도에,양정국장 금년도에,1,0,0,0,0,0.0,미상,미상,미상,미상,미상
업무국장개정법률,업무국장 개정법률,1,0,0,0,0,0.0,미상,미상,미상,미상,미상
업무부장박석은,업무부장 박석은,1,0,0,0,0,0.0,미상,미상,미상,미상,미상
업무이사김승준,업무이사 김승준,1,0,0,0,0,0.0,미상,미상,미상,미상,미상
영농지도과장장권표,영농지도과장 장권표,1,0,0,0,0,0.0,미상,미상,미상,미상,미상
예산결산특별위원장대리박철,예산결산특별위원장대리 박철,1,0,0,0,0,0.0,민주공화당,전남 광주,남,재선,지역구
예산국장20억은,예산국장 20억은,1,0,0,0,0,0.0,미상,미상,미상,미상,미상
예산국장80여억의,예산국장 80여억의,1,0,0,0,0,0.0,미상,미상,미상,미상,미상
예산국장추가경정예산,예산국장 추가경정예산,1,0,0,0,0,0.0,미상,미상,미상,미상,미상
예산국장추경내용,예산국장 추경내용,1,0,0,0,0,0.0,미상,미상,미상,미상,미상
오검사과거에,오검사 과거에,1,0,0,0,0,0.0,미상,미상,미상,미상,미상
오검사그러면,오검사 그러면,1,0,0,0,0,0.0,미상,미상,미상,미상,미상
오검사다음에는,오검사 다음에는,1,0,0,0,0,0.0,미상,미상,미상,미상,미상
오검사저희들이,오검사 저희들이,1,0,0,0,0,0.0,미상,미상,미상,미상,미상
오검사제13조,오검사 제13조,1,0,0,0,0,0.0,미상,미상,미상,미상,미상
오검사제18조,오검사 제18조,1,0,0,0,0,0.0,미상,미상,미상,미상,미상
오상직의원,오상직 의원,1,0,0,0,0,0.0,민주공화당,경북 의성,남,재선,지역구
오자문,오 자문,1,0,0,0,0,0.0,미상,미상,미상,미상,미상
"오정근(전전문위원)네,","오정근(전전문위원) 네,",1,0,0,0,0,0.0,미상,미상,미상,미상,미상
오종철위원,오종철 위원,1,0,0,0,0,0.0,미상,미상,미상,미상,미상
오치성·김동하위원,오치성·김동하 위원,1,0,0,0,0,0.0,미상,미상,미상,미상,미상
오치성의원(위원,오치성 의원(위원,1,0,0,0,0,0.0,민주공화당,미상,남,4선,전국구
옥창호위원160억을,옥창호위원 160억을,1,0,0,0,0,0.0,미상,미상,미상,미상,미상
옥창호위원교체위,옥창호위원 교체위,1,0,0,0,0,0.0,미상,미상,미상,미상,미상
옥창호위원이것이,옥창호위원 이것이,1,0,0,0,0,0.0,미상,미상,미상,미상,미상
외교연구원교수과장우종,외교연구원교수과장 우종,1,0,0,0,0,0.0,미상,미상,미상,미상,미상
외교연구원교수부장윤찬,외교연구원교수부장 윤찬,1,0,0,0,0,0.0,미상,미상,미상,미상,미상
외교연구원상임위원이수우,외교연구원상임위원 이수우,1,0,0,0,0,0.0,미상,미상,미상,미상,미상
외교연구원연구부장김창훈,외교연구원연구부장 김창훈,1,0,0,0,0,0.0,미상,미상,미상,미상,미상
외무국방위담당관상임위에서,외무국방위담당관 상임위에서,1,0,0,0,0,0.0,미상,미상,미상,미상,미상
외무국방위원장3주일,외무국방위원장 3주일,1,0,0,0,0,0.0,미상,미상,미상,미상,미상
외무국방위원장귀휴,외무국방위원장 귀휴,1,0,0,0,0,0.0,미상,미상,미상,미상,미상
외무국방위원장유양수,외무국방위원장 유양수,1,0,0,0,0,0.0,미상,미상,미상,미상,미상
외무국방위조대령,외무국방위 조대령,1,0,0,0,0,0.0,미상,미상,미상,미상,미상
외무국방위조봉식대령,외무국방위 조봉식대령,1,0,0,0,0,0.0,미상,미상,미상,미상,미상
외무부구미국구주과장함영훈,외무부구미국구주과장 함영훈,1,0,0,0,0,0.0,미상,미상,미상,미상,미상
외무부국제기구과장이범석,외무부국제기구과장 이범석,1,0,0,0,0,0.0,미상,미상,미상,미상,미상
외무부기획통제관축조,외무부기획통제관 축조,1,0,0,0,0,0.0,미상,미상,미상,미상,미상
외무부방교국장정순근,외무부방교국장 정순근,1,0,0,0,0,0.0,미상,미상,미상,미상,미상
외무부엄영달,외무부 엄영달,1,0,0,0,0,0.0,미상,미상,미상,미상,미상
외무부의전실장장상문,외무부의전실장 장상문,1,0,0,0,0,0.0,미상,미상,미상,미상,미상
외무부장관“콜럼비아”도,외무부장관 “콜럼비아”도,1,0,0,0,0,0.0,미상,미상,미상,미상,미상
외무부장관과거에,외무부장관 과거에,1,0,0,0,0,0.0,미상,미상,미상,미상,미상
외무부장관광산으로,외무부장관 광산으로,1,0,0,0,0,0.0,미상,미상,미상,미상,미상
외무부장관구두,외무부장관 구두,1,0,0,0,0,0.0,미상,미상,미상,미상,미상
외무부장관국내,외무부장관 국내,1,0,0,0,0,0.0,미상,미상,미상,미상,미상
외무부장관대유엔보고,외무부장관 대유엔보고,1,0,0,0,0,0.0,미상,미상,미상,미상,미상
"외무부장관미국,","외무부장관 미국,",1,0,0,0,0,0.0,미상,미상,미상,미상,미상
외무부장관아세아,외무부장관 아세아,1,0,0,0,0,0.0,미상,미상,미상,미상,미상
외무부장관알젠틴,외무부장관 알젠틴,1,0,0,0,0,0.0,미상,미상,미상,미상,미상
외무부장관이제,외무부장관 이제,1,0,0,0,0,0.0,미상,미상,미상,미상,미상
외무부장관장차,외무부장관 장차,1,0,0,0,0,0.0,미상,미상,미상,미상,미상
외무부장관제안이유,외무부장관 제안이유,1,0,0,0,0,0.0,미상,미상,미상,미상,미상
외무부장관주,외무부장관 주,1,0,0,0,0,0.0,미상,미상,미상,미상,미상
외무부장관콜롬비아와,외무부장관 콜롬비아와,1,0,0,0,0,0.0,미상,미상,미상,미상,미상
외무부장관탄광으로,외무부장관 탄광으로,1,0,0,0,0,0.0,미상,미상,미상,미상,미상
외무부장관토요일에,외무부장관 토요일에,1,0,0,0,0,0.0,미상,미상,미상,미상,미상
외무부정보국장1961년은,외무부정보국장 1961년은,1,0,0,0,0,0.0,미상,미상,미상,미상,미상
외무부차관근간,외무부차관 근간,1,0,0,0,0,0.0,미상,미상,미상,미상,미상
외무부차관브라질,외무부차관 브라질,1,0,0,0,0,0.0,미상,미상,미상,미상,미상
외무부차관지리공화국과의,외무부차관 지리공화국과의,1,0,0,0,0,0.0,미상,미상,미상,미상,미상
외무부통상국국제경제과장함태혁,외무부통상국국제경제과장 함태혁,1,0,0,0,0,0.0,미상,미상,미상,미상,미상
외무부통상국장대리임도경,외무부통상국장대리 임도경,1,0,0,0,0,0.0,미상,미상,미상,미상,미상
외무위원장대리장덕진(서울),외무위원장대리 장덕진(서울),1,0,0,0,0,0.0,민주공화당,서울 영등포구갑,남,초선,지역구
외무위원장대리조상호,외무위원장대리 조상호,1,0,0,0,0,0.0,유신정우회,미상,남,초선,통일주체국민회의
외무위원장최영희,외무위원장 최영희,1,0,0,0,0,0.0,유신정우회,미상,남,4선,통일주체국민회의
외무위원회간사변종봉,외무위원회간사 변종봉,1,0,0,0,0,0.0,민주공화당,"경남 산청,합천군",남,초선,지역구
운기위보고,운기위 보고,1,0,0,0,0,0.0,미상,미상,미상,미상,미상
운영국장기획지침,운영국장 기획지침,1,0,0,0,0,0.0,미상,미상,미상,미상,미상
운영국장제4장,운영국장 제4장,1,0,0,0,0,0.0,미상,미상,미상,미상,미상
운영기회위원장오치성,운영기회위원장 오치성,1,0,0,0,0,0.0,미상,미상,미상,미상,미상
운영위간사장,운영위 간사장,1,0,0,0,0,0.0,미상,미상,미상,미상,미상
운영위간사장위원장께서,운영위간사장 위원장께서,1,0,0,0,0,0.0,미상,미상,미상,미상,미상
운영위내일,운영위 내일,1,0,0,0,0,0.0,미상,미상,미상,미상,미상
운영위민대령,운영위 민대령,1,0,0,0,0,0.0,미상,미상,미상,미상,미상
"운영위법원조직법,","운영위 법원조직법,",1,0,0,0,0,0.0,미상,미상,미상,미상,미상
운영위원장43차,운영위원장 43차,1,0,0,0,0,0.0,미상,미상,미상,미상,미상
운영위원장상임위원,운영위원장 상임위원,1,0,0,0,0,0.0,미상,미상,미상,미상,미상
운영위원장제66차,운영위원장 제66차,1,0,0,0,0,0.0,미상,미상,미상,미상,미상
운영위원회간사황호현,운영위원회간사 황호현,1,0,0,0,0,0.0,민주공화당,"강원 횡성,평창군",남,3선,지역구
운항부장김양욱,운항부장 김양욱,1,0,0,0,0,0.0,미상,미상,미상,미상,미상
울산정유공장노무부장정원만,울산정유공장노무부장 정원만,1,0,0,0,0,0.0,미상,미상,미상,미상,미상
울산정유사장박원석,울산정유사장 박원석,1,0,0,0,0,0.0,미상,미상,미상,미상,미상
울산특별건설국진해지구공사사무소장서영관,울산특별건설국진해지구공사사무소장 서영관,1,0,0,0,0,0.0,미상,미상,미상,미상,미상
원고권중돈,원고 권중돈,1,0,0,0,0,0.0,미상,미상,미상,미상,미상
원고김기섭,원고 김기섭,1,0,0,0,0,0.0,미상,미상,미상,미상,미상
원고김선태,원고 김선태,1,0,0,0,0,0.0,미상,미상,미상,미상,미상
원고김의택,원고 김의택,1,0,0,0,0,0.0,미상,미상,미상,미상,미상
원고김종호,원고 김종호,1,0,0,0,0,0.0,미상,미상,미상,미상,미상
원고신중하,원고 신중하,1,0,0,0,0,0.0,미상,미상,미상,미상,미상
원고심봉섭,원고 심봉섭,1,0,0,0,0,0.0,미상,미상,미상,미상,미상
원고양일동,원고 양일동,1,0,0,0,0,0.0,미상,미상,미상,미상,미상
원고유기준,원고 유기준,1,0,0,0,0,0.0,미상,미상,미상,미상,미상
원고유옥우,원고 유옥우,1,0,0,0,0,0.0,미상,미상,미상,미상,미상
원고유청,원고 유청,1,0,0,0,0,0.0,미상,미상,미상,미상,미상
원고윤제술,원고 윤제술,1,0,0,0,0,0.0,미상,미상,미상,미상,미상
원고이기한,원고 이기한,1,0,0,0,0,0.0,미상,미상,미상,미상,미상
원고임종기,원고 임종기,1,0,0,0,0,0.0,미상,미상,미상,미상,미상
원고조시환,원고 조시환,1,0,0,0,0,0.0,미상,미상,미상,미상,미상
원고조일환,원고 조일환,1,0,0,0,0,0.0,미상,미상,미상,미상,미상
원고최풍,원고 최풍,1,0,0,0,0,0.0,미상,미상,미상,미상,미상
원자력원장연석보고,원자력원장 연석보고,1,0,0,0,0,0.0,미상,미상,미상,미상,미상
원조처장윤영모,원조처장 윤영모,1,0,0,0,0,0.0,미상,미상,미상,미상,미상
원호처보험과장최종원,원호처보험과장 최종원,1,0,0,0,0,0.0,미상,미상,미상,미상,미상
원호처장김재명,원호처장 김재명,1,0,0,0,0,0.0,미상,미상,미상,미상,미상
원호처장유근창,원호처장 유근창,1,0,0,0,0,0.0,미상,미상,미상,미상,미상
원호처회계국급여과장박해인,원호처회계국급여과장 박해인,1,0,0,0,0,0.0,미상,미상,미상,미상,미상
원호청장“60일,원호청장 “60일,1,0,0,0,0,0.0,미상,미상,미상,미상,미상
원호청장당초에는,원호청장 당초에는,1,0,0,0,0,0.0,미상,미상,미상,미상,미상
원호청장매장과,원호청장 매장과,1,0,0,0,0,0.0,미상,미상,미상,미상,미상
원호청장목적은,원호청장 목적은,1,0,0,0,0,0.0,미상,미상,미상,미상,미상
원호청장문사위,원호청장 문사위,1,0,0,0,0,0.0,미상,미상,미상,미상,미상
원호청장보상법에,원호청장 보상법에,1,0,0,0,0,0.0,미상,미상,미상,미상,미상
원호청장생활능력이,원호청장 생활능력이,1,0,0,0,0,0.0,미상,미상,미상,미상,미상
원호청장설명,원호청장 설명,1,0,0,0,0,0.0,미상,미상,미상,미상,미상
원호청장원호사업을,원호청장 원호사업을,1,0,0,0,0,0.0,미상,미상,미상,미상,미상
원호청장인정으로,원호청장 인정으로,1,0,0,0,0,0.0,미상,미상,미상,미상,미상
원호청차장“본법을,원호청차장 “본법을,1,0,0,0,0,0.0,미상,미상,미상,미상,미상
원호청차장그,원호청차장 그,1,0,0,0,0,0.0,미상,미상,미상,미상,미상
원호청차장내각에서는,원호청차장 내각에서는,1,0,0,0,0,0.0,미상,미상,미상,미상,미상
원호청차장법에,원호청차장 법에,1,0,0,0,0,0.0,미상,미상,미상,미상,미상
원호청차장보도원은,원호청차장 보도원은,1,0,0,0,0,0.0,미상,미상,미상,미상,미상
원호청차장사실주의에,원호청차장 사실주의에,1,0,0,0,0,0.0,미상,미상,미상,미상,미상
원호청차장순국지사의,원호청차장 순국지사의,1,0,0,0,0,0.0,미상,미상,미상,미상,미상
원호청차장원호대상자의,원호청차장 원호대상자의,1,0,0,0,0,0.0,미상,미상,미상,미상,미상
원호청차장이대로,원호청차장 이대로,1,0,0,0,0,0.0,미상,미상,미상,미상,미상
원호청차장인사법이,원호청차장 인사법이,1,0,0,0,0,0.0,미상,미상,미상,미상,미상
원호청차장제3조의,원호청차장 제3조의,1,0,0,0,0,0.0,미상,미상,미상,미상,미상
원호청차장축조심의,원호청차장 축조심의,1,0,0,0,0,0.0,미상,미상,미상,미상,미상
위원국장하재구,위원국장 하재구,1,0,0,0,0,0.0,미상,미상,미상,미상,미상
위원선임,위원선임,1,0,0,0,0,0.0,미상,미상,미상,미상,미상
위원아니,위원 아니,1,0,0,0,0,0.0,미상,미상,미상,미상,미상
위원아닌출석의원,위원아닌 출석의원,1,0,0,0,0,0.0,미상,미상,미상,미상,미상
위원안닌,위원 안닌,1,0,0,0,0,0.0,미상,미상,미상,미상,미상
위원이아닌,위원이 아닌,1,0,0,0,0,0.0,미상,미상,미상,미상,미상
위원장감찰관은,위원장 감찰관은,1,0,0,0,0,0.0,미상,미상,미상,미상,미상
위원장내주,위원장 내주,1,0,0,0,0,0.0,미상,미상,미상,미상,미상
위원장다른,위원장 다른,1,0,0,0,0,0.0,미상,미상,미상,미상,미상
위원장대리김숙현,위원장대리 김숙현,1,0,0,0,0,0.0,민주공화당,경기 인천시병,남,3선,지역구
위원장대리김영복,위원장대리 김영복,1,0,0,0,0,0.0,민주공화당,미상,남,초선,전국구
위원장대리이영진,위원장대리 이영진,1,0,0,0,0,0.0,민주공화당,충남 아산,남,초선,지역구
위원장대리이주일「추천」을,위원장대리 이주일「추천」을,1,0,0,0,0,0.0,미상,미상,미상,미상,미상
위원장대리이택돈,위원장대리 이택돈,1,0,0,0,0,0.0,신민당,경기 시흥시,남,4선,지역구
위원장대리이호범,위원장대리 이호범,1,0,0,0,0,0.0,민주공화당,전남 나주군,남,초선,지역구
위원장대리임갑수,위원장대리 임갑수,1,0,0,0,0,0.0,민주공화당,부산 동래구,남,초선,지역구
위원장대리장관,위원장대리 장관,1,0,0,0,0,0.0,미상,미상,미상,미상,미상
위원장대리최세경,위원장대리 최세경,1,0,0,0,0,0.0,민주공화당,경남 삼천포 사천,남,재선,지역구
위원장대리최용수,위원장대리 최용수,1,0,0,0,0,0.0,민주공화당,미상,남,재선,전국구
위원장대리최재구,위원장대리 최재구,1,0,0,0,0,0.0,민주공화당,경남 고성군,남,4선,지역구
위원장류치송,위원장 류치송,1,0,0,0,0,0.0,미상,미상,미상,미상,미상
위원장언제부터,위원장 언제부터,1,0,0,0,0,0.0,미상,미상,미상,미상,미상
위원장오정근,위원장 오정근,1,0,0,0,0,0.0,미상,미상,미상,미상,미상
"위원장이홍규,","위원장 이홍규,",1,0,0,0,0,0.0,미상,미상,미상,미상,미상
위원장정성태,위원장 정성태,1,0,0,0,0,0.0,민정당,전남 광주갑,남,6선,지역구
위원장지침은,위원장 지침은,1,0,0,0,0,0.0,미상,미상,미상,미상,미상
위원장직무대리지정,위원장직무대리 지정,1,0,0,0,0,0.0,미상,미상,미상,미상,미상
위원장최영근,위원장 최영근,1,0,0,0,0,0.0,민주당,경남 울산시울주구,남,3선,지역구
위원장최재구,위원장 최재구,1,0,0,0,0,0.0,민주공화당,경남 고성군,남,4선,지역구
위원장한병기,위원장 한병기,1,0,0,0,0,0.0,민주공화당,"강원 속초시,고성,양양",남,초선,지역구
위원출장,위원출장,1,0,0,0,0,0.0,미상,미상,미상,미상,미상
유근국chart에,유근국 chart에,1,0,0,0,0,0.0,미상,미상,미상,미상,미상
유근국인사국은,유근국 인사국은,1,0,0,0,0,0.0,미상,미상,미상,미상,미상
유근국행정,유근국 행정,1,0,0,0,0,0.0,미상,미상,미상,미상,미상
유달영시간,유달영 시간,1,0,0,0,0,0.0,미상,미상,미상,미상,미상
유달영위원,유달영 위원,1,0,0,0,0,0.0,미상,미상,미상,미상,미상
유달영지금,유달영 지금,1,0,0,0,0,0.0,미상,미상,미상,미상,미상
유덕준(교체위),유덕준 (교체위),1,0,0,0,0,0.0,미상,미상,미상,미상,미상
유덕준중령,유덕준 중령,1,0,0,0,0,0.0,미상,미상,미상,미상,미상
유민상다음,유민상 다음,1,0,0,0,0,0.0,미상,미상,미상,미상,미상
유민상벌칙의,유민상 벌칙의,1,0,0,0,0,0.0,미상,미상,미상,미상,미상
유민상주무부장관이,유민상 주무부장관이,1,0,0,0,0,0.0,미상,미상,미상,미상,미상
유성권의원(계속),유성권 의원(계속),1,0,0,0,0,0.0,신민당,서울 성동구갑,남,3선,지역구
유수현의원,유수현 의원,1,0,0,0,0,0.0,무소속,전남 광주시갑,남,초선,지역구
유수현의원(위원,유수현 의원(위원,1,0,0,0,0,0.0,무소속,전남 광주시갑,남,초선,지역구
유청의원,유청 의원,1,0,0,0,0,0.0,민정당,전북 전주,남,4선,지역구
유형진고문,유형진 고문,1,0,0,0,0,0.0,미상,미상,미상,미상,미상
육군군수참모부장5·16혁명,육군군수참모부장 5·16혁명,1,0,0,0,0,0.0,미상,미상,미상,미상,미상
육군법무감현재로,육군법무감 현재로,1,0,0,0,0,0.0,미상,미상,미상,미상,미상
육군참모차장중장,육군참모차장 중장,1,0,0,0,0,0.0,미상,미상,미상,미상,미상
육군참모총장4항을,육군참모총장 4항을,1,0,0,0,0,0.0,미상,미상,미상,미상,미상
육군참모총장법무상,육군참모총장 법무상,1,0,0,0,0,0.0,미상,미상,미상,미상,미상
육군참모총장이유를,육군참모총장 이유를,1,0,0,0,0,0.0,미상,미상,미상,미상,미상
육군참모총장일반과,육군참모총장 일반과,1,0,0,0,0,0.0,미상,미상,미상,미상,미상
육군참모총장잘못,육군참모총장 잘못,1,0,0,0,0,0.0,미상,미상,미상,미상,미상
육군참모총장헌병의,육군참모총장 헌병의,1,0,0,0,0,0.0,미상,미상,미상,미상,미상
육참총장이것은,육참총장 이것은,1,0,0,0,0,0.0,미상,미상,미상,미상,미상
윤영모(군사원호청설치법안,윤영모 (군사원호청설치법안,1,0,0,0,0,0.0,미상,미상,미상,미상,미상
윤영모군사원호대상자고용법(안),윤영모 군사원호대상자고용법(안),1,0,0,0,0,0.0,미상,미상,미상,미상,미상
윤영모군사원호특별회계법안.,윤영모 군사원호특별회계법안.,1,0,0,0,0,0.0,미상,미상,미상,미상,미상
윤영모대법원에서,윤영모 대법원에서,1,0,0,0,0,0.0,미상,미상,미상,미상,미상
윤영모병무국장을,윤영모 병무국장을,1,0,0,0,0,0.0,미상,미상,미상,미상,미상
윤영모부칙,윤영모 부칙,1,0,0,0,0,0.0,미상,미상,미상,미상,미상
윤영모부칙1조,윤영모 부칙1조,1,0,0,0,0,0.0,미상,미상,미상,미상,미상
윤영모예년에,윤영모 예년에,1,0,0,0,0,0.0,미상,미상,미상,미상,미상
윤영모자녀보호법이,윤영모 자녀보호법이,1,0,0,0,0,0.0,미상,미상,미상,미상,미상
윤영모전몰군경유자녀보호법안.,윤영모 전몰군경유자녀보호법안.,1,0,0,0,0,0.0,미상,미상,미상,미상,미상
윤제술의원(계속),윤제술 의원(계속),1,0,0,0,0,0.0,민정당,서울 서대문구을,남,6선,지역구
윤택중각,윤택중 각,1,0,0,0,0,0.0,미상,미상,미상,미상,미상
윤택중정부로서는,윤택중 정부로서는,1,0,0,0,0,0.0,미상,미상,미상,미상,미상
윤택중직종별이,윤택중 직종별이,1,0,0,0,0,0.0,미상,미상,미상,미상,미상
은행감독원장민영훈,은행감독원장 민영훈,1,0,0,0,0,0.0,미상,미상,미상,미상,미상
의견통보의뢰,의견통보의뢰,1,0,0,0,0,0.0,미상,미상,미상,미상,미상
의무감재판에,의무감 재판에,1,0,0,0,0,0.0,미상,미상,미상,미상,미상
의무감통신감의,의무감 통신감의,1,0,0,0,0,0.0,미상,미상,미상,미상,미상
의사과장지금으로부터,의사과장 지금으로부터,1,0,0,0,0,0.0,미상,미상,미상,미상,미상
의사국장(권효섭)보고를,의사국장(권효섭) 보고를,1,0,0,0,0,0.0,미상,미상,미상,미상,미상
의석변경,의석 변경,1,0,0,0,0,0.0,미상,미상,미상,미상,미상
의안심사,의안 심사,1,0,0,0,0,0.0,미상,미상,미상,미상,미상
의안이송,의안 이송,1,0,0,0,0,0.0,미상,미상,미상,미상,미상
의원아닌,의원 아닌,1,0,0,0,0,0.0,미상,미상,미상,미상,미상
의장(의장,의장 (의장,1,0,0,0,0,0.0,미상,미상,미상,미상,미상
의장10일간에,의장 10일간에,1,0,0,0,0,0.0,미상,미상,미상,미상,미상
의장15조에서는,의장 15조에서는,1,0,0,0,0,0.0,미상,미상,미상,미상,미상
의장1963년도,의장 1963년도,1,0,0,0,0,0.0,미상,미상,미상,미상,미상
의장1월10일경,의장 1월10일경,1,0,0,0,0,0.0,미상,미상,미상,미상,미상
"의장2,250,000섬","의장 2,250,000섬",1,0,0,0,0,0.0,미상,미상,미상,미상,미상
의장2심,의장 2심,1,0,0,0,0,0.0,미상,미상,미상,미상,미상
의장2심까지는,의장 2심까지는,1,0,0,0,0,0.0,미상,미상,미상,미상,미상
의장3심까지의,의장 3심까지의,1,0,0,0,0,0.0,미상,미상,미상,미상,미상
의장46억의,의장 46억의,1,0,0,0,0,0.0,미상,미상,미상,미상,미상
의장47억이,의장 47억이,1,0,0,0,0,0.0,미상,미상,미상,미상,미상
의장4호를,의장 4호를,1,0,0,0,0,0.0,미상,미상,미상,미상,미상
"의장5,000대가","의장 5,000대가",1,0,0,0,0,0.0,미상,미상,미상,미상,미상
의장5개년,의장 5개년,1,0,0,0,0,0.0,미상,미상,미상,미상,미상
의장5월5일부터,의장 5월5일부터,1,0,0,0,0,0.0,미상,미상,미상,미상,미상
의장7번은,의장 7번은,1,0,0,0,0,0.0,미상,미상,미상,미상,미상
의장7항의,의장 7항의,1,0,0,0,0,0.0,미상,미상,미상,미상,미상
의장8m,의장 8m,1,0,0,0,0,0.0,미상,미상,미상,미상,미상
의장ICA,의장 ICA,1,0,0,0,0,0.0,미상,미상,미상,미상,미상
의장ICA불,의장 ICA불,1,0,0,0,0,0.0,미상,미상,미상,미상,미상
의장“학생,의장 “학생,1,0,0,0,0,0.0,미상,미상,미상,미상,미상
의장「국민여론을,의장 「국민여론을,1,0,0,0,0,0.0,미상,미상,미상,미상,미상
의장가급적이면,의장 가급적이면,1,0,0,0,0,0.0,미상,미상,미상,미상,미상
의장가능한,의장 가능한,1,0,0,0,0,0.0,미상,미상,미상,미상,미상
의장각군총장과,의장 각군총장과,1,0,0,0,0,0.0,미상,미상,미상,미상,미상
의장강력히,의장 강력히,1,0,0,0,0,0.0,미상,미상,미상,미상,미상
의장개인,의장 개인,1,0,0,0,0,0.0,미상,미상,미상,미상,미상
의장개회선언,의장 개회선언,1,0,0,0,0,0.0,미상,미상,미상,미상,미상
의장결함사항,의장 결함사항,1,0,0,0,0,0.0,미상,미상,미상,미상,미상
의장계수적으로,의장 계수적으로,1,0,0,0,0,0.0,미상,미상,미상,미상,미상
의장계획사업,의장 계획사업,1,0,0,0,0,0.0,미상,미상,미상,미상,미상
의장고급,의장 고급,1,0,0,0,0,0.0,미상,미상,미상,미상,미상
의장고문(곽)자격부여,의장고문(곽) 자격부여,1,0,0,0,0,0.0,미상,미상,미상,미상,미상
의장고문(박)미창과,의장고문(박) 미창과,1,0,0,0,0,0.0,미상,미상,미상,미상,미상
의장고문(성)자유경제원칙을,의장고문(성) 자유경제원칙을,1,0,0,0,0,0.0,미상,미상,미상,미상,미상
의장고문(성)조합의,의장고문(성) 조합의,1,0,0,0,0,0.0,미상,미상,미상,미상,미상
의장고문(성)종래의,의장고문(성) 종래의,1,0,0,0,0,0.0,미상,미상,미상,미상,미상
의장고문(손),의장고문 (손),1,0,0,0,0,0.0,미상,미상,미상,미상,미상
의장고문(신)벌금을,의장고문(신) 벌금을,1,0,0,0,0,0.0,미상,미상,미상,미상,미상
의장고문(신)벌칙중에,의장고문(신) 벌칙중에,1,0,0,0,0,0.0,미상,미상,미상,미상,미상
의장고문(신)인권옹호에,의장고문(신) 인권옹호에,1,0,0,0,0,0.0,미상,미상,미상,미상,미상
의장고문(신)증인소환에,의장고문(신) 증인소환에,1,0,0,0,0,0.0,미상,미상,미상,미상,미상
의장고문(신)증인은,의장고문(신) 증인은,1,0,0,0,0,0.0,미상,미상,미상,미상,미상
의장고문(유),의장고문 (유),1,0,0,0,0,0.0,미상,미상,미상,미상,미상
"의장고문,","의장 고문,",1,0,0,0,0,0.0,미상,미상,미상,미상,미상
의장고문1.,의장고문 1.,1,0,0,0,0,0.0,미상,미상,미상,미상,미상
"의장고문32,000환으로","의장고문 32,000환으로",1,0,0,0,0,0.0,미상,미상,미상,미상,미상
의장고문과거의,의장고문 과거의,1,0,0,0,0,0.0,미상,미상,미상,미상,미상
의장고문과소신고는,의장고문 과소신고는,1,0,0,0,0,0.0,미상,미상,미상,미상,미상
의장고문김홍일,의장고문 김홍일,1,0,0,0,0,0.0,미상,미상,미상,미상,미상
의장고문대체적으로,의장고문 대체적으로,1,0,0,0,0,0.0,미상,미상,미상,미상,미상
의장고문대학교수의,의장고문 대학교수의,1,0,0,0,0,0.0,미상,미상,미상,미상,미상
의장고문똑같은,의장고문 똑같은,1,0,0,0,0,0.0,미상,미상,미상,미상,미상
의장고문실지에,의장고문 실지에,1,0,0,0,0,0.0,미상,미상,미상,미상,미상
의장고문원칙적으로,의장고문 원칙적으로,1,0,0,0,0,0.0,미상,미상,미상,미상,미상
의장고문의견,의장고문 의견,1,0,0,0,0,0.0,미상,미상,미상,미상,미상
의장고문정부가,의장고문 정부가,1,0,0,0,0,0.0,미상,미상,미상,미상,미상
의장공무원범죄특례법은,의장 공무원범죄특례법은,1,0,0,0,0,0.0,미상,미상,미상,미상,미상
의장공보부에서,의장 공보부에서,1,0,0,0,0,0.0,미상,미상,미상,미상,미상
의장공포일은,의장 공포일은,1,0,0,0,0,0.0,미상,미상,미상,미상,미상
의장공포할,의장 공포할,1,0,0,0,0,0.0,미상,미상,미상,미상,미상
의장공회사업을,의장 공회사업을,1,0,0,0,0,0.0,미상,미상,미상,미상,미상
의장과거에,의장 과거에,1,0,0,0,0,0.0,미상,미상,미상,미상,미상
의장관계관의,의장 관계관의,1,0,0,0,0,0.0,미상,미상,미상,미상,미상
의장교과서가,의장 교과서가,1,0,0,0,0,0.0,미상,미상,미상,미상,미상
"의장교육,","의장 교육,",1,0,0,0,0,0.0,미상,미상,미상,미상,미상
의장교체위원장과,의장 교체위원장과,1,0,0,0,0,0.0,미상,미상,미상,미상,미상
의장교통부장관이,의장 교통부장관이,1,0,0,0,0,0.0,미상,미상,미상,미상,미상
의장국고보조가,의장 국고보조가,1,0,0,0,0,0.0,미상,미상,미상,미상,미상
의장국민운동본부장이나,의장 국민운동본부장이나,1,0,0,0,0,0.0,미상,미상,미상,미상,미상
의장국정감사결과는,의장 국정감사결과는,1,0,0,0,0,0.0,미상,미상,미상,미상,미상
의장군인의,의장 군인의,1,0,0,0,0,0.0,미상,미상,미상,미상,미상
의장군정,의장 군정,1,0,0,0,0,0.0,미상,미상,미상,미상,미상
의장군종,의장 군종,1,0,0,0,0,0.0,미상,미상,미상,미상,미상
의장군통수권의,의장 군통수권의,1,0,0,0,0,0.0,미상,미상,미상,미상,미상
의장그것을,의장 그것을,1,0,0,0,0,0.0,미상,미상,미상,미상,미상
의장그러면,의장 그러면,1,0,0,0,0,0.0,미상,미상,미상,미상,미상
의장그러한,의장 그러한,1,0,0,0,0,0.0,미상,미상,미상,미상,미상
의장그런,의장 그런,1,0,0,0,0,0.0,미상,미상,미상,미상,미상
의장그렇게,의장 그렇게,1,0,0,0,0,0.0,미상,미상,미상,미상,미상
의장근,의장 근,1,0,0,0,0,0.0,미상,미상,미상,미상,미상
의장금년,의장 금년,1,0,0,0,0,0.0,미상,미상,미상,미상,미상
의장기본방향과,의장 기본방향과,1,0,0,0,0,0.0,미상,미상,미상,미상,미상
의장기상,의장 기상,1,0,0,0,0,0.0,미상,미상,미상,미상,미상
의장김포,의장 김포,1,0,0,0,0,0.0,미상,미상,미상,미상,미상
의장나도,의장 나도,1,0,0,0,0,0.0,미상,미상,미상,미상,미상
의장내각수반을,의장 내각수반을,1,0,0,0,0,0.0,미상,미상,미상,미상,미상
의장내각안이,의장 내각안이,1,0,0,0,0,0.0,미상,미상,미상,미상,미상
의장내각에서,의장 내각에서,1,0,0,0,0,0.0,미상,미상,미상,미상,미상
의장내년,의장 내년,1,0,0,0,0,0.0,미상,미상,미상,미상,미상
의장내년도,의장 내년도,1,0,0,0,0,0.0,미상,미상,미상,미상,미상
의장내년에나,의장 내년에나,1,0,0,0,0,0.0,미상,미상,미상,미상,미상
의장내용은,의장 내용은,1,0,0,0,0,0.0,미상,미상,미상,미상,미상
의장농림부문에,의장 농림부문에,1,0,0,0,0,0.0,미상,미상,미상,미상,미상
의장다,의장 다,1,0,0,0,0,0.0,미상,미상,미상,미상,미상
의장다른,의장 다른,1,0,0,0,0,0.0,미상,미상,미상,미상,미상
의장다시,의장 다시,1,0,0,0,0,0.0,미상,미상,미상,미상,미상
의장다음,의장 다음,1,0,0,0,0,0.0,미상,미상,미상,미상,미상
의장당좌예금,의장 당좌예금,1,0,0,0,0,0.0,미상,미상,미상,미상,미상
의장대리지금으로부터,의장대리 지금으로부터,1,0,0,0,0,0.0,미상,미상,미상,미상,미상
의장대법원,의장 대법원,1,0,0,0,0,0.0,미상,미상,미상,미상,미상
의장대법원까지,의장 대법원까지,1,0,0,0,0,0.0,미상,미상,미상,미상,미상
의장더,의장 더,1,0,0,0,0,0.0,미상,미상,미상,미상,미상
의장도는,의장 도는,1,0,0,0,0,0.0,미상,미상,미상,미상,미상
의장동기가,의장 동기가,1,0,0,0,0,0.0,미상,미상,미상,미상,미상
의장또,의장 또,1,0,0,0,0,0.0,미상,미상,미상,미상,미상
의장막연하게,의장 막연하게,1,0,0,0,0,0.0,미상,미상,미상,미상,미상
의장막연한,의장 막연한,1,0,0,0,0,0.0,미상,미상,미상,미상,미상
의장매상,의장 매상,1,0,0,0,0,0.0,미상,미상,미상,미상,미상
의장먼저,의장 먼저,1,0,0,0,0,0.0,미상,미상,미상,미상,미상
의장묘판이,의장 묘판이,1,0,0,0,0,0.0,미상,미상,미상,미상,미상
의장문교분야에,의장 문교분야에,1,0,0,0,0,0.0,미상,미상,미상,미상,미상
의장문구상의,의장 문구상의,1,0,0,0,0,0.0,미상,미상,미상,미상,미상
의장문제는,의장 문제는,1,0,0,0,0,0.0,미상,미상,미상,미상,미상
의장미국에서,의장 미국에서,1,0,0,0,0,0.0,미상,미상,미상,미상,미상
의장미국의,의장 미국의,1,0,0,0,0,0.0,미상,미상,미상,미상,미상
의장민정이양,의장 민정이양,1,0,0,0,0,0.0,미상,미상,미상,미상,미상
의장법관,의장 법관,1,0,0,0,0,0.0,미상,미상,미상,미상,미상
의장법이,의장 법이,1,0,0,0,0,0.0,미상,미상,미상,미상,미상
의장법이란,의장 법이란,1,0,0,0,0,0.0,미상,미상,미상,미상,미상
의장보고에,의장 보고에,1,0,0,0,0,0.0,미상,미상,미상,미상,미상
의장본부,의장 본부,1,0,0,0,0,0.0,미상,미상,미상,미상,미상
의장부산,의장 부산,1,0,0,0,0,0.0,미상,미상,미상,미상,미상
의장부정축재,의장 부정축재,1,0,0,0,0,0.0,미상,미상,미상,미상,미상
의장불입자본금,의장 불입자본금,1,0,0,0,0,0.0,미상,미상,미상,미상,미상
의장비서실장박동윤,의장비서실장 박동윤,1,0,0,0,0,0.0,미상,미상,미상,미상,미상
의장사실상,의장 사실상,1,0,0,0,0,0.0,미상,미상,미상,미상,미상
의장사전에,의장 사전에,1,0,0,0,0,0.0,미상,미상,미상,미상,미상
의장산업부흥국채에,의장 산업부흥국채에,1,0,0,0,0,0.0,미상,미상,미상,미상,미상
의장상고이유,의장 상고이유,1,0,0,0,0,0.0,미상,미상,미상,미상,미상
의장상공부에서,의장 상공부에서,1,0,0,0,0,0.0,미상,미상,미상,미상,미상
의장상임위원회는,의장 상임위원회는,1,0,0,0,0,0.0,미상,미상,미상,미상,미상
의장상임위원회의,의장 상임위원회의,1,0,0,0,0,0.0,미상,미상,미상,미상,미상
의장서울시가,의장 서울시가,1,0,0,0,0,0.0,미상,미상,미상,미상,미상
의장선행문제로서,의장 선행문제로서,1,0,0,0,0,0.0,미상,미상,미상,미상,미상
의장설명을,의장 설명을,1,0,0,0,0,0.0,미상,미상,미상,미상,미상
의장수요량에,의장 수요량에,1,0,0,0,0,0.0,미상,미상,미상,미상,미상
의장수정할,의장 수정할,1,0,0,0,0,0.0,미상,미상,미상,미상,미상
의장술은,의장 술은,1,0,0,0,0,0.0,미상,미상,미상,미상,미상
의장시간별로,의장 시간별로,1,0,0,0,0,0.0,미상,미상,미상,미상,미상
의장시에서는,의장 시에서는,1,0,0,0,0,0.0,미상,미상,미상,미상,미상
의장시영택시,의장 시영택시,1,0,0,0,0,0.0,미상,미상,미상,미상,미상
의장시장을,의장 시장을,1,0,0,0,0,0.0,미상,미상,미상,미상,미상
의장시정의,의장 시정의,1,0,0,0,0,0.0,미상,미상,미상,미상,미상
의장신문에,의장 신문에,1,0,0,0,0,0.0,미상,미상,미상,미상,미상
의장실례를,의장 실례를,1,0,0,0,0,0.0,미상,미상,미상,미상,미상
의장쌀에,의장 쌀에,1,0,0,0,0,0.0,미상,미상,미상,미상,미상
의장아-취,의장 아-취,1,0,0,0,0,0.0,미상,미상,미상,미상,미상
의장약간,의장 약간,1,0,0,0,0,0.0,미상,미상,미상,미상,미상
의장양대령에,의장 양대령에,1,0,0,0,0,0.0,미상,미상,미상,미상,미상
의장어느,의장 어느,1,0,0,0,0,0.0,미상,미상,미상,미상,미상
의장여기에,의장 여기에,1,0,0,0,0,0.0,미상,미상,미상,미상,미상
의장여러,의장 여러,1,0,0,0,0,0.0,미상,미상,미상,미상,미상
의장연내에,의장 연내에,1,0,0,0,0,0.0,미상,미상,미상,미상,미상
의장연말,의장 연말,1,0,0,0,0,0.0,미상,미상,미상,미상,미상
의장예산은,의장 예산은,1,0,0,0,0,0.0,미상,미상,미상,미상,미상
의장오늘,의장 오늘,1,0,0,0,0,0.0,미상,미상,미상,미상,미상
의장오전,의장 오전,1,0,0,0,0,0.0,미상,미상,미상,미상,미상
의장오후,의장 오후,1,0,0,0,0,0.0,미상,미상,미상,미상,미상
의장왜,의장 왜,1,0,0,0,0,0.0,미상,미상,미상,미상,미상
의장외자도입에,의장 외자도입에,1,0,0,0,0,0.0,미상,미상,미상,미상,미상
의장외환문제에,의장 외환문제에,1,0,0,0,0,0.0,미상,미상,미상,미상,미상
의장외환판매,의장 외환판매,1,0,0,0,0,0.0,미상,미상,미상,미상,미상
의장요는,의장 요는,1,0,0,0,0,0.0,미상,미상,미상,미상,미상
의장우물은,의장 우물은,1,0,0,0,0,0.0,미상,미상,미상,미상,미상
의장우선,의장 우선,1,0,0,0,0,0.0,미상,미상,미상,미상,미상
의장운영계획의,의장 운영계획의,1,0,0,0,0,0.0,미상,미상,미상,미상,미상
의장원수,의장 원수,1,0,0,0,0,0.0,미상,미상,미상,미상,미상
의장육군에서도,의장 육군에서도,1,0,0,0,0,0.0,미상,미상,미상,미상,미상
의장이것은,의장 이것은,1,0,0,0,0,0.0,미상,미상,미상,미상,미상
의장이상,의장 이상,1,0,0,0,0,0.0,미상,미상,미상,미상,미상
의장이의신립되어서,의장 이의신립되어서,1,0,0,0,0,0.0,미상,미상,미상,미상,미상
의장인천에,의장 인천에,1,0,0,0,0,0.0,미상,미상,미상,미상,미상
의장자문수정안,의장자문 수정안,1,0,0,0,0,0.0,미상,미상,미상,미상,미상
의장자치단체로서의,의장 자치단체로서의,1,0,0,0,0,0.0,미상,미상,미상,미상,미상
"의장재경위,","의장 재경위,",1,0,0,0,0,0.0,미상,미상,미상,미상,미상
의장재무부,의장 재무부,1,0,0,0,0,0.0,미상,미상,미상,미상,미상
의장재정위원에,의장 재정위원에,1,0,0,0,0,0.0,미상,미상,미상,미상,미상
의장저축성,의장 저축성,1,0,0,0,0,0.0,미상,미상,미상,미상,미상
의장적자운영된,의장 적자운영된,1,0,0,0,0,0.0,미상,미상,미상,미상,미상
의장전국에,의장 전국에,1,0,0,0,0,0.0,미상,미상,미상,미상,미상
의장전최고위원이,의장 전최고위원이,1,0,0,0,0,0.0,미상,미상,미상,미상,미상
의장정래혁,의장 정래혁,1,0,0,0,0,0.0,민주공화당,"서울 성북,도봉구",남,3선,지역구
의장정래혁장관,의장 정래혁장관,1,0,0,0,0,0.0,미상,미상,미상,미상,미상
의장정부안에,의장 정부안에,1,0,0,0,0,0.0,미상,미상,미상,미상,미상
의장정부에서,의장 정부에서,1,0,0,0,0,0.0,미상,미상,미상,미상,미상
의장정책면에서,의장 정책면에서,1,0,0,0,0,0.0,미상,미상,미상,미상,미상
의장제13조,의장 제13조,1,0,0,0,0,0.0,미상,미상,미상,미상,미상
의장제16조,의장 제16조,1,0,0,0,0,0.0,미상,미상,미상,미상,미상
의장제3조에,의장 제3조에,1,0,0,0,0,0.0,미상,미상,미상,미상,미상
의장좋겠습니다.,의장 좋겠습니다.,1,0,0,0,0,0.0,미상,미상,미상,미상,미상
의장좋을,의장 좋을,1,0,0,0,0,0.0,미상,미상,미상,미상,미상
의장중앙은행에서의,의장 중앙은행에서의,1,0,0,0,0,0.0,미상,미상,미상,미상,미상
의장중앙회장,의장 중앙회장,1,0,0,0,0,0.0,미상,미상,미상,미상,미상
"의장즉,","의장 즉,",1,0,0,0,0,0.0,미상,미상,미상,미상,미상
의장지금은,의장 지금은,1,0,0,0,0,0.0,미상,미상,미상,미상,미상
의장지급하게,의장 지급하게,1,0,0,0,0,0.0,미상,미상,미상,미상,미상
의장지난번의,의장 지난번의,1,0,0,0,0,0.0,미상,미상,미상,미상,미상
의장지방공무원보다,의장 지방공무원보다,1,0,0,0,0,0.0,미상,미상,미상,미상,미상
의장직무대리지정,의장직무대리 지정,1,0,0,0,0,0.0,미상,미상,미상,미상,미상
의장질문이,의장 질문이,1,0,0,0,0,0.0,미상,미상,미상,미상,미상
의장차를,의장 차를,1,0,0,0,0,0.0,미상,미상,미상,미상,미상
의장처리위원장,의장 처리위원장,1,0,0,0,0,0.0,미상,미상,미상,미상,미상
의장처분하겠다고,의장 처분하겠다고,1,0,0,0,0,0.0,미상,미상,미상,미상,미상
의장체재는,의장 체재는,1,0,0,0,0,0.0,미상,미상,미상,미상,미상
의장최고의,의장 최고의,1,0,0,0,0,0.0,미상,미상,미상,미상,미상
의장테레비,의장 테레비,1,0,0,0,0,0.0,미상,미상,미상,미상,미상
의장테레비보다,의장 테레비보다,1,0,0,0,0,0.0,미상,미상,미상,미상,미상
의장토지,의장 토지,1,0,0,0,0,0.0,미상,미상,미상,미상,미상
의장통고액은,의장 통고액은,1,0,0,0,0,0.0,미상,미상,미상,미상,미상
의장통화개혁의,의장 통화개혁의,1,0,0,0,0,0.0,미상,미상,미상,미상,미상
의장표결,의장 표결,1,0,0,0,0,0.0,미상,미상,미상,미상,미상
의장표본은,의장 표본은,1,0,0,0,0,0.0,미상,미상,미상,미상,미상
의장하부,의장 하부,1,0,0,0,0,0.0,미상,미상,미상,미상,미상
의장한,의장 한,1,0,0,0,0,0.0,미상,미상,미상,미상,미상
의장한은총재,의장 한은총재,1,0,0,0,0,0.0,미상,미상,미상,미상,미상
의장해군참모총장이,의장 해군참모총장이,1,0,0,0,0,0.0,미상,미상,미상,미상,미상
의장해군출신,의장 해군출신,1,0,0,0,0,0.0,미상,미상,미상,미상,미상
의장행정부,의장 행정부,1,0,0,0,0,0.0,미상,미상,미상,미상,미상
의장행정부에,의장 행정부에,1,0,0,0,0,0.0,미상,미상,미상,미상,미상
의장행정적인,의장 행정적인,1,0,0,0,0,0.0,미상,미상,미상,미상,미상
의장헌법의,의장 헌법의,1,0,0,0,0,0.0,미상,미상,미상,미상,미상
의장현,의장 현,1,0,0,0,0,0.0,미상,미상,미상,미상,미상
의장현실적으로,의장 현실적으로,1,0,0,0,0,0.0,미상,미상,미상,미상,미상
의장현재도,의장 현재도,1,0,0,0,0,0.0,미상,미상,미상,미상,미상
의장환수액의,의장 환수액의,1,0,0,0,0,0.0,미상,미상,미상,미상,미상
의장환화이건,의장 환화이건,1,0,0,0,0,0.0,미상,미상,미상,미상,미상
의장황지선,의장 황지선,1,0,0,0,0,0.0,미상,미상,미상,미상,미상
의장회의,의장 회의,1,0,0,0,0,0.0,미상,미상,미상,미상,미상
의전과장이규성,의전과장 이규성,1,0,0,0,0,0.0,미상,미상,미상,미상,미상
의정과장일본에는,의정과장 일본에는,1,0,0,0,0,0.0,미상,미상,미상,미상,미상
의정국장과거의,의정국장 과거의,1,0,0,0,0,0.0,미상,미상,미상,미상,미상
"의정국장호텔,","의정국장 호텔,",1,0,0,0,0,0.0,미상,미상,미상,미상,미상
이가택위원,이가택 위원,1,0,0,0,0,0.0,미상,미상,미상,미상,미상
이근상내무와,이근상 내무와,1,0,0,0,0,0.0,미상,미상,미상,미상,미상
이근상법사자문,이근상 법사자문,1,0,0,0,0,0.0,미상,미상,미상,미상,미상
이근상법사전문위원,이근상 법사전문위원,1,0,0,0,0,0.0,미상,미상,미상,미상,미상
이근상제안이유,이근상 제안이유,1,0,0,0,0,0.0,미상,미상,미상,미상,미상
이두희위원,이두희 위원,1,0,0,0,0,0.0,미상,미상,미상,미상,미상
이만섭의원(위원,이만섭 의원(위원,1,0,0,0,0,0.0,민주공화당,미상,남,8선,전국구
이문택요는,이문택 요는,1,0,0,0,0,0.0,미상,미상,미상,미상,미상
이문택조정국장,이문택 조정국장,1,0,0,0,0,0.0,미상,미상,미상,미상,미상
이문택포함되어,이문택 포함되어,1,0,0,0,0,0.0,미상,미상,미상,미상,미상
이범석UN문제,이범석 UN문제,1,0,0,0,0,0.0,미상,미상,미상,미상,미상
이범준의원,이범준 의원,1,0,0,0,0,0.0,유신정우회,미상,여,초선,통일주체국민회의
이사김선근,이사 김선근,1,0,0,0,0,0.0,미상,미상,미상,미상,미상
이사명동근,이사 명동근,1,0,0,0,0,0.0,미상,미상,미상,미상,미상
이사윤승두,이사 윤승두,1,0,0,0,0,0.0,미상,미상,미상,미상,미상
이사이주열,이사 이주열,1,0,0,0,0,0.0,미상,미상,미상,미상,미상
이사장김영근,이사장 김영근,1,0,0,0,0,0.0,미상,미상,미상,미상,미상
이상선실무면과,이상선 실무면과,1,0,0,0,0,0.0,미상,미상,미상,미상,미상
이상선전문위원,이상선 전문위원,1,0,0,0,0,0.0,미상,미상,미상,미상,미상
이석제위원제5조,이석제위원 제5조,1,0,0,0,0,0.0,미상,미상,미상,미상,미상
이석제장의장,이석제 장의장,1,0,0,0,0,0.0,미상,미상,미상,미상,미상
이석제최고회의법,이석제 최고회의법,1,0,0,0,0,0.0,미상,미상,미상,미상,미상
이승복의원,이승복 의원,1,0,0,0,0,0.0,유신정우회,미상,여,초선,통일주체국민회의
이영근괘도에,이영근 괘도에,1,0,0,0,0,0.0,미상,미상,미상,미상,미상
이영명토이기,이영명 토이기,1,0,0,0,0,0.0,미상,미상,미상,미상,미상
이영진의원,이영진 의원,1,0,0,0,0,0.0,민주공화당,충남 아산,남,초선,지역구
이우태의원,이우태 의원,1,0,0,0,0,0.0,신민당,미상,남,초선,전국구
이재국장10년전,이재국장 10년전,1,0,0,0,0,0.0,미상,미상,미상,미상,미상
이재국장“어린이은행”,이재국장 “어린이은행”,1,0,0,0,0,0.0,미상,미상,미상,미상,미상
이재국장거주하는,이재국장 거주하는,1,0,0,0,0,0.0,미상,미상,미상,미상,미상
이재국장과거의,이재국장 과거의,1,0,0,0,0,0.0,미상,미상,미상,미상,미상
이재국장금통위나,이재국장 금통위나,1,0,0,0,0,0.0,미상,미상,미상,미상,미상
이재국장금통위에서,이재국장 금통위에서,1,0,0,0,0,0.0,미상,미상,미상,미상,미상
이재국장기타,이재국장 기타,1,0,0,0,0,0.0,미상,미상,미상,미상,미상
이재국장대일무역량이,이재국장 대일무역량이,1,0,0,0,0,0.0,미상,미상,미상,미상,미상
이재국장어느,이재국장 어느,1,0,0,0,0,0.0,미상,미상,미상,미상,미상
이재국장어떤,이재국장 어떤,1,0,0,0,0,0.0,미상,미상,미상,미상,미상
이재국장이,이재국장 이,1,0,0,0,0,0.0,미상,미상,미상,미상,미상
이재국장재보험회사법이,이재국장 재보험회사법이,1,0,0,0,0,0.0,미상,미상,미상,미상,미상
이재국장정부에,이재국장 정부에,1,0,0,0,0,0.0,미상,미상,미상,미상,미상
이재국장정부에서,이재국장 정부에서,1,0,0,0,0,0.0,미상,미상,미상,미상,미상
이재국장제5조가,이재국장 제5조가,1,0,0,0,0,0.0,미상,미상,미상,미상,미상
이재국장축조심의.,이재국장 축조심의.,1,0,0,0,0,0.0,미상,미상,미상,미상,미상
이재국장한국대리업자를,이재국장 한국대리업자를,1,0,0,0,0,0.0,미상,미상,미상,미상,미상
이재국장한국은행법,이재국장 한국은행법,1,0,0,0,0,0.0,미상,미상,미상,미상,미상
이재국장현재,이재국장 현재,1,0,0,0,0,0.0,미상,미상,미상,미상,미상
이전문,이 전문,1,0,0,0,0,0.0,미상,미상,미상,미상,미상
이정삼금융동결령,이정삼 금융동결령,1,0,0,0,0,0.0,미상,미상,미상,미상,미상
이정삼무신고는,이정삼 무신고는,1,0,0,0,0,0.0,미상,미상,미상,미상,미상
이정삼정의,이정삼 정의,1,0,0,0,0,0.0,미상,미상,미상,미상,미상
이정삼조항,이정삼 조항,1,0,0,0,0,0.0,미상,미상,미상,미상,미상
이정삼중소기업은행법과,이정삼 중소기업은행법과,1,0,0,0,0,0.0,미상,미상,미상,미상,미상
이정석의원(계속),이정석 의원(계속),1,0,0,0,0,0.0,민주공화당,미상,남,4선,전국구
이정석의원(위원,이정석 의원(위원,1,0,0,0,0,0.0,민주공화당,미상,남,4선,전국구
이종극의원(계속),이종극 의원(계속),1,0,0,0,0,0.0,민주공화당,미상,남,초선,전국구
이준성52%가,이준성 52%가,1,0,0,0,0,0.0,미상,미상,미상,미상,미상
이준성환수위사무국장,이준성 환수위사무국장,1,0,0,0,0,0.0,미상,미상,미상,미상,미상
이중재의원(위원,이중재 의원(위원,1,0,0,0,0,0.0,민정당,미상,남,6선,전국구
이진수설명계속.,이진수 설명계속.,1,0,0,0,0,0.0,미상,미상,미상,미상,미상
이창규「심의회의,이창규 「심의회의,1,0,0,0,0,0.0,미상,미상,미상,미상,미상
이창규보통,이창규 보통,1,0,0,0,0,0.0,미상,미상,미상,미상,미상
이창규본,이창규 본,1,0,0,0,0,0.0,미상,미상,미상,미상,미상
이창규융자,이창규 융자,1,0,0,0,0,0.0,미상,미상,미상,미상,미상
이창규이것은,이창규 이것은,1,0,0,0,0,0.0,미상,미상,미상,미상,미상
이창규장차,이창규 장차,1,0,0,0,0,0.0,미상,미상,미상,미상,미상
이창규조성한다는,이창규 조성한다는,1,0,0,0,0,0.0,미상,미상,미상,미상,미상
이창규축조,이창규 축조,1,0,0,0,0,0.0,미상,미상,미상,미상,미상
이태성전문위원,이태성 전문위원,1,0,0,0,0,0.0,미상,미상,미상,미상,미상
이태준위원,이태준 위원,1,0,0,0,0,0.0,미상,미상,미상,미상,미상
이택희이원,이택희 이원,1,0,0,0,0,0.0,신민당,충북 충주시중원,남,3선,지역구
이한빈기술적,이한빈 기술적,1,0,0,0,0,0.0,미상,미상,미상,미상,미상
이한빈실질적,이한빈 실질적,1,0,0,0,0,0.0,미상,미상,미상,미상,미상
이현재수자원국장,이현재 수자원국장,1,0,0,0,0,0.0,민주공화당,"전남 광양,구례군",남,초선,지역구
이희승의원(계속),이희승 의원(계속),1,0,0,0,0,0.0,자유민주당,충북 충주시중원,남,초선,지역구
인사국장5·16혁명은,인사국장 5·16혁명은,1,0,0,0,0,0.0,미상,미상,미상,미상,미상
인사국장그러한,인사국장 그러한,1,0,0,0,0,0.0,미상,미상,미상,미상,미상
인사국장기여금에,인사국장 기여금에,1,0,0,0,0,0.0,미상,미상,미상,미상,미상
인사국장넥타이,인사국장 넥타이,1,0,0,0,0,0.0,미상,미상,미상,미상,미상
인사국장자체,인사국장 자체,1,0,0,0,0,0.0,미상,미상,미상,미상,미상
인사부장김명수,인사부장 김명수,1,0,0,0,0,0.0,미상,미상,미상,미상,미상
인삼과장이것은,인삼과장 이것은,1,0,0,0,0,0.0,미상,미상,미상,미상,미상
인천세관세무국장이재영,인천세관세무국장 이재영,1,0,0,0,0,0.0,미상,미상,미상,미상,미상
인천세무서직세과장이병희,인천세무서직세과장 이병희,1,0,0,0,0,0.0,민주공화당,경기 수원,남,7선,지역구
인천중공업주식회사관리부차장주희옥,인천중공업주식회사관리부차장 주희옥,1,0,0,0,0,0.0,미상,미상,미상,미상,미상
인태식의원,인태식 의원,1,0,0,0,0,0.0,민주공화당,충남 당진,남,3선,지역구
일반,일반,1,0,0,0,0,0.0,미상,미상,미상,미상,미상
임목육종연구소장김갑성,임목육종연구소장 김갑성,1,0,0,0,0,0.0,미상,미상,미상,미상,미상
임시의장(일리노이주푸라이스,임시의장(일리노이주 푸라이스,1,0,0,0,0,0.0,미상,미상,미상,미상,미상
임시의장오크라호마주,임시의장 오크라호마주,1,0,0,0,0,0.0,미상,미상,미상,미상,미상
임시의장오크라호머주,임시의장 오크라호머주,1,0,0,0,0,0.0,미상,미상,미상,미상,미상
임시의장하원의,임시의장 하원의,1,0,0,0,0,0.0,미상,미상,미상,미상,미상
임업기술개량비,임업기술개량비,1,0,0,0,0,0.0,미상,미상,미상,미상,미상
자문그,자문 그,1,0,0,0,0,0.0,미상,미상,미상,미상,미상
장근섭수신,장근섭 수신,1,0,0,0,0,0.0,미상,미상,미상,미상,미상
장근섭시험단계는,장근섭 시험단계는,1,0,0,0,0,0.0,미상,미상,미상,미상,미상
장근섭제안근거,장근섭 제안근거,1,0,0,0,0,0.0,미상,미상,미상,미상,미상
장근섭제외됩니다.,장근섭 제외됩니다.,1,0,0,0,0,0.0,미상,미상,미상,미상,미상
장근섭지장,장근섭 지장,1,0,0,0,0,0.0,미상,미상,미상,미상,미상
장근섭현행,장근섭 현행,1,0,0,0,0,0.0,미상,미상,미상,미상,미상
장성광업소소장(선,장성광업소소장 (선,1,0,0,0,0,0.0,미상,미상,미상,미상,미상
장성광업소소장(현황,장성광업소소장 (현황,1,0,0,0,0,0.0,미상,미상,미상,미상,미상
장성광업소소장간접부라,장성광업소소장 간접부라,1,0,0,0,0,0.0,미상,미상,미상,미상,미상
장성광업소소장저희들은,장성광업소소장 저희들은,1,0,0,0,0,0.0,미상,미상,미상,미상,미상
장성광업소소장주로,장성광업소소장 주로,1,0,0,0,0,0.0,미상,미상,미상,미상,미상
장성광업소소장한,장성광업소소장 한,1,0,0,0,0,0.0,미상,미상,미상,미상,미상
장성광업소소장현재로서는,장성광업소소장 현재로서는,1,0,0,0,0,0.0,미상,미상,미상,미상,미상
장의장UN에서의,장의장 UN에서의,1,0,0,0,0,0.0,미상,미상,미상,미상,미상
장중령,장 중령,1,0,0,0,0,0.0,미상,미상,미상,미상,미상
재건국민운동본부장유달영,재건국민운동본부장 유달영,1,0,0,0,0,0.0,미상,미상,미상,미상,미상
재건국민운동본부차장chart에,재건국민운동본부차장 chart에,1,0,0,0,0,0.0,미상,미상,미상,미상,미상
재건국민운동본부차장열심히,재건국민운동본부차장 열심히,1,0,0,0,0,0.0,미상,미상,미상,미상,미상
재건국민운동본부차장이찬형,재건국민운동본부차장 이찬형,1,0,0,0,0,0.0,미상,미상,미상,미상,미상
재건국민운동본부차장임무에는,재건국민운동본부차장 임무에는,1,0,0,0,0,0.0,미상,미상,미상,미상,미상
재건국민운동본부차장재건국민운동시행세칙개정안.,재건국민운동본부차장 재건국민운동시행세칙개정안.,1,0,0,0,0,0.0,미상,미상,미상,미상,미상
재건국민운동본부차장종목별로,재건국민운동본부차장 종목별로,1,0,0,0,0,0.0,미상,미상,미상,미상,미상
재건국민운동본부차장추동복을,재건국민운동본부차장 추동복을,1,0,0,0,0,0.0,미상,미상,미상,미상,미상
재경김자문,재경 김자문,1,0,0,0,0,0.0,미상,미상,미상,미상,미상
재경위김용기,재경위 김용기,1,0,0,0,0,0.0,미상,미상,미상,미상,미상
재경위담당관상관을,재경위담당관 상관을,1,0,0,0,0,0.0,미상,미상,미상,미상,미상
재경위담당관원칙적인,재경위담당관 원칙적인,1,0,0,0,0,0.0,미상,미상,미상,미상,미상
재경위담당관제7조,재경위담당관 제7조,1,0,0,0,0,0.0,미상,미상,미상,미상,미상
재경위담당관제안이유,재경위담당관 제안이유,1,0,0,0,0,0.0,미상,미상,미상,미상,미상
재경위원자문50조는,재경위원자문 50조는,1,0,0,0,0,0.0,미상,미상,미상,미상,미상
재경위원자문51조의,재경위원자문 51조의,1,0,0,0,0,0.0,미상,미상,미상,미상,미상
재경위원자문전매가,재경위원자문 전매가,1,0,0,0,0,0.0,미상,미상,미상,미상,미상
재경위원자문토지수용법에,재경위원자문 토지수용법에,1,0,0,0,0,0.0,미상,미상,미상,미상,미상
재경위원장이것은,재경위원장 이것은,1,0,0,0,0,0.0,미상,미상,미상,미상,미상
재경위이정삼,재경위 이정삼,1,0,0,0,0,0.0,미상,미상,미상,미상,미상
재경위자문,재경위 자문,1,0,0,0,0,0.0,미상,미상,미상,미상,미상
재경위자문3조,재경위자문 3조,1,0,0,0,0,0.0,미상,미상,미상,미상,미상
재경위자문①,재경위자문 ①,1,0,0,0,0,0.0,미상,미상,미상,미상,미상
재경위자문가산세가,재경위자문 가산세가,1,0,0,0,0,0.0,미상,미상,미상,미상,미상
재경위자문개발회사로,재경위자문 개발회사로,1,0,0,0,0,0.0,미상,미상,미상,미상,미상
재경위자문공무원조합은,재경위자문 공무원조합은,1,0,0,0,0,0.0,미상,미상,미상,미상,미상
재경위자문기업화되기,재경위자문 기업화되기,1,0,0,0,0,0.0,미상,미상,미상,미상,미상
재경위자문생산업자는,재경위자문 생산업자는,1,0,0,0,0,0.0,미상,미상,미상,미상,미상
재경위자문위원기획위원회가,재경위자문위원 기획위원회가,1,0,0,0,0,0.0,미상,미상,미상,미상,미상
재경위자문위원탄좌,재경위자문위원 탄좌,1,0,0,0,0,0.0,미상,미상,미상,미상,미상
재경위자문이것을,재경위자문 이것을,1,0,0,0,0,0.0,미상,미상,미상,미상,미상
재경위자문전부,재경위자문 전부,1,0,0,0,0,0.0,미상,미상,미상,미상,미상
재경위자문정부안대로,재경위자문 정부안대로,1,0,0,0,0,0.0,미상,미상,미상,미상,미상
재경위자문제34조,재경위자문 제34조,1,0,0,0,0,0.0,미상,미상,미상,미상,미상
재경위자문포장을,재경위자문 포장을,1,0,0,0,0,0.0,미상,미상,미상,미상,미상
재경위자문허가제도로,재경위자문 허가제도로,1,0,0,0,0,0.0,미상,미상,미상,미상,미상
재경위자문현실적으로,재경위자문 현실적으로,1,0,0,0,0,0.0,미상,미상,미상,미상,미상
재경위전문위원신고와,재경위전문위원 신고와,1,0,0,0,0,0.0,미상,미상,미상,미상,미상
재경위하,재경위 하,1,0,0,0,0,0.0,미상,미상,미상,미상,미상
재경이정삼,재경 이정삼,1,0,0,0,0,0.0,미상,미상,미상,미상,미상
재경자문이,재경자문 이,1,0,0,0,0,0.0,미상,미상,미상,미상,미상
재경자문파산된,재경자문 파산된,1,0,0,0,0,0.0,미상,미상,미상,미상,미상
재무국장도시계획,재무국장 도시계획,1,0,0,0,0,0.0,미상,미상,미상,미상,미상
재무국장지금,재무국장 지금,1,0,0,0,0,0.0,미상,미상,미상,미상,미상
재무부관세국장개정내용을,재무부관세국장 개정내용을,1,0,0,0,0,0.0,미상,미상,미상,미상,미상
재무부국고국장운영관이란,재무부국고국장 운영관이란,1,0,0,0,0,0.0,미상,미상,미상,미상,미상
재무부국고국장최각규,재무부국고국장 최각규,1,0,0,0,0,0.0,미상,미상,미상,미상,미상
재무부기획조정관꼭,재무부기획조정관 꼭,1,0,0,0,0,0.0,미상,미상,미상,미상,미상
재무부기획조정관오늘은,재무부기획조정관 오늘은,1,0,0,0,0,0.0,미상,미상,미상,미상,미상
재무부담당관7가지가,재무부담당관 7가지가,1,0,0,0,0,0.0,미상,미상,미상,미상,미상
재무부담당관그것은,재무부담당관 그것은,1,0,0,0,0,0.0,미상,미상,미상,미상,미상
재무부담당관그러니까,재무부담당관 그러니까,1,0,0,0,0,0.0,미상,미상,미상,미상,미상
재무부담당관길을,재무부담당관 길을,1,0,0,0,0,0.0,미상,미상,미상,미상,미상
재무부담당관불편하지,재무부담당관 불편하지,1,0,0,0,0,0.0,미상,미상,미상,미상,미상
재무부담당관앞으로,재무부담당관 앞으로,1,0,0,0,0,0.0,미상,미상,미상,미상,미상
재무부담당관외국환은행이,재무부담당관 외국환은행이,1,0,0,0,0,0.0,미상,미상,미상,미상,미상
재무부담당관위반행위가,재무부담당관 위반행위가,1,0,0,0,0,0.0,미상,미상,미상,미상,미상
재무부담당관제34조의,재무부담당관 제34조의,1,0,0,0,0,0.0,미상,미상,미상,미상,미상
재무부리재국장구법정리임.,재무부리재국장 구법정리임.,1,0,0,0,0,0.0,미상,미상,미상,미상,미상
재무부보험과장당초에는,재무부보험과장 당초에는,1,0,0,0,0,0.0,미상,미상,미상,미상,미상
재무부보험과장저희도,재무부보험과장 저희도,1,0,0,0,0,0.0,미상,미상,미상,미상,미상
재무부사게국장김동수,재무부사게국장 김동수,1,0,0,0,0,0.0,미상,미상,미상,미상,미상
재무부세관국장신관섭,재무부세관국장 신관섭,1,0,0,0,0,0.0,미상,미상,미상,미상,미상
재무부세정차관보이것은,재무부세정차관보 이것은,1,0,0,0,0,0.0,미상,미상,미상,미상,미상
재무부세제국장한,재무부세제국장 한,1,0,0,0,0,0.0,미상,미상,미상,미상,미상
재무부예산국장구법정리임.,재무부예산국장 구법정리임.,1,0,0,0,0,0.0,미상,미상,미상,미상,미상
재무부외환국외환과장박상우,재무부외환국외환과장 박상우,1,0,0,0,0,0.0,미상,미상,미상,미상,미상
재무부외환국장홍승환,재무부외환국장 홍승환,1,0,0,0,0,0.0,미상,미상,미상,미상,미상
재무부이재국보험과장조일환,재무부이재국보험과장 조일환,1,0,0,0,0,0.0,신민당,"경북 대구시,북,서구",남,4선,지역구
재무부이재국장과거에는,재무부이재국장 과거에는,1,0,0,0,0,0.0,미상,미상,미상,미상,미상
재무부이재국장목적.,재무부이재국장 목적.,1,0,0,0,0,0.0,미상,미상,미상,미상,미상
재무부이재국장민영훈,재무부이재국장 민영훈,1,0,0,0,0,0.0,미상,미상,미상,미상,미상
재무부이재국장보증보험공사의,재무부이재국장 보증보험공사의,1,0,0,0,0,0.0,미상,미상,미상,미상,미상
재무부이재국장실무자의,재무부이재국장 실무자의,1,0,0,0,0,0.0,미상,미상,미상,미상,미상
재무부이재국장제안이유,재무부이재국장 제안이유,1,0,0,0,0,0.0,미상,미상,미상,미상,미상
재무부이재국장특히,재무부이재국장 특히,1,0,0,0,0,0.0,미상,미상,미상,미상,미상
재무부이재국증권과장공식적인,재무부이재국증권과장 공식적인,1,0,0,0,0,0.0,미상,미상,미상,미상,미상
재무부이재국증권과장먼저,재무부이재국증권과장 먼저,1,0,0,0,0,0.0,미상,미상,미상,미상,미상
재무부이재국증권과장청산거래에,재무부이재국증권과장 청산거래에,1,0,0,0,0,0.0,미상,미상,미상,미상,미상
재무부장관,재무부장관,1,0,0,0,0,0.0,미상,미상,미상,미상,미상
재무부장관3항이,재무부장관 3항이,1,0,0,0,0,0.0,미상,미상,미상,미상,미상
재무부장관5·16혁명,재무부장관 5·16혁명,1,0,0,0,0,0.0,미상,미상,미상,미상,미상
재무부장관UN군,재무부장관 UN군,1,0,0,0,0,0.0,미상,미상,미상,미상,미상
재무부장관공약한,재무부장관 공약한,1,0,0,0,0,0.0,미상,미상,미상,미상,미상
재무부장관과거에,재무부장관 과거에,1,0,0,0,0,0.0,미상,미상,미상,미상,미상
재무부장관과거에는,재무부장관 과거에는,1,0,0,0,0,0.0,미상,미상,미상,미상,미상
재무부장관구태여,재무부장관 구태여,1,0,0,0,0,0.0,미상,미상,미상,미상,미상
재무부장관농림부에서도,재무부장관 농림부에서도,1,0,0,0,0,0.0,미상,미상,미상,미상,미상
재무부장관대충자금,재무부장관 대충자금,1,0,0,0,0,0.0,미상,미상,미상,미상,미상
재무부장관모든,재무부장관 모든,1,0,0,0,0,0.0,미상,미상,미상,미상,미상
"재무부장관목적,","재무부장관 목적,",1,0,0,0,0,0.0,미상,미상,미상,미상,미상
재무부장관민영훈,재무부장관 민영훈,1,0,0,0,0,0.0,미상,미상,미상,미상,미상
재무부장관법을,재무부장관 법을,1,0,0,0,0,0.0,미상,미상,미상,미상,미상
재무부장관법의,재무부장관 법의,1,0,0,0,0,0.0,미상,미상,미상,미상,미상
재무부장관보험회사에,재무부장관 보험회사에,1,0,0,0,0,0.0,미상,미상,미상,미상,미상
재무부장관부정축재처리자금,재무부장관 부정축재처리자금,1,0,0,0,0,0.0,미상,미상,미상,미상,미상
재무부장관사실상,재무부장관 사실상,1,0,0,0,0,0.0,미상,미상,미상,미상,미상
재무부장관사전에,재무부장관 사전에,1,0,0,0,0,0.0,미상,미상,미상,미상,미상
재무부장관삭제해도,재무부장관 삭제해도,1,0,0,0,0,0.0,미상,미상,미상,미상,미상
재무부장관상공부에서,재무부장관 상공부에서,1,0,0,0,0,0.0,미상,미상,미상,미상,미상
재무부장관서리서봉균,재무부장관서리 서봉균,1,0,0,0,0,0.0,미상,미상,미상,미상,미상
재무부장관세무사법안이,재무부장관 세무사법안이,1,0,0,0,0,0.0,미상,미상,미상,미상,미상
재무부장관세무행정의,재무부장관 세무행정의,1,0,0,0,0,0.0,미상,미상,미상,미상,미상
재무부장관세율이,재무부장관 세율이,1,0,0,0,0,0.0,미상,미상,미상,미상,미상
재무부장관수정안에,재무부장관 수정안에,1,0,0,0,0,0.0,미상,미상,미상,미상,미상
재무부장관실질적으로,재무부장관 실질적으로,1,0,0,0,0,0.0,미상,미상,미상,미상,미상
재무부장관심계원,재무부장관 심계원,1,0,0,0,0,0.0,미상,미상,미상,미상,미상
재무부장관연수표,재무부장관 연수표,1,0,0,0,0,0.0,미상,미상,미상,미상,미상
재무부장관예금을,재무부장관 예금을,1,0,0,0,0,0.0,미상,미상,미상,미상,미상
재무부장관예산회계법이,재무부장관 예산회계법이,1,0,0,0,0,0.0,미상,미상,미상,미상,미상
재무부장관외자도입심의위원회에서는,재무부장관 외자도입심의위원회에서는,1,0,0,0,0,0.0,미상,미상,미상,미상,미상
재무부장관외자로,재무부장관 외자로,1,0,0,0,0,0.0,미상,미상,미상,미상,미상
재무부장관외환수급계획,재무부장관 외환수급계획,1,0,0,0,0,0.0,미상,미상,미상,미상,미상
재무부장관요는,재무부장관 요는,1,0,0,0,0,0.0,미상,미상,미상,미상,미상
재무부장관은전에,재무부장관 은전에,1,0,0,0,0,0.0,미상,미상,미상,미상,미상
재무부장관은행주중,재무부장관 은행주중,1,0,0,0,0,0.0,미상,미상,미상,미상,미상
재무부장관일률적으로,재무부장관 일률적으로,1,0,0,0,0,0.0,미상,미상,미상,미상,미상
재무부장관임시적인,재무부장관 임시적인,1,0,0,0,0,0.0,미상,미상,미상,미상,미상
재무부장관잘,재무부장관 잘,1,0,0,0,0,0.0,미상,미상,미상,미상,미상
재무부장관재정,재무부장관 재정,1,0,0,0,0,0.0,미상,미상,미상,미상,미상
재무부장관전체적으로,재무부장관 전체적으로,1,0,0,0,0,0.0,미상,미상,미상,미상,미상
재무부장관정부,재무부장관 정부,1,0,0,0,0,0.0,미상,미상,미상,미상,미상
재무부장관정부안은,재무부장관 정부안은,1,0,0,0,0,0.0,미상,미상,미상,미상,미상
재무부장관정부에,재무부장관 정부에,1,0,0,0,0,0.0,미상,미상,미상,미상,미상
재무부장관정부에게,재무부장관 정부에게,1,0,0,0,0,0.0,미상,미상,미상,미상,미상
재무부장관조문,재무부장관 조문,1,0,0,0,0,0.0,미상,미상,미상,미상,미상
재무부장관주는,재무부장관 주는,1,0,0,0,0,0.0,미상,미상,미상,미상,미상
재무부장관주식회사의,재무부장관 주식회사의,1,0,0,0,0,0.0,미상,미상,미상,미상,미상
재무부장관중소기업은행의,재무부장관 중소기업은행의,1,0,0,0,0,0.0,미상,미상,미상,미상,미상
재무부장관중앙은행과의,재무부장관 중앙은행과의,1,0,0,0,0,0.0,미상,미상,미상,미상,미상
재무부장관지금,재무부장관 지금,1,0,0,0,0,0.0,미상,미상,미상,미상,미상
재무부장관최고회의에서,재무부장관 최고회의에서,1,0,0,0,0,0.0,미상,미상,미상,미상,미상
재무부장관해,재무부장관 해,1,0,0,0,0,0.0,미상,미상,미상,미상,미상
재무부장관현실적으로,재무부장관 현실적으로,1,0,0,0,0,0.0,미상,미상,미상,미상,미상
재무부장관현재,재무부장관 현재,1,0,0,0,0,0.0,미상,미상,미상,미상,미상
재무부장관형사소송법에,재무부장관 형사소송법에,1,0,0,0,0,0.0,미상,미상,미상,미상,미상
재무부장관혼란을,재무부장관 혼란을,1,0,0,0,0,0.0,미상,미상,미상,미상,미상
재무부재정차관보2500만,재무부재정차관보 2500만,1,0,0,0,0,0.0,미상,미상,미상,미상,미상
재무부준비를,재무부 준비를,1,0,0,0,0,0.0,미상,미상,미상,미상,미상
재무부차관경미한,재무부차관 경미한,1,0,0,0,0,0.0,미상,미상,미상,미상,미상
재무부차관계약과,재무부차관 계약과,1,0,0,0,0,0.0,미상,미상,미상,미상,미상
재무부차관공공단체,재무부차관 공공단체,1,0,0,0,0,0.0,미상,미상,미상,미상,미상
재무부차관과거에,재무부차관 과거에,1,0,0,0,0,0.0,미상,미상,미상,미상,미상
재무부차관구법,재무부차관 구법,1,0,0,0,0,0.0,미상,미상,미상,미상,미상
재무부차관구체적인,재무부차관 구체적인,1,0,0,0,0,0.0,미상,미상,미상,미상,미상
재무부차관국민저축운동을,재무부차관 국민저축운동을,1,0,0,0,0,0.0,미상,미상,미상,미상,미상
재무부차관귀속재산처리법이,재무부차관 귀속재산처리법이,1,0,0,0,0,0.0,미상,미상,미상,미상,미상
재무부차관귀속재산처리법중,재무부차관 귀속재산처리법중,1,0,0,0,0,0.0,미상,미상,미상,미상,미상
재무부차관그렇습니다.,재무부차관 그렇습니다.,1,0,0,0,0,0.0,미상,미상,미상,미상,미상
재무부차관금통위원회의,재무부차관 금통위원회의,1,0,0,0,0,0.0,미상,미상,미상,미상,미상
재무부차관대안낭독.,재무부차관 대안낭독.,1,0,0,0,0,0.0,미상,미상,미상,미상,미상
재무부차관물론,재무부차관 물론,1,0,0,0,0,0.0,미상,미상,미상,미상,미상
재무부차관본,재무부차관 본,1,0,0,0,0,0.0,미상,미상,미상,미상,미상
재무부차관비료의,재무부차관 비료의,1,0,0,0,0,0.0,미상,미상,미상,미상,미상
재무부차관예산과는,재무부차관 예산과는,1,0,0,0,0,0.0,미상,미상,미상,미상,미상
재무부차관외국의,재무부차관 외국의,1,0,0,0,0,0.0,미상,미상,미상,미상,미상
재무부차관위원회를,재무부차관 위원회를,1,0,0,0,0,0.0,미상,미상,미상,미상,미상
재무부차관의결,재무부차관 의결,1,0,0,0,0,0.0,미상,미상,미상,미상,미상
재무부차관재무부장관은,재무부차관 재무부장관은,1,0,0,0,0,0.0,미상,미상,미상,미상,미상
재무부차관저축기관을,재무부차관 저축기관을,1,0,0,0,0,0.0,미상,미상,미상,미상,미상
재무부차관전체,재무부차관 전체,1,0,0,0,0,0.0,미상,미상,미상,미상,미상
재무부차관제안이유.,재무부차관 제안이유.,1,0,0,0,0,0.0,미상,미상,미상,미상,미상
재무부차관총,재무부차관 총,1,0,0,0,0,0.0,미상,미상,미상,미상,미상
재무부차관최고회의에,재무부차관 최고회의에,1,0,0,0,0,0.0,미상,미상,미상,미상,미상
재무부차관특히,재무부차관 특히,1,0,0,0,0,0.0,미상,미상,미상,미상,미상
재무위원장대리김현기,재무위원장대리 김현기,1,0,0,0,0,0.0,신민당,"전북 이리시,익산군",남,4선,지역구
재무장관개정골자를,재무장관 개정골자를,1,0,0,0,0,0.0,미상,미상,미상,미상,미상
재무장관국민은행에,재무장관 국민은행에,1,0,0,0,0,0.0,미상,미상,미상,미상,미상
재무장관외국환은행은,재무장관 외국환은행은,1,0,0,0,0,0.0,미상,미상,미상,미상,미상
재무장관저는,재무장관 저는,1,0,0,0,0,0.0,미상,미상,미상,미상,미상
재무장관정부,재무장관 정부,1,0,0,0,0,0.0,미상,미상,미상,미상,미상
재무장관정책적인,재무장관 정책적인,1,0,0,0,0,0.0,미상,미상,미상,미상,미상
재무장관제안이유,재무장관 제안이유,1,0,0,0,0,0.0,미상,미상,미상,미상,미상
재무장관차입할,재무장관 차입할,1,0,0,0,0,0.0,미상,미상,미상,미상,미상
재무차관재정법,재무차관 재정법,1,0,0,0,0,0.0,미상,미상,미상,미상,미상
재무차관처음,재무차관 처음,1,0,0,0,0,0.0,미상,미상,미상,미상,미상
전기국장불화는,전기국장 불화는,1,0,0,0,0,0.0,미상,미상,미상,미상,미상
"전기시설915,000","전기시설 915,000",1,0,0,0,0,0.0,미상,미상,미상,미상,미상
전기통승연구소소장신용철,전기통승연구소소장 신용철,1,0,0,0,0,0.0,미상,미상,미상,미상,미상
전남대학교대학원장이진기,전남대학교대학원장 이진기,1,0,0,0,0,0.0,미상,미상,미상,미상,미상
전라남도건설국장이관용,전라남도건설국장 이관용,1,0,0,0,0,0.0,미상,미상,미상,미상,미상
전라남도농촌진흥원시험과장김일해,전라남도농촌진흥원시험과장 김일해,1,0,0,0,0,0.0,미상,미상,미상,미상,미상
전라남도농촌진흥원장김만수,전라남도농촌진흥원장 김만수,1,0,0,0,0,0.0,미상,미상,미상,미상,미상
전라남도농촌진흥원장이종린,전라남도농촌진흥원장 이종린,1,0,0,0,0,0.0,미상,미상,미상,미상,미상
전라남도농촌진흥원지도과장한용희,전라남도농촌진흥원지도과장 한용희,1,0,0,0,0,0.0,미상,미상,미상,미상,미상
전라남도보건사회국장염동찬,전라남도보건사회국장 염동찬,1,0,0,0,0,0.0,미상,미상,미상,미상,미상
전라남도보건사회국장이복양,전라남도보건사회국장 이복양,1,0,0,0,0,0.0,미상,미상,미상,미상,미상
전라남도부지사김덕엽,전라남도부지사 김덕엽,1,0,0,0,0,0.0,미상,미상,미상,미상,미상
전라남도수산국장제가,전라남도수산국장 제가,1,0,0,0,0,0.0,미상,미상,미상,미상,미상
전라남도호남국토건설국장조남철,전라남도호남국토건설국장 조남철,1,0,0,0,0,0.0,민주공화당,미상,남,초선,전국구
전매청기획관리관그,전매청기획관리관 그,1,0,0,0,0,0.0,미상,미상,미상,미상,미상
전매청기획관리관실예산계장백찬기,전매청기획관리관실예산계장 백찬기,1,0,0,0,0,0.0,미상,미상,미상,미상,미상
전매청기획관리관최지주,전매청기획관리관 최지주,1,0,0,0,0,0.0,미상,미상,미상,미상,미상
전매청기획관리실장류홍탁,전매청기획관리실장 류홍탁,1,0,0,0,0,0.0,신민당,미상,남,3선,전국구
전매청업무과장최기열,전매청업무과장 최기열,1,0,0,0,0,0.0,미상,미상,미상,미상,미상
전매청업무국장본청에서,전매청업무국장 본청에서,1,0,0,0,0,0.0,미상,미상,미상,미상,미상
전매청업무국장항목,전매청업무국장 항목,1,0,0,0,0,0.0,미상,미상,미상,미상,미상
전매청장백경복,전매청장 백경복,1,0,0,0,0,0.0,미상,미상,미상,미상,미상
전매청장제안이유,전매청장 제안이유,1,0,0,0,0,0.0,미상,미상,미상,미상,미상
전매청차장69년도에는,전매청차장 69년도에는,1,0,0,0,0,0.0,미상,미상,미상,미상,미상
전매청차장그래서,전매청차장 그래서,1,0,0,0,0,0.0,미상,미상,미상,미상,미상
전매청차장노후기계,전매청차장 노후기계,1,0,0,0,0,0.0,미상,미상,미상,미상,미상
전매청차장아까,전매청차장 아까,1,0,0,0,0,0.0,미상,미상,미상,미상,미상
전매청차장예.,전매청차장 예.,1,0,0,0,0,0.0,미상,미상,미상,미상,미상
전매청차장정재철,전매청차장 정재철,1,0,0,0,0,0.0,미상,미상,미상,미상,미상
전문교부장관고광만,전문교부장관 고광만,1,0,0,0,0,0.0,미상,미상,미상,미상,미상
전문교부차관최형규,전문교부차관 최형규,1,0,0,0,0,0.0,미상,미상,미상,미상,미상
전문위원김종수,전문위원 김종수,1,0,0,0,0,0.0,미상,미상,미상,미상,미상
전문위원남정한,전문위원 남정한,1,0,0,0,0,0.0,미상,미상,미상,미상,미상
전문위원박경도,전문위원 박경도,1,0,0,0,0,0.0,미상,미상,미상,미상,미상
전문위원소득세가,전문위원 소득세가,1,0,0,0,0,0.0,미상,미상,미상,미상,미상
전문위원심사의,전문위원 심사의,1,0,0,0,0,0.0,미상,미상,미상,미상,미상
전문위원예.,전문위원 예.,1,0,0,0,0,0.0,미상,미상,미상,미상,미상
전문위원오정식,전문위원 오정식,1,0,0,0,0,0.0,미상,미상,미상,미상,미상
전문위원이정삼,전문위원 이정삼,1,0,0,0,0,0.0,미상,미상,미상,미상,미상
전문위원전성진,전문위원 전성진,1,0,0,0,0,0.0,미상,미상,미상,미상,미상
전문위원주문옥,전문위원 주문옥,1,0,0,0,0,0.0,미상,미상,미상,미상,미상
전문위원하형모,전문위원 하형모,1,0,0,0,0,0.0,미상,미상,미상,미상,미상
전문위원한병일,전문위원 한병일,1,0,0,0,0,0.0,미상,미상,미상,미상,미상
전북대학교도서관장박은규,전북대학교도서관장 박은규,1,0,0,0,0,0.0,미상,미상,미상,미상,미상
전북대학교사무국장송종전,전북대학교사무국장 송종전,1,0,0,0,0,0.0,미상,미상,미상,미상,미상
전위원,전 위원,1,0,0,0,0,0.0,미상,미상,미상,미상,미상
전진한(위원아닌,전진한(위원 아닌,1,0,0,0,0,0.0,신민당,서울 종로구,남,5선,지역구
전태근중령,전태근 중령,1,0,0,0,0,0.0,미상,미상,미상,미상,미상
전해군참모총장함명수,전해군참모총장 함명수,1,0,0,0,0,0.0,미상,미상,미상,미상,미상
전해병대사령관공정식,전해병대사령관 공정식,1,0,0,0,0,0.0,미상,미상,미상,미상,미상
접수된서한,접수된 서한,1,0,0,0,0,0.0,미상,미상,미상,미상,미상
정기봉대령,정기봉 대령,1,0,0,0,0,0.0,미상,미상,미상,미상,미상
정무국장신문에,정무국장 신문에,1,0,0,0,0,0.0,미상,미상,미상,미상,미상
정무국장이미,정무국장 이미,1,0,0,0,0,0.0,미상,미상,미상,미상,미상
정무국장지지는,정무국장 지지는,1,0,0,0,0,0.0,미상,미상,미상,미상,미상
정무국장해외,정무국장 해외,1,0,0,0,0,0.0,미상,미상,미상,미상,미상
정범보구체적,정범보 구체적,1,0,0,0,0,0.0,미상,미상,미상,미상,미상
정범보그러한,정범보 그러한,1,0,0,0,0,0.0,미상,미상,미상,미상,미상
정범보사회정의감의,정범보 사회정의감의,1,0,0,0,0,0.0,미상,미상,미상,미상,미상
정부보도,정부 보도,1,0,0,0,0,0.0,미상,미상,미상,미상,미상
정부측참석자,정부측 참석자,1,0,0,0,0,0.0,미상,미상,미상,미상,미상
정제봉제안이유,정제봉 제안이유,1,0,0,0,0,0.0,미상,미상,미상,미상,미상
정치테러사건진상조사특별위원장김봉환,정치테러사건진상조사특별위원장 김봉환,1,0,0,0,0,0.0,민주공화당,"경북 군위,선산",남,4선,지역구
제1감사반장이석제,제1감사반장 이석제,1,0,0,0,0,0.0,미상,미상,미상,미상,미상
제1국장10월,제1국장 10월,1,0,0,0,0,0.0,미상,미상,미상,미상,미상
제1국장계약상황,제1국장 계약상황,1,0,0,0,0,0.0,미상,미상,미상,미상,미상
제1국장기채내용,제1국장 기채내용,1,0,0,0,0,0.0,미상,미상,미상,미상,미상
제1국장보고,제1국장 보고,1,0,0,0,0,0.0,미상,미상,미상,미상,미상
제1국장시에서는,제1국장 시에서는,1,0,0,0,0,0.0,미상,미상,미상,미상,미상
제1국장시정사항,제1국장 시정사항,1,0,0,0,0,0.0,미상,미상,미상,미상,미상
제1국장인허,제1국장 인허,1,0,0,0,0,0.0,미상,미상,미상,미상,미상
제1국장재산내용,제1국장 재산내용,1,0,0,0,0,0.0,미상,미상,미상,미상,미상
제1국장제1차는,제1국장 제1차는,1,0,0,0,0,0.0,미상,미상,미상,미상,미상
제1무임소장관김용태,제1무임소장관 김용태,1,0,0,0,0,0.0,민주공화당,충남 대전시,남,5선,지역구
제1무임소장관신형식,제1무임소장관 신형식,1,0,0,0,0,0.0,민주공화당,"전남 고흥,보성",남,4선,지역구
제1무임소장관장경순,제1무임소장관 장경순,1,0,0,0,0,0.0,민주공화당,"전북 정읍시,김제군",남,5선,지역구
제1변호사협회15명으로,제1변호사협회 15명으로,1,0,0,0,0,0.0,미상,미상,미상,미상,미상
제1변호사협회적어도,제1변호사협회 적어도,1,0,0,0,0,0.0,미상,미상,미상,미상,미상
제1변호사협회해방후,제1변호사협회 해방후,1,0,0,0,0,0.0,미상,미상,미상,미상,미상
제1심사소위원장이영진,제1심사소위원장 이영진,1,0,0,0,0,0.0,민주공화당,충남 아산,남,초선,지역구
제2감사반장조시형,제2감사반장 조시형,1,0,0,0,0,0.0,미상,미상,미상,미상,미상
제2군단참모장김덕모,제2군단참모장 김덕모,1,0,0,0,0,0.0,미상,미상,미상,미상,미상
제2군사령부헌병참모강상희,제2군사령부헌병참모 강상희,1,0,0,0,0,0.0,미상,미상,미상,미상,미상
제2무임소장관민병권,제2무임소장관 민병권,1,0,0,0,0,0.0,유신정우회,미상,남,4선,통일주체국민회의
제2소위원장한상준,제2소위원장 한상준,1,0,0,0,0,0.0,민주공화당,"전북 임실군,순창군",남,3선,지역구
제3감사반장김동하,제3감사반장 김동하,1,0,0,0,0,0.0,미상,미상,미상,미상,미상
제3비사장김창규,제3비사장 김창규,1,0,0,0,0,0.0,미상,미상,미상,미상,미상
제4비사장,제4비사장,1,0,0,0,0,0.0,미상,미상,미상,미상,미상
제4비사장최종결정권은,제4비사장 최종결정권은,1,0,0,0,0,0.0,미상,미상,미상,미상,미상
제5감사반장김윤근,제5감사반장 김윤근,1,0,0,0,0,0.0,미상,미상,미상,미상,미상
제6감사반장김용순,제6감사반장 김용순,1,0,0,0,0,0.0,미상,미상,미상,미상,미상
제주도농업진흥공사지사장강창희,제주도농업진흥공사지사장 강창희,1,0,0,0,0,0.0,미상,미상,미상,미상,미상
제주도지사·제주농촌진흥원장·농협제주지부장·수협제주지부장·산련제주지부장(선,제주도지사·제주농촌진흥원장·농협제주지부장·수협제주지부장·산련제주지부장 (선,1,0,0,0,0,0.0,미상,미상,미상,미상,미상
제탄공장유지비,제탄공장유지비,1,0,0,0,0,0.0,미상,미상,미상,미상,미상
제탄기(14대),제탄기(14대),1,0,0,0,0,0.0,미상,미상,미상,미상,미상
제탄기공비,제탄기공비,1,0,0,0,0,0.0,미상,미상,미상,미상,미상
조달청기획관리관허흠,조달청기획관리관 허흠,1,0,0,0,0,0.0,미상,미상,미상,미상,미상
조달청장1.,조달청장 1.,1,0,0,0,0,0.0,미상,미상,미상,미상,미상
조달청장금년도,조달청장 금년도,1,0,0,0,0,0.0,미상,미상,미상,미상,미상
조달청장작년,조달청장 작년,1,0,0,0,0,0.0,미상,미상,미상,미상,미상
조병일개정사항,조병일 개정사항,1,0,0,0,0,0.0,미상,미상,미상,미상,미상
조병일군인으로서,조병일 군인으로서,1,0,0,0,0,0.0,미상,미상,미상,미상,미상
조병일재래법을,조병일 재래법을,1,0,0,0,0,0.0,미상,미상,미상,미상,미상
조병일현재,조병일 현재,1,0,0,0,0,0.0,미상,미상,미상,미상,미상
조봉식의장각하,조봉식 의장각하,1,0,0,0,0,0.0,미상,미상,미상,미상,미상
조봉식조약과장의,조봉식 조약과장의,1,0,0,0,0,0.0,미상,미상,미상,미상,미상
조봉식주불대사,조봉식 주불대사,1,0,0,0,0,0.0,미상,미상,미상,미상,미상
조선공사전무김규성,조선공사전무 김규성,1,0,0,0,0,0.0,미상,미상,미상,미상,미상
조시형·손창규위원,조시형·손창규 위원,1,0,0,0,0,0.0,미상,미상,미상,미상,미상
조시형선서문,조시형 선서문,1,0,0,0,0,0.0,미상,미상,미상,미상,미상
조시형의원,조시형 의원,1,0,0,0,0,0.0,미상,미상,미상,미상,미상
조약과장외무부에서는,조약과장 외무부에서는,1,0,0,0,0,0.0,미상,미상,미상,미상,미상
조약과장제안이유,조약과장 제안이유,1,0,0,0,0,0.0,미상,미상,미상,미상,미상
조정관법률이,조정관 법률이,1,0,0,0,0,0.0,미상,미상,미상,미상,미상
조정관업자들은,조정관 업자들은,1,0,0,0,0,0.0,미상,미상,미상,미상,미상
종합경제국장ICA불,종합경제국장 ICA불,1,0,0,0,0,0.0,미상,미상,미상,미상,미상
종합경제국장조치하겠음.,종합경제국장 조치하겠음.,1,0,0,0,0,0.0,미상,미상,미상,미상,미상
종합경제심의위원회김교식,종합경제심의위원회 김교식,1,0,0,0,0,0.0,미상,미상,미상,미상,미상
종합경제심의위원회자문주,종합경제심의위원회자문 주,1,0,0,0,0,0.0,미상,미상,미상,미상,미상
종합계획국장김종대,종합계획국장 김종대,1,0,0,0,0,0.0,미상,미상,미상,미상,미상
주벨기에대사문덕주,주벨기에대사 문덕주,1,0,0,0,0,0.0,미상,미상,미상,미상,미상
주브라질대사장창국,주브라질대사 장창국,1,0,0,0,0,0.0,미상,미상,미상,미상,미상
주사김상윤,주사 김상윤,1,0,0,0,0,0.0,미상,미상,미상,미상,미상
주사이남,주사 이남,1,0,0,0,0,0.0,미상,미상,미상,미상,미상
주사이의영,주사 이의영,1,0,0,0,0,0.0,미상,미상,미상,미상,미상
주서독대사김영주,주서독대사 김영주,1,0,0,0,0,0.0,미상,미상,미상,미상,미상
주세과장조동준,주세과장 조동준,1,0,0,0,0,0.0,미상,미상,미상,미상,미상
주월한국군사령관채명신,주월한국군사령관 채명신,1,0,0,0,0,0.0,미상,미상,미상,미상,미상
주제네바공사정일영,주제네바공사 정일영,1,0,0,0,0,0.0,미상,미상,미상,미상,미상
주케니야대사임윤영,주케니야대사 임윤영,1,0,0,0,0,0.0,미상,미상,미상,미상,미상
중부체신청우정과장길형준,중부체신청우정과장 길형준,1,0,0,0,0,0.0,미상,미상,미상,미상,미상
중소기업은행기획관리실장박태규,중소기업은행기획관리실장 박태규,1,0,0,0,0,0.0,미상,미상,미상,미상,미상
중소기업은행기획실장박대규,중소기업은행기획실장 박대규,1,0,0,0,0,0.0,미상,미상,미상,미상,미상
중앙공보관,중앙공보관,1,0,0,0,0,0.0,미상,미상,미상,미상,미상
중앙방송국,중앙방송국,1,0,0,0,0,0.0,미상,미상,미상,미상,미상
중앙선거관리위원회사무차장김영철,중앙선거관리위원회사무차장 김영철,1,0,0,0,0,0.0,미상,미상,미상,미상,미상
중앙수산물검사소장김응선,중앙수산물검사소장 김응선,1,0,0,0,0,0.0,미상,미상,미상,미상,미상
중앙수산물검사소장직무대리송주인,중앙수산물검사소장직무대리 송주인,1,0,0,0,0,0.0,미상,미상,미상,미상,미상
중앙수산물검사소주문진지소장김용원,중앙수산물검사소주문진지소장 김용원,1,0,0,0,0,0.0,미상,미상,미상,미상,미상
중앙연구소소장여기에,중앙연구소소장 여기에,1,0,0,0,0,0.0,미상,미상,미상,미상,미상
중앙정보부기획통제관강신탁,중앙정보부기획통제관 강신탁,1,0,0,0,0,0.0,미상,미상,미상,미상,미상
중앙정보부김성권소령,중앙정보부 김성권소령,1,0,0,0,0,0.0,미상,미상,미상,미상,미상
중앙정보부담당관슬라이드에,중앙정보부담당관 슬라이드에,1,0,0,0,0,0.0,미상,미상,미상,미상,미상
중앙정보부장(제안설명),중앙정보부장 (제안설명),1,0,0,0,0,0.0,미상,미상,미상,미상,미상
중앙정보부장방첩부대는,중앙정보부장 방첩부대는,1,0,0,0,0,0.0,미상,미상,미상,미상,미상
중앙정보부차장이치열,중앙정보부차장 이치열,1,0,0,0,0,0.0,미상,미상,미상,미상,미상
중앙정보부행정차장개정내용,중앙정보부행정차장 개정내용,1,0,0,0,0,0.0,미상,미상,미상,미상,미상
중앙정보부행정차장이것이,중앙정보부행정차장 이것이,1,0,0,0,0,0.0,미상,미상,미상,미상,미상
중앙정보부행정차장정보·수사요원에,중앙정보부행정차장 정보·수사요원에,1,0,0,0,0,0.0,미상,미상,미상,미상,미상
중앙제1감사반장이석제,중앙제1감사반장 이석제,1,0,0,0,0,0.0,미상,미상,미상,미상,미상
중앙제2감사반장조시형,중앙제2감사반장 조시형,1,0,0,0,0,0.0,미상,미상,미상,미상,미상
중앙제3반장유원식,중앙제3반장 유원식,1,0,0,0,0,0.0,미상,미상,미상,미상,미상
중앙제4감사반장김동하,중앙제4감사반장 김동하,1,0,0,0,0,0.0,미상,미상,미상,미상,미상
중앙제5감사반장김윤근,중앙제5감사반장 김윤근,1,0,0,0,0,0.0,미상,미상,미상,미상,미상
중앙제6감사반장손창규,중앙제6감사반장 손창규,1,0,0,0,0,0.0,미상,미상,미상,미상,미상
중앙종합직업학교교무과장그것은,중앙종합직업학교교무과장 그것은,1,0,0,0,0,0.0,미상,미상,미상,미상,미상
중앙종합직업학교교무과장우리,중앙종합직업학교교무과장 우리,1,0,0,0,0,0.0,미상,미상,미상,미상,미상
증인이정환,증인 이정환,1,0,0,0,0,0.0,미상,미상,미상,미상,미상
증인이종윤,증인 이종윤,1,0,0,0,0,0.0,미상,미상,미상,미상,미상
지방국장140명의,지방국장 140명의,1,0,0,0,0,0.0,미상,미상,미상,미상,미상
지방국장1억환이,지방국장 1억환이,1,0,0,0,0,0.0,미상,미상,미상,미상,미상
지방국장각령상에,지방국장 각령상에,1,0,0,0,0,0.0,미상,미상,미상,미상,미상
지방국장기준액을,지방국장 기준액을,1,0,0,0,0,0.0,미상,미상,미상,미상,미상
지방국장동회나,지방국장 동회나,1,0,0,0,0,0.0,미상,미상,미상,미상,미상
지방국장등록표,지방국장 등록표,1,0,0,0,0,0.0,미상,미상,미상,미상,미상
지방국장자동차세는,지방국장 자동차세는,1,0,0,0,0,0.0,미상,미상,미상,미상,미상
지방국장허위사항을,지방국장 허위사항을,1,0,0,0,0,0.0,미상,미상,미상,미상,미상
지방방송국,지방방송국,1,0,0,0,0,0.0,미상,미상,미상,미상,미상
지방법원장3주일,지방법원장 3주일,1,0,0,0,0,0.0,미상,미상,미상,미상,미상
지방법원장국정감사,지방법원장 국정감사,1,0,0,0,0,0.0,미상,미상,미상,미상,미상
지방법원장마약사범,지방법원장 마약사범,1,0,0,0,0,0.0,미상,미상,미상,미상,미상
지방법원장법원제도로서는,지방법원장 법원제도로서는,1,0,0,0,0,0.0,미상,미상,미상,미상,미상
지방법원장법을,지방법원장 법을,1,0,0,0,0,0.0,미상,미상,미상,미상,미상
지방법원장폭력배인,지방법원장 폭력배인,1,0,0,0,0,0.0,미상,미상,미상,미상,미상
지방제10반장강상욱,지방제10반장 강상욱,1,0,0,0,0,0.0,미상,미상,미상,미상,미상
지방제1반장조시형,지방제1반장 조시형,1,0,0,0,0,0.0,미상,미상,미상,미상,미상
지방제2반장정세웅,지방제2반장 정세웅,1,0,0,0,0,0.0,미상,미상,미상,미상,미상
지방제3반장유원식,지방제3반장 유원식,1,0,0,0,0,0.0,미상,미상,미상,미상,미상
지방제4반장김형욱,지방제4반장 김형욱,1,0,0,0,0,0.0,미상,미상,미상,미상,미상
지방제5반장손창규,지방제5반장 손창규,1,0,0,0,0,0.0,미상,미상,미상,미상,미상
지방제6반장김윤근,지방제6반장 김윤근,1,0,0,0,0,0.0,미상,미상,미상,미상,미상
지방제7반장이석제,지방제7반장 이석제,1,0,0,0,0,0.0,미상,미상,미상,미상,미상
지방제8반장김동하,지방제8반장 김동하,1,0,0,0,0,0.0,미상,미상,미상,미상,미상
지방제9반장유병현,지방제9반장 유병현,1,0,0,0,0,0.0,미상,미상,미상,미상,미상
지질연구소탄광부장조국현,지질연구소탄광부장 조국현,1,0,0,0,0,0.0,미상,미상,미상,미상,미상
지청장금년에는,지청장 금년에는,1,0,0,0,0,0.0,미상,미상,미상,미상,미상
지하수개발공사사장장춘권,지하수개발공사사장 장춘권,1,0,0,0,0,0.0,미상,미상,미상,미상,미상
직속기관장,직속기관장,1,0,0,0,0,0.0,미상,미상,미상,미상,미상
질문요지서,질문요지서,1,0,0,0,0,0.0,미상,미상,미상,미상,미상
질의서와답변서,질의서와 답변서,1,0,0,0,0,0.0,미상,미상,미상,미상,미상
차관이한빈,차관 이한빈,1,0,0,0,0,0.0,미상,미상,미상,미상,미상
차장charts에,차장 charts에,1,0,0,0,0,0.0,미상,미상,미상,미상,미상
차장개정골자,차장 개정골자,1,0,0,0,0,0.0,미상,미상,미상,미상,미상
차장설명,차장 설명,1,0,0,0,0,0.0,미상,미상,미상,미상,미상
차장지부에서는,차장 지부에서는,1,0,0,0,0,0.0,미상,미상,미상,미상,미상
차지철의원(계속),차지철 의원(계속),1,0,0,0,0,0.0,민주공화당,미상,남,4선,전국구
참고인김기두,참고인 김기두,1,0,0,0,0,0.0,미상,미상,미상,미상,미상
참고인김인수,참고인 김인수,1,0,0,0,0,0.0,미상,미상,미상,미상,미상
참고인박원호,참고인 박원호,1,0,0,0,0,0.0,미상,미상,미상,미상,미상
참고인박춘성,참고인 박춘성,1,0,0,0,0,0.0,미상,미상,미상,미상,미상
참고인이점분,참고인 이점분,1,0,0,0,0,0.0,미상,미상,미상,미상,미상
참고인이정우,참고인 이정우,1,0,0,0,0,0.0,미상,미상,미상,미상,미상
참고인최현배,참고인 최현배,1,0,0,0,0,0.0,미상,미상,미상,미상,미상
채명신의원,채명신 의원,1,0,0,0,0,0.0,미상,미상,미상,미상,미상
철도기획관리관윤종혁,철도기획관리관 윤종혁,1,0,0,0,0,0.0,미상,미상,미상,미상,미상
철도청감사관정봉수,철도청감사관 정봉수,1,0,0,0,0,0.0,미상,미상,미상,미상,미상
철도청기술연구소소장이태원,철도청기술연구소소장 이태원,1,0,0,0,0,0.0,미상,미상,미상,미상,미상
철도청기획관리실장이진구,철도청기획관리실장 이진구,1,0,0,0,0,0.0,미상,미상,미상,미상,미상
철도청기획담당관김웅세,철도청기획담당관 김웅세,1,0,0,0,0,0.0,미상,미상,미상,미상,미상
철도청자재국구매과장지창훈,철도청자재국구매과장 지창훈,1,0,0,0,0,0.0,미상,미상,미상,미상,미상
철도청장오용운,철도청장 오용운,1,0,0,0,0,0.0,미상,미상,미상,미상,미상
청안,청안,1,0,0,0,0,0.0,미상,미상,미상,미상,미상
청원자김용대,청원자 김용대,1,0,0,0,0,0.0,미상,미상,미상,미상,미상
청원자김주성,청원자 김주성,1,0,0,0,0,0.0,미상,미상,미상,미상,미상
청원자정원희,청원자 정원희,1,0,0,0,0,0.0,미상,미상,미상,미상,미상
청원처리결과보고,청원처리결과보고,1,0,0,0,0,0.0,미상,미상,미상,미상,미상
청장4600만,청장 4600만,1,0,0,0,0,0.0,미상,미상,미상,미상,미상
청장‘구로다민산,청장 ‘구로다민산,1,0,0,0,0,0.0,미상,미상,미상,미상,미상
청장공장은,청장 공장은,1,0,0,0,0,0.0,미상,미상,미상,미상,미상
청장기각한,청장 기각한,1,0,0,0,0,0.0,미상,미상,미상,미상,미상
청장내드리겠습니다.,청장 내드리겠습니다.,1,0,0,0,0,0.0,미상,미상,미상,미상,미상
청장다음이,청장 다음이,1,0,0,0,0,0.0,미상,미상,미상,미상,미상
청장대납할,청장 대납할,1,0,0,0,0,0.0,미상,미상,미상,미상,미상
청장도시,청장 도시,1,0,0,0,0,0.0,미상,미상,미상,미상,미상
청장도시중심지는,청장 도시중심지는,1,0,0,0,0,0.0,미상,미상,미상,미상,미상
청장알겠습니다.,청장 알겠습니다.,1,0,0,0,0,0.0,미상,미상,미상,미상,미상
청장약,청장 약,1,0,0,0,0,0.0,미상,미상,미상,미상,미상
청장을종근로소득세는,청장 을종근로소득세는,1,0,0,0,0,0.0,미상,미상,미상,미상,미상
청장작년보다도,청장 작년보다도,1,0,0,0,0,0.0,미상,미상,미상,미상,미상
청장저희,청장 저희,1,0,0,0,0,0.0,미상,미상,미상,미상,미상
청장제일,청장 제일,1,0,0,0,0,0.0,미상,미상,미상,미상,미상
청장행정,청장 행정,1,0,0,0,0,0.0,미상,미상,미상,미상,미상
청장현재,청장 현재,1,0,0,0,0,0.0,미상,미상,미상,미상,미상
청장회사운영상태가,청장 회사운영상태가,1,0,0,0,0,0.0,미상,미상,미상,미상,미상
청주지방법원총무과장남기정,청주지방법원총무과장 남기정,1,0,0,0,0,0.0,미상,미상,미상,미상,미상
체신부공무국장안동열,체신부공무국장 안동열,1,0,0,0,0,0.0,미상,미상,미상,미상,미상
체신부공무국장최준식,체신부공무국장 최준식,1,0,0,0,0,0.0,미상,미상,미상,미상,미상
체신부공부국장안동렬,체신부공부국장 안동렬,1,0,0,0,0,0.0,미상,미상,미상,미상,미상
체신부기관리실장노원식,체신부기관리실장 노원식,1,0,0,0,0,0.0,미상,미상,미상,미상,미상
체신부기획예산담당관황도연,체신부기획예산담당관 황도연,1,0,0,0,0,0.0,미상,미상,미상,미상,미상
체신부우정국장백오현,체신부우정국장 백오현,1,0,0,0,0,0.0,미상,미상,미상,미상,미상
체신부장관국가적,체신부장관 국가적,1,0,0,0,0,0.0,미상,미상,미상,미상,미상
체신부장관우편관서에,체신부장관 우편관서에,1,0,0,0,0,0.0,미상,미상,미상,미상,미상
체신부장관장승태,체신부장관 장승태,1,0,0,0,0,0.0,민주공화당,"강원 영월,평창,정선군",남,4선,지역구
체신부장관정부의,체신부장관 정부의,1,0,0,0,0,0.0,미상,미상,미상,미상,미상
체신부장관제안이유,체신부장관 제안이유,1,0,0,0,0,0.0,미상,미상,미상,미상,미상
체신부전기통신연구소장신용철,체신부전기통신연구소장 신용철,1,0,0,0,0,0.0,미상,미상,미상,미상,미상
체신부차관영세민으로부터,체신부차관 영세민으로부터,1,0,0,0,0,0.0,미상,미상,미상,미상,미상
체신부차관전신주를,체신부차관 전신주를,1,0,0,0,0,0.0,미상,미상,미상,미상,미상
체신부차관제안이유,체신부차관 제안이유,1,0,0,0,0,0.0,미상,미상,미상,미상,미상
체신차관제안이유,체신차관 제안이유,1,0,0,0,0,0.0,미상,미상,미상,미상,미상
총무과장감찰위원회법의,총무과장 감찰위원회법의,1,0,0,0,0,0.0,미상,미상,미상,미상,미상
총무과장견본에,총무과장 견본에,1,0,0,0,0,0.0,미상,미상,미상,미상,미상
총무과장정규복,총무과장 정규복,1,0,0,0,0,0.0,미상,미상,미상,미상,미상
총무과장중앙에서,총무과장 중앙에서,1,0,0,0,0,0.0,미상,미상,미상,미상,미상
총무국장계획설명.,총무국장 계획설명.,1,0,0,0,0,0.0,미상,미상,미상,미상,미상
총무국장공적,총무국장 공적,1,0,0,0,0,0.0,미상,미상,미상,미상,미상
총무국장공적사항,총무국장 공적사항,1,0,0,0,0,0.0,미상,미상,미상,미상,미상
총무국장관용차량,총무국장 관용차량,1,0,0,0,0,0.0,미상,미상,미상,미상,미상
총무국장기는,총무국장 기는,1,0,0,0,0,0.0,미상,미상,미상,미상,미상
총무국장서훈계획.,총무국장 서훈계획.,1,0,0,0,0,0.0,미상,미상,미상,미상,미상
총무국장연도환영계획,총무국장 연도환영계획,1,0,0,0,0,0.0,미상,미상,미상,미상,미상
총무국장예산상에는,총무국장 예산상에는,1,0,0,0,0,0.0,미상,미상,미상,미상,미상
총무국장의장,총무국장 의장,1,0,0,0,0,0.0,미상,미상,미상,미상,미상
총무처기획관리관노헌호,총무처기획관리관 노헌호,1,0,0,0,0,0.0,미상,미상,미상,미상,미상
총무처장3월말까지,총무처장 3월말까지,1,0,0,0,0,0.0,미상,미상,미상,미상,미상
총무처장국립서울대학,총무처장 국립서울대학,1,0,0,0,0,0.0,미상,미상,미상,미상,미상
총무처장기획위에서,총무처장 기획위에서,1,0,0,0,0,0.0,미상,미상,미상,미상,미상
총무처장법사위,총무처장 법사위,1,0,0,0,0,0.0,미상,미상,미상,미상,미상
총무처장본회의실에,총무처장 본회의실에,1,0,0,0,0,0.0,미상,미상,미상,미상,미상
총무처장브리핑을,총무처장 브리핑을,1,0,0,0,0,0.0,미상,미상,미상,미상,미상
총무처장사병은,총무처장 사병은,1,0,0,0,0,0.0,미상,미상,미상,미상,미상
총무처장새로,총무처장 새로,1,0,0,0,0,0.0,미상,미상,미상,미상,미상
총무처장이상으로,총무처장 이상으로,1,0,0,0,0,0.0,미상,미상,미상,미상,미상
총무처장자문,총무처장 자문,1,0,0,0,0,0.0,미상,미상,미상,미상,미상
총무처장참고로,총무처장 참고로,1,0,0,0,0,0.0,미상,미상,미상,미상,미상
총무처장총체적으로,총무처장 총체적으로,1,0,0,0,0,0.0,미상,미상,미상,미상,미상
총무처장최고의,총무처장 최고의,1,0,0,0,0,0.0,미상,미상,미상,미상,미상
총무처장최고회의,총무처장 최고회의,1,0,0,0,0,0.0,미상,미상,미상,미상,미상
총무처장최고회의에는,총무처장 최고회의에는,1,0,0,0,0,0.0,미상,미상,미상,미상,미상
총무처장타자수는,총무처장 타자수는,1,0,0,0,0,0.0,미상,미상,미상,미상,미상
총무처장회의,총무처장 회의,1,0,0,0,0,0.0,미상,미상,미상,미상,미상
총무처중앙교육원장정세웅,총무처중앙교육원장 정세웅,1,0,0,0,0,0.0,미상,미상,미상,미상,미상
총무처행정개혁조사위원회부위원장배덕진,총무처행정개혁조사위원회부위원장 배덕진,1,0,0,0,0,0.0,미상,미상,미상,미상,미상
최고위원오정근,최고위원 오정근,1,0,0,0,0,0.0,미상,미상,미상,미상,미상
최고위원이주일,최고위원 이주일,1,0,0,0,0,0.0,미상,미상,미상,미상,미상
최고위원홍종철,최고위원 홍종철,1,0,0,0,0,0.0,미상,미상,미상,미상,미상
최병련사무총국의,최병련 사무총국의,1,0,0,0,0,0.0,미상,미상,미상,미상,미상
최재호상공부측에서,최재호 상공부측에서,1,0,0,0,0,0.0,미상,미상,미상,미상,미상
최진기외국위전문위원,최진기 외국위전문위원,1,0,0,0,0,0.0,미상,미상,미상,미상,미상
춘천교도소장박래영,춘천교도소장 박래영,1,0,0,0,0,0.0,미상,미상,미상,미상,미상
춘천지방법원사무국장구본중,춘천지방법원사무국장 구본중,1,0,0,0,0,0.0,미상,미상,미상,미상,미상
출석감사위원(10명),출석 감사위원(10명),1,0,0,0,0,0.0,미상,미상,미상,미상,미상
출석국무,출석 국무,1,0,0,0,0,0.0,미상,미상,미상,미상,미상
출석아닌,출석 아닌,1,0,0,0,0,0.0,미상,미상,미상,미상,미상
출석위원(16명),출석 위원(16명),1,0,0,0,0,0.0,미상,미상,미상,미상,미상
출석위원(1인),출석 위원(1인),1,0,0,0,0,0.0,미상,미상,미상,미상,미상
출석위원(29인),출석 위원(29인),1,0,0,0,0,0.0,미상,미상,미상,미상,미상
출석위원(7인,출석 위원(7인,1,0,0,0,0,0.0,미상,미상,미상,미상,미상
출석위원(8명),출석 위원(8명),1,0,0,0,0,0.0,미상,미상,미상,미상,미상
출석의원(15인),출석 의원(15인),1,0,0,0,0,0.0,미상,미상,미상,미상,미상
출석의원(18인),출석 의원(18인),1,0,0,0,0,0.0,미상,미상,미상,미상,미상
출석의원(19인),출석 의원(19인),1,0,0,0,0,0.0,미상,미상,미상,미상,미상
출석의원(27인),출석 의원(27인),1,0,0,0,0,0.0,미상,미상,미상,미상,미상
출석의원(9인),출석 의원(9인),1,0,0,0,0,0.0,미상,미상,미상,미상,미상
출석전문위원및,출석전문위원 및,1,0,0,0,0,0.0,미상,미상,미상,미상,미상
충북농촌진흥원장정용석,충북농촌진흥원장 정용석,1,0,0,0,0,0.0,미상,미상,미상,미상,미상
충주비료주식회사기술부장현,충주비료주식회사기술부장 현,1,0,0,0,0,0.0,미상,미상,미상,미상,미상
충주비료주식회사기획이사오관용,충주비료주식회사기획이사 오관용,1,0,0,0,0,0.0,미상,미상,미상,미상,미상
충청남도공보실장양한영,충청남도공보실장 양한영,1,0,0,0,0,0.0,미상,미상,미상,미상,미상
충청남도기획관리실장최재영,충청남도기획관리실장 최재영,1,0,0,0,0,0.0,미상,미상,미상,미상,미상
충청남도노동위원회사무국장정철모,충청남도노동위원회사무국장 정철모,1,0,0,0,0,0.0,미상,미상,미상,미상,미상
충청남도농림국장김용구,충청남도농림국장 김용구,1,0,0,0,0,0.0,미상,미상,미상,미상,미상
충청남도보건사회국장김용구,충청남도보건사회국장 김용구,1,0,0,0,0,0.0,미상,미상,미상,미상,미상
충청남도식산국장이재희,충청남도식산국장 이재희,1,0,0,0,0,0.0,미상,미상,미상,미상,미상
충청남도의정국장최종필,충청남도의정국장 최종필,1,0,0,0,0,0.0,미상,미상,미상,미상,미상
충청북도경찰국장박영호,충청북도경찰국장 박영호,1,0,0,0,0,0.0,미상,미상,미상,미상,미상
충청북도농산물검사소지소장강천득,충청북도농산물검사소지소장 강천득,1,0,0,0,0,0.0,미상,미상,미상,미상,미상
충청북도농업진흥공사지사장정용선,충청북도농업진흥공사지사장 정용선,1,0,0,0,0,0.0,미상,미상,미상,미상,미상
충청북도농업협동조합지부장허영택,충청북도농업협동조합지부장 허영택,1,0,0,0,0,0.0,미상,미상,미상,미상,미상
충청북도농촌진흥원장김달수,충청북도농촌진흥원장 김달수,1,0,0,0,0,0.0,무소속,충남 공주,남,재선,지역구
충청북도산림과장이강세,충청북도산림과장 이강세,1,0,0,0,0,0.0,미상,미상,미상,미상,미상
충청북도산림조합연합회지부장곽두열,충청북도산림조합연합회지부장 곽두열,1,0,0,0,0,0.0,미상,미상,미상,미상,미상
치안국장5월1일에,치안국장 5월1일에,1,0,0,0,0,0.0,미상,미상,미상,미상,미상
치안국장각의에는,치안국장 각의에는,1,0,0,0,0,0.0,미상,미상,미상,미상,미상
치안국장그렇게,치안국장 그렇게,1,0,0,0,0,0.0,미상,미상,미상,미상,미상
치안국장그렇습니다.,치안국장 그렇습니다.,1,0,0,0,0,0.0,미상,미상,미상,미상,미상
치안국장내무와,치안국장 내무와,1,0,0,0,0,0.0,미상,미상,미상,미상,미상
"치안국장도로작업,","치안국장 도로작업,",1,0,0,0,0,0.0,미상,미상,미상,미상,미상
치안국장법안골자,치안국장 법안골자,1,0,0,0,0,0.0,미상,미상,미상,미상,미상
치안국장설치법안,치안국장 설치법안,1,0,0,0,0,0.0,미상,미상,미상,미상,미상
치안국장실직자가,치안국장 실직자가,1,0,0,0,0,0.0,미상,미상,미상,미상,미상
치안국장약,치안국장 약,1,0,0,0,0,0.0,미상,미상,미상,미상,미상
치안국장영주는,치안국장 영주는,1,0,0,0,0,0.0,미상,미상,미상,미상,미상
치안국장위생적인,치안국장 위생적인,1,0,0,0,0,0.0,미상,미상,미상,미상,미상
치안국장이제,치안국장 이제,1,0,0,0,0,0.0,미상,미상,미상,미상,미상
치안국장전국,치안국장 전국,1,0,0,0,0,0.0,미상,미상,미상,미상,미상
치안국장풍기단속,치안국장 풍기단속,1,0,0,0,0,0.0,미상,미상,미상,미상,미상
치안국장현재로서,치안국장 현재로서,1,0,0,0,0,0.0,미상,미상,미상,미상,미상
치안국장현행법에,치안국장 현행법에,1,0,0,0,0,0.0,미상,미상,미상,미상,미상
태국대사장성환,태국대사 장성환,1,0,0,0,0,0.0,미상,미상,미상,미상,미상
토지개량조합연합중앙회장윤혁표,토지개량조합연합중앙회장 윤혁표,1,0,0,0,0,0.0,미상,미상,미상,미상,미상
토지개량조합연합회경기도지부장김용주,토지개량조합연합회경기도지부장 김용주,1,0,0,0,0,0.0,미상,미상,미상,미상,미상
토지매각대,토지매각대,1,0,0,0,0,0.0,미상,미상,미상,미상,미상
통신감본인은,통신감 본인은,1,0,0,0,0,0.0,미상,미상,미상,미상,미상
특허국장1.,특허국장 1.,1,0,0,0,0,0.0,미상,미상,미상,미상,미상
특허국장무채재산에,특허국장 무채재산에,1,0,0,0,0,0.0,미상,미상,미상,미상,미상
편수과장설인수,편수과장 설인수,1,0,0,0,0,0.0,미상,미상,미상,미상,미상
편수과장제안이유,편수과장 제안이유,1,0,0,0,0,0.0,미상,미상,미상,미상,미상
포에즈의원,포에즈 의원,1,0,0,0,0,0.0,미상,미상,미상,미상,미상
피감사기참석자,피감사기 참석자,1,0,0,0,0,0.0,미상,미상,미상,미상,미상
하대령,하 대령,1,0,0,0,0,0.0,미상,미상,미상,미상,미상
학교관리국장(계속,학교관리국장 (계속,1,0,0,0,0,0.0,미상,미상,미상,미상,미상
"학교관리국장52,000명에서","학교관리국장 52,000명에서",1,0,0,0,0,0.0,미상,미상,미상,미상,미상
"학교관리국장89,000명이","학교관리국장 89,000명이",1,0,0,0,0,0.0,미상,미상,미상,미상,미상
학무국장국립과학기술연구원입니다.,학무국장 국립과학기술연구원입니다.,1,0,0,0,0,0.0,미상,미상,미상,미상,미상
한국광업제련공사관리이사국정을,한국광업제련공사관리이사 국정을,1,0,0,0,0,0.0,미상,미상,미상,미상,미상
한국광업제련공사관리이사그,한국광업제련공사관리이사 그,1,0,0,0,0,0.0,미상,미상,미상,미상,미상
한국광업제련공사관리이사금년,한국광업제련공사관리이사 금년,1,0,0,0,0,0.0,미상,미상,미상,미상,미상
한국광업제련공사관리이사대한전선이,한국광업제련공사관리이사 대한전선이,1,0,0,0,0,0.0,미상,미상,미상,미상,미상
한국광업제련공사관리이사우리,한국광업제련공사관리이사 우리,1,0,0,0,0,0.0,미상,미상,미상,미상,미상
한국광업제련공사관리이사지금은,한국광업제련공사관리이사 지금은,1,0,0,0,0,0.0,미상,미상,미상,미상,미상
한국광업제련공사기술담당이사김승욱,한국광업제련공사기술담당이사 김승욱,1,0,0,0,0,0.0,미상,미상,미상,미상,미상
한국광업제련공사장항제련소차장박상혁,한국광업제련공사장항제련소차장 박상혁,1,0,0,0,0,0.0,미상,미상,미상,미상,미상
한국광업제련공사총무담당이사조인복,한국광업제련공사총무담당이사 조인복,1,0,0,0,0,0.0,미상,미상,미상,미상,미상
한국기계공업주식회사기획부장이정주,한국기계공업주식회사기획부장 이정주,1,0,0,0,0,0.0,미상,미상,미상,미상,미상
한국기계공업주식회사업무이사박윤서,한국기계공업주식회사업무이사 박윤서,1,0,0,0,0,0.0,미상,미상,미상,미상,미상
한국마사회총무이사이두남,한국마사회총무이사 이두남,1,0,0,0,0,0.0,미상,미상,미상,미상,미상
한국마사회회장김덕승,한국마사회회장 김덕승,1,0,0,0,0,0.0,미상,미상,미상,미상,미상
한국산업은행업무이사배민흥,한국산업은행업무이사 배민흥,1,0,0,0,0,0.0,미상,미상,미상,미상,미상
한국산업은행이사김희룡,한국산업은행이사 김희룡,1,0,0,0,0,0.0,미상,미상,미상,미상,미상
한국산업은행투자기획담당이사이종구,한국산업은행투자기획담당이사 이종구,1,0,0,0,0,0.0,미상,미상,미상,미상,미상
한국수산개발공사기획실장백운기,한국수산개발공사기획실장 백운기,1,0,0,0,0,0.0,미상,미상,미상,미상,미상
한국수산개발공사사장(현황,한국수산개발공사사장 (현황,1,0,0,0,0,0.0,미상,미상,미상,미상,미상
한국수자원개발공사공무담당이사김여택,한국수자원개발공사공무담당이사 김여택,1,0,0,0,0,0.0,미상,미상,미상,미상,미상
한국수자원개발공사기획관리부장김종학,한국수자원개발공사기획관리부장 김종학,1,0,0,0,0,0.0,미상,미상,미상,미상,미상
한국은행외환업무과장박봉삼,한국은행외환업무과장 박봉삼,1,0,0,0,0,0.0,미상,미상,미상,미상,미상
한국은행이사서병규,한국은행이사 서병규,1,0,0,0,0,0.0,미상,미상,미상,미상,미상
한국은행이사서정국,한국은행이사 서정국,1,0,0,0,0,0.0,미상,미상,미상,미상,미상
한국은행이사윤희수,한국은행이사 윤희수,1,0,0,0,0,0.0,미상,미상,미상,미상,미상
한국은행이사하영기,한국은행이사 하영기,1,0,0,0,0,0.0,미상,미상,미상,미상,미상
한국전력주식회사관리담당이사김종민,한국전력주식회사관리담당이사 김종민,1,0,0,0,0,0.0,미상,미상,미상,미상,미상
한국전력주식회사기획담당이사허순오,한국전력주식회사기획담당이사 허순오,1,0,0,0,0,0.0,미상,미상,미상,미상,미상
한국전력주식회사기획부장김종주,한국전력주식회사기획부장 김종주,1,0,0,0,0,0.0,미상,미상,미상,미상,미상
한국전력주식회사수석상무박용철,한국전력주식회사수석상무 박용철,1,0,0,0,0,0.0,미상,미상,미상,미상,미상
한국제련관리과장정선배,한국제련관리과장 정선배,1,0,0,0,0,0.0,미상,미상,미상,미상,미상
한국제련기획실박용남,한국제련기획실 박용남,1,0,0,0,0,0.0,미상,미상,미상,미상,미상
한국조폐공사이사주경효,한국조폐공사이사 주경효,1,0,0,0,0,0.0,미상,미상,미상,미상,미상
한국주택공사관리이사이원태,한국주택공사관리이사 이원태,1,0,0,0,0,0.0,미상,미상,미상,미상,미상
한국주택은행기획담당이사김재헌,한국주택은행기획담당이사 김재헌,1,0,0,0,0,0.0,미상,미상,미상,미상,미상
한국주택은행전무이사박시천,한국주택은행전무이사 박시천,1,0,0,0,0,0.0,미상,미상,미상,미상,미상
한국증권금융주식회사사장주기식,한국증권금융주식회사사장 주기식,1,0,0,0,0,0.0,미상,미상,미상,미상,미상
한국해양대학교교무과장홍영표,한국해양대학교교무과장 홍영표,1,0,0,0,0,0.0,미상,미상,미상,미상,미상
한규섭강제징수,한규섭 강제징수,1,0,0,0,0,0.0,미상,미상,미상,미상,미상
한규섭부정축재공무원,한규섭 부정축재공무원,1,0,0,0,0,0.0,미상,미상,미상,미상,미상
한규섭은행주는,한규섭 은행주는,1,0,0,0,0,0.0,미상,미상,미상,미상,미상
한규섭전주방적의,한규섭 전주방적의,1,0,0,0,0,0.0,미상,미상,미상,미상,미상
한규섭중령,한규섭 중령,1,0,0,0,0,0.0,미상,미상,미상,미상,미상
한단조폐공사이사주경효,한단조폐공사이사 주경효,1,0,0,0,0,0.0,미상,미상,미상,미상,미상
한당욱법이론에,한당욱 법이론에,1,0,0,0,0,0.0,미상,미상,미상,미상,미상
"한당욱숙명,","한당욱 숙명,",1,0,0,0,0,0.0,미상,미상,미상,미상,미상
한은총재10/100을,한은총재 10/100을,1,0,0,0,0,0.0,미상,미상,미상,미상,미상
한은총재개정,한은총재 개정,1,0,0,0,0,0.0,미상,미상,미상,미상,미상
한은총재민병수,한은총재 민병수,1,0,0,0,0,0.0,미상,미상,미상,미상,미상
한은총재약,한은총재 약,1,0,0,0,0,0.0,미상,미상,미상,미상,미상
한은총재외국에서도,한은총재 외국에서도,1,0,0,0,0,0.0,미상,미상,미상,미상,미상
한은총재외국환의,한은총재 외국환의,1,0,0,0,0,0.0,미상,미상,미상,미상,미상
한은총재외환의,한은총재 외환의,1,0,0,0,0,0.0,미상,미상,미상,미상,미상
한은총재원칙적으로,한은총재 원칙적으로,1,0,0,0,0,0.0,미상,미상,미상,미상,미상
한은총재이,한은총재 이,1,0,0,0,0,0.0,미상,미상,미상,미상,미상
한은총재임원의,한은총재 임원의,1,0,0,0,0,0.0,미상,미상,미상,미상,미상
한은총재할인해서,한은총재 할인해서,1,0,0,0,0,0.0,미상,미상,미상,미상,미상
한일협정비준동의안심사특별위원장민관식,한일협정비준동의안심사특별위원장 민관식,1,0,0,0,0,0.0,민주공화당,서울 동대문구갑,남,5선,지역구
"한중건꽁치,","한중건 꽁치,",1,0,0,0,0,0.0,미상,미상,미상,미상,미상
한중건전문,한중건 전문,1,0,0,0,0,0.0,미상,미상,미상,미상,미상
한중건전문위원,한중건 전문위원,1,0,0,0,0,0.0,미상,미상,미상,미상,미상
한태연교내는,한태연 교내는,1,0,0,0,0,0.0,미상,미상,미상,미상,미상
함덕용의원(계속),함덕용 의원(계속),1,0,0,0,0,0.0,신민당,미상,남,초선,전국구
합동참모본부작전정보국장손희선,합동참모본부작전정보국장 손희선,1,0,0,0,0,0.0,미상,미상,미상,미상,미상
합동참모본부장겸대간첩대책본부장김재명,합동참모본부장겸대간첩대책본부장 김재명,1,0,0,0,0,0.0,미상,미상,미상,미상,미상
합동참모회의본부장심흥선,합동참모회의본부장 심흥선,1,0,0,0,0,0.0,미상,미상,미상,미상,미상
합동참모회의의장심흥선,합동참모회의의장 심흥선,1,0,0,0,0,0.0,미상,미상,미상,미상,미상
해군관계담당관자연,해군관계담당관 자연,1,0,0,0,0,0.0,미상,미상,미상,미상,미상
해군관계담당관챠-트에,해군관계담당관 챠-트에,1,0,0,0,0,0.0,미상,미상,미상,미상,미상
해군참모차장김준태,해군참모차장 김준태,1,0,0,0,0,0.0,민주공화당,"경북 경산시,청도군",남,3선,지역구
해군참모차장장지수,해군참모차장 장지수,1,0,0,0,0,0.0,미상,미상,미상,미상,미상
해무국장자격을,해무국장 자격을,1,0,0,0,0,0.0,미상,미상,미상,미상,미상
해무국장정부안에,해무국장 정부안에,1,0,0,0,0,0.0,미상,미상,미상,미상,미상
해무국장현재,해무국장 현재,1,0,0,0,0,0.0,미상,미상,미상,미상,미상
해병대사령관고등군법회의의,해병대사령관 고등군법회의의,1,0,0,0,0,0.0,미상,미상,미상,미상,미상
해병대사령관해병대,해병대사령관 해병대,1,0,0,0,0,0.0,미상,미상,미상,미상,미상
해병대사령부부사령관윤영준,해병대사령부부사령관 윤영준,1,0,0,0,0,0.0,미상,미상,미상,미상,미상
해사행정특별심의위원회위원장신동식,해사행정특별심의위원회위원장 신동식,1,0,0,0,0,0.0,미상,미상,미상,미상,미상
해양경찰대대장신용관,해양경찰대대장 신용관,1,0,0,0,0,0.0,미상,미상,미상,미상,미상
해양경찰대장신용관,해양경찰대장 신용관,1,0,0,0,0,0.0,미상,미상,미상,미상,미상
해외공보관,해외공보관,1,0,0,0,0,0.0,미상,미상,미상,미상,미상
해외정세조사,해외정세 조사,1,0,0,0,0,0.0,미상,미상,미상,미상,미상
해운수로국장제안이유,해운수로국장 제안이유,1,0,0,0,0,0.0,미상,미상,미상,미상,미상
행정개혁위원회위원장박충훈,행정개혁위원회위원장 박충훈,1,0,0,0,0,0.0,미상,미상,미상,미상,미상
행정개혁조사위원장이형근,행정개혁조사위원장 이형근,1,0,0,0,0,0.0,미상,미상,미상,미상,미상
행정개혁조사위원회부위원장서정순,행정개혁조사위원회부위원장 서정순,1,0,0,0,0,0.0,미상,미상,미상,미상,미상
행정개혁조사위원회행정실장정승희,행정개혁조사위원회행정실장 정승희,1,0,0,0,0,0.0,미상,미상,미상,미상,미상
행정개혁조사위원회행정실장하영섭,행정개혁조사위원회행정실장 하영섭,1,0,0,0,0,0.0,미상,미상,미상,미상,미상
행정관리국장지난번,행정관리국장 지난번,1,0,0,0,0,0.0,미상,미상,미상,미상,미상
행정부이사관이필용,행정부이사관 이필용,1,0,0,0,0,0.0,미상,미상,미상,미상,미상
행정사무관장욱상,행정사무관 장욱상,1,0,0,0,0,0.0,미상,미상,미상,미상,미상
행정사무관조성창,행정사무관 조성창,1,0,0,0,0,0.0,미상,미상,미상,미상,미상
행정서기관김종수,행정서기관 김종수,1,0,0,0,0,0.0,미상,미상,미상,미상,미상
행정서기관백형익,행정서기관 백형익,1,0,0,0,0,0.0,미상,미상,미상,미상,미상
행정서기관유만형,행정서기관 유만형,1,0,0,0,0,0.0,미상,미상,미상,미상,미상
행정서기관이강려,행정서기관 이강려,1,0,0,0,0,0.0,미상,미상,미상,미상,미상
행정서기관이득규,행정서기관 이득규,1,0,0,0,0,0.0,미상,미상,미상,미상,미상
행정서기관이한용,행정서기관 이한용,1,0,0,0,0,0.0,미상,미상,미상,미상,미상
행정서기관한병일,행정서기관 한병일,1,0,0,0,0,0.0,미상,미상,미상,미상,미상
행정서기관황영관,행정서기관 황영관,1,0,0,0,0,0.0,미상,미상,미상,미상,미상
행정이사관허준,행정이사관 허준,1,0,0,0,0,0.0,미상,미상,미상,미상,미상
행정주사홍형련,행정주사 홍형련,1,0,0,0,0,0.0,미상,미상,미상,미상,미상
행정처장강경지원에서,행정처장 강경지원에서,1,0,0,0,0,0.0,미상,미상,미상,미상,미상
행정처장다음,행정처장 다음,1,0,0,0,0,0.0,미상,미상,미상,미상,미상
행정처장명년,행정처장 명년,1,0,0,0,0,0.0,미상,미상,미상,미상,미상
행정처장변호사,행정처장 변호사,1,0,0,0,0,0.0,미상,미상,미상,미상,미상
행정처장병종임.,행정처장 병종임.,1,0,0,0,0,0.0,미상,미상,미상,미상,미상
행정처장이번,행정처장 이번,1,0,0,0,0,0.0,미상,미상,미상,미상,미상
행정처장잘,행정처장 잘,1,0,0,0,0,0.0,미상,미상,미상,미상,미상
행정처장지난,행정처장 지난,1,0,0,0,0,0.0,미상,미상,미상,미상,미상
헌병감17CID와,헌병감 17CID와,1,0,0,0,0,0.0,미상,미상,미상,미상,미상
헌병감5·16,헌병감 5·16,1,0,0,0,0,0.0,미상,미상,미상,미상,미상
헌병감군수참모부장으로부터,헌병감 군수참모부장으로부터,1,0,0,0,0,0.0,미상,미상,미상,미상,미상
헌병감금년,헌병감 금년,1,0,0,0,0,0.0,미상,미상,미상,미상,미상
헌병감내,헌병감 내,1,0,0,0,0,0.0,미상,미상,미상,미상,미상
헌병감담당은,헌병감 담당은,1,0,0,0,0,0.0,미상,미상,미상,미상,미상
헌병감사불에도,헌병감 사불에도,1,0,0,0,0,0.0,미상,미상,미상,미상,미상
헌병감송치되어,헌병감 송치되어,1,0,0,0,0,0.0,미상,미상,미상,미상,미상
헌병감중요한,헌병감 중요한,1,0,0,0,0,0.0,미상,미상,미상,미상,미상
현정주의원,현정주 의원,1,0,0,0,0,0.0,민주공화당,미상,남,초선,전국구
호남비료공장파견관,호남비료공장 파견관,1,0,0,0,0,0.0,미상,미상,미상,미상,미상
호남비료주식회사관리부장이일호,호남비료주식회사관리부장 이일호,1,0,0,0,0,0.0,미상,미상,미상,미상,미상
호남비료주식회사부사장문종두,호남비료주식회사부사장 문종두,1,0,0,0,0,0.0,미상,미상,미상,미상,미상
호주연방하원의장윌리암,호주연방하원의장 윌리암,1,0,0,0,0,0.0,미상,미상,미상,미상,미상
홍전문위원제안이유,홍전문위원 제안이유,1,0,0,0,0,0.0,미상,미상,미상,미상,미상
환수관리위원회사무국장제11조나,환수관리위원회사무국장 제11조나,1,0,0,0,0,0.0,미상,미상,미상,미상,미상
황명수의원,황명수 의원,1,0,0,0,0,0.0,신민당,"충남 천안시,아산,천원군",남,4선,지역구
회부한의안,회부한 의안,1,0,0,0,0,0.0,미상,미상,미상,미상,미상
